   0.0000000000000000        0.0000000000000000     
  0.10000000149011612       0.10000000149011612     
  0.20000000298023224       0.20100000302493570     
  0.30000000447034836       0.30504010469685638     
  0.40000000596046448       0.41434505287297391     
  0.50000000745058060       0.53151323690294661     
  0.60000000894069672       0.65976387091433475     
  0.70000001043081284       0.80329270958946775     
  0.80000001192092896       0.96782062976908367     
  0.90000001341104507        1.1614883097956195     
   1.0000000149011612        1.3963938226751729     
   1.1000000163912773        1.6913853978714282     
   1.2000000178813934        2.0774638600377142     
   1.3000000193715096        2.6090494769352368     
   1.4000000208616257        3.3897634058783841     
   1.5000000223517418        4.6388130192738952     
