   0.0000000000000000        0.0000000000000000     
   9.9999997764825821E-003   9.9999997764825821E-003
   1.9999999552965164E-002   2.0000999552898108E-002
   2.9999999329447746E-002   3.0004999729122423E-002
   3.9999999105930328E-002   4.0014002505491218E-002
   4.9999998882412910E-002   5.0030013485581018E-002
   5.9999998658895493E-002   6.0055043283997814E-002
   6.9999998435378075E-002   7.0091109141912689E-002
   7.9999998211860657E-002   8.0140236553104621E-002
   8.9999997988343239E-002   9.0204460903299546E-002
   9.9999997764825821E-002  0.10028582912563196     
  0.10999999754130840       0.11038640137510072     
  0.11999999731779099       0.12050825272494516     
  0.12999999709427357       0.13065347488792994     
  0.13999999687075615       0.14082417796559993     
  0.14999999664723873       0.15102249222864669     
  0.15999999642372131       0.16125056993162085     
  0.16999999620020390       0.17151058716532430     
  0.17999999597668648       0.18180474575032987     
  0.18999999575316906       0.19213527517519796     
  0.19999999552965164       0.20250443458309567     
  0.20999999530613422       0.21291451481067042     
  0.21999999508261681       0.22336784048319100     
  0.22999999485909939       0.23386677217014282     
  0.23999999463558197       0.24441370860565323     
  0.24999999441206455       0.25501108897832703     
  0.25999999418854713       0.26566139529529326     
  0.26999999396502972       0.27636715482550328     
  0.27999999374151230       0.28713094262757732     
  0.28999999351799488       0.29795538416777423     
  0.29999999329447746       0.30884315803395918     
  0.30999999307096004       0.31979699875176565     
  0.31999999284744263       0.33081969970949543     
  0.32999999262392521       0.34191411619867468     
  0.33999999240040779       0.35308316857758609     
  0.34999999217689037       0.36432984556553116     
  0.35999999195337296       0.37565720767604294     
  0.36999999172985554       0.38706839079777272     
  0.37999999150633812       0.39856660993231524     
  0.38999999128282070       0.41015516309882027     
  0.39999999105930328       0.42183743541586732     
  0.40999999083578587       0.43361690337175807     
  0.41999999061226845       0.44549713929511120     
  0.42999999038875103       0.45748181603843407     
  0.43999999016523361       0.46957471188819500     
  0.44999998994171619       0.48177971571584072     
  0.45999998971819878       0.49410083238519464     
  0.46999998949468136       0.50654218843274612     
  0.47999998927116394       0.51910803803849981     
  0.48999998904764652       0.53180276930631221     
  0.49999998882412910       0.54463091087399951     
  0.50999998860061169       0.55759713887497619     
  0.51999998837709427       0.57070628427477954     
  0.52999998815357685       0.58396334060756849     
  0.53999998793005943       0.59737347213956415     
  0.54999998770654202       0.61094202248844420     
  0.55999998748302460       0.62467452372992160     
  0.56999998725950718       0.63857670602515570     
  0.57999998703598976       0.65265450780527168     
  0.58999998681247234       0.66691408655213069     
  0.59999998658895493       0.68136183021761509     
  0.60999998636543751       0.69600436932710386     
  0.61999998614192009       0.71084858981653387     
  0.62999998591840267       0.72590164665651336     
  0.63999998569488525       0.74117097832140355     
  0.64999998547136784       0.75666432216615942     
  0.65999998524785042       0.77238973077906092     
  0.66999998502433300       0.78835558938432571     
  0.67999998480081558       0.80457063437502629     
  0.68999998457729816       0.82104397306380483     
  0.69999998435378075       0.83778510474665535     
  0.70999998413026333       0.85480394318360831     
  0.71999998390674591       0.87211084060959143     
  0.72999998368322849       0.88971661339915942     
  0.73999998345971107       0.90763256952029125     
  0.74999998323619366       0.92587053792518093     
  0.75999998301267624       0.94444290004003495     
  0.76999998278915882       0.96336262353150648     
  0.77999998256564140       0.98264329854472487     
  0.78999998234212399        1.0022991766271303     
  0.79999998211860657        1.0223452125737407     
  0.80999998189508915        1.0427971094533297     
  0.81999998167157173        1.0636713671015958     
  0.82999998144805431        1.0849853343971092     
  0.83999998122453690        1.1067572656690368     
  0.84999998100101948        1.1290063816228422     
  0.85999998077750206        1.1517529352118681     
  0.86999998055398464        1.1750182829295386     
  0.87999998033046722        1.1988249620496045     
  0.88999998010694981        1.2231967744011845     
  0.89999997988343239        1.2481588773322927     
  0.90999997965991497        1.2737378825911914     
  0.91999997943639755        1.2999619639405164     
  0.92999997921288013        1.3268609744161974     
  0.93999997898936272        1.3544665742534512     
  0.94999997876584530        1.3828123706275721     
  0.95999997854232788        1.4119340705002579     
  0.96999997831881046        1.4418696480255397     
  0.97999997809529305        1.4726595281563053     
  0.98999997787177563        1.5043467883067354     
  0.99999997764825821        1.5369773801722728     
   1.0099999774247408        1.5706003740923526     
   1.0199999772012234        1.6052682286684561     
   1.0299999769777060        1.6410370887286834     
   1.0399999767541885        1.6779671151690640     
   1.0499999765306711        1.7161228507121047     
   1.0599999763071537        1.7555736262176735     
   1.0699999760836363        1.7963940128759774     
   1.0799999758601189        1.8386643264261289     
   1.0899999756366014        1.8824711904996896     
   1.0999999754130840        1.9279081673147072     
   1.1099999751895666        1.9750764652764010     
   1.1199999749660492        2.0240857346178456     
   1.1299999747425318        2.0750549640894294     
   1.1399999745190144        2.1281134939434008     
   1.1499999742954969        2.1834021631386427     
   1.1599999740719795        2.2410746119095482     
   1.1699999738484621        2.3012987647248888     
   1.1799999736249447        2.3642585233628717     
   1.1899999734014273        2.4301557055428948     
   1.1999999731779099        2.4992122715311873     
   1.2099999729543924        2.5716728896932870     
   1.2199999727308750        2.6478079025073709     
   1.2299999725073576        2.7279167676026028     
   1.2399999722838402        2.8123320646254482     
   1.2499999720603228        2.9014241790512885     
   1.2599999718368053        2.9956067996139772     
   1.2699999716132879        3.0953433983636254     
   1.2799999713897705        3.2011549035364868     
   1.2899999711662531        3.3136288281868556     
   1.2999999709427357        3.4334301856189966     
   1.3099999707192183        3.5613146111557539     
   1.3199999704957008        3.6981442256936883     
   1.3299999702721834        3.8449069295536020     
   1.3399999700486660        4.0027400189950502     
   1.3499999698251486        4.1729592917869978     
   1.3599999696016312        4.3570951801803544     
   1.3699999693781137        4.5569379598050288     
   1.3799999691545963        4.7745947906351400     
   1.3899999689310789        5.0125623394637531     
   1.3999999687075615        5.2738201456942893     
   1.4099999684840441        5.5619519285453514     
   1.4199999682605267        5.8813050139617467     
   1.4299999680370092        6.2372024926793337     
   1.4399999678134918        6.6362294331072391     
   1.4499999675899744        7.0866248339285054     
   1.4599999673664570        7.5988273378484088     
   1.4699999671429396        8.1862490938228323     
   1.4799999669194221        8.8663958208815199     
   1.4899999666959047        9.6625255516120863     
   1.4999999664723873        10.606169530875563     
   1.5099999662488699        11.741077826685117     
   1.5199999660253525        13.129606880971844     
   1.5299999658018351        14.863472610705555     
   1.5399999655783176        17.082700741593882     
