   0.0000000000000000        0.0000000000000000     
   1.0000000000000000E-002   1.0000333345833907E-002
   2.0000000000000000E-002   2.0002667091736714E-002
   2.9999999999999999E-002   3.0009003238684655E-002
   4.0000000000000001E-002   4.0021346992191377E-002
   5.0000000000000003E-002   5.0041708371392886E-002
   6.0000000000000005E-002   6.0072103826334260E-002
   7.0000000000000007E-002   7.0114557866229360E-002
   8.0000000000000002E-002   8.0171104701496895E-002
   8.9999999999999997E-002   9.0243789902416743E-002
   9.9999999999999992E-002  0.10033467207729931     
  0.10999999999999999       0.11044582457311852     
  0.11999999999999998       0.12057933720162571     
  0.12999999999999998       0.13073731799403729     
  0.13999999999999999       0.14092189498747532     
  0.14999999999999999       0.15113521804643498     
  0.16000000000000000       0.16137946072265955     
  0.17000000000000001       0.17165682215692024     
  0.18000000000000002       0.18196952902632677     
  0.19000000000000003       0.19231983754093535     
  0.20000000000000004       0.20271003549357416     
  0.21000000000000005       0.21314244436697316     
  0.22000000000000006       0.22361942150246658     
  0.23000000000000007       0.23414336233473299     
  0.24000000000000007       0.24471670269725038     
  0.25000000000000006       0.25534192120337385     
  0.26000000000000006       0.26602154170819170     
  0.27000000000000007       0.27675813585658443     
  0.28000000000000008       0.28755432572319933     
  0.29000000000000009       0.29841278655036629     
  0.30000000000000010       0.30933624959031597     
  0.31000000000000011       0.32032750505842361     
  0.32000000000000012       0.33138940520459215     
  0.33000000000000013       0.34252486751030875     
  0.34000000000000014       0.35373687801936182     
  0.35000000000000014       0.36502849481069360     
  0.36000000000000015       0.37640285162238935     
  0.37000000000000016       0.38786316163637180     
  0.38000000000000017       0.39941272143398004     
  0.39000000000000018       0.41105491513327247     
  0.40000000000000019       0.42279321871960412     
  0.41000000000000020       0.43463120458179766     
  0.42000000000000021       0.44657254626705567     
  0.43000000000000022       0.45862102346865924     
  0.44000000000000022       0.47078052726146502     
  0.45000000000000023       0.48305506560126155     
  0.46000000000000024       0.49544876910517843     
  0.47000000000000025       0.50796589713156903     
  0.48000000000000026       0.52061084417911696     
  0.49000000000000027       0.53338814662635781     
  0.50000000000000022       0.54630248983436958     
  0.51000000000000023       0.55935871563708339     
  0.52000000000000024       0.57256183024550700     
  0.53000000000000025       0.58591701259415807     
  0.54000000000000026       0.59942962316018078     
  0.55000000000000027       0.61310521328799306     
  0.56000000000000028       0.62694953505489215     
  0.57000000000000028       0.64096855171586442     
  0.58000000000000029       0.65516844876891733     
  0.59000000000000030       0.66955564568560599     
  0.60000000000000031       0.68413680835509449     
  0.61000000000000032       0.69891886229410316     
  0.62000000000000033       0.71390900667948298     
  0.63000000000000034       0.72911472926497234     
  0.64000000000000035       0.74454382224896676     
  0.65000000000000036       0.76020439916592708     
  0.66000000000000036       0.77610491288042005     
  0.67000000000000037       0.79225417476978588     
  0.68000000000000038       0.80866137518914294     
  0.69000000000000039       0.82533610532093593     
  0.70000000000000040       0.84228838052061705     
  0.71000000000000041       0.85952866528040606     
  0.72000000000000042       0.87706789994453538     
  0.73000000000000043       0.89491752932206614     
  0.74000000000000044       0.91308953335742260     
  0.75000000000000044       0.93159646003438734     
  0.76000000000000045       0.95045146070663589     
  0.77000000000000046       0.96966832806716474     
  0.78000000000000047       0.98926153699044350     
  0.79000000000000048        1.0092462885050710     
  0.80000000000000049        1.0296385571814615     
  0.81000000000000050        1.0504551422489961     
  0.82000000000000051        1.0717137227905764     
  0.83000000000000052        1.0934329174000770     
  0.84000000000000052        1.1156323487303907     
  0.85000000000000053        1.1383327134072232     
  0.86000000000000054        1.1615558578372589     
  0.87000000000000055        1.1853248604996685     
  0.88000000000000056        1.2096641213781185     
  0.89000000000000057        1.2345994592676683     
  0.90000000000000058        1.2601582177785109     
  0.91000000000000059        1.2863693809580214     
  0.92000000000000060        1.3132636995658451     
  0.93000000000000060        1.3408738291659239     
  0.94000000000000061        1.3692344813469746     
  0.95000000000000062        1.3983825895519282     
  0.96000000000000063        1.4283574911907515     
  0.97000000000000064        1.4592011279340216     
  0.98000000000000065        1.4909582663415479     
  0.99000000000000066        1.5236767412770629     
   1.0000000000000007        1.5574077249035221     
   1.0100000000000007        1.5922060244522032     
   1.0200000000000007        1.6281304124225766     
   1.0300000000000007        1.6652439934108980     
   1.0400000000000007        1.7036146123981619     
   1.0500000000000007        1.7433153100700958     
   1.0600000000000007        1.7844248316146498     
   1.0700000000000007        1.8270281964720634     
   1.0800000000000007        1.8712173377310282     
   1.0900000000000007        1.9170918213109820     
   1.1000000000000008        1.9647596567936054     
   1.1100000000000008        2.0143382138261661     
   1.1200000000000008        2.0659552604901128     
   1.1300000000000008        2.1197501430035550     
   1.1400000000000008        2.1758751297230550     
   1.1500000000000008        2.2344969467762472     
   1.1600000000000008        2.2957985379794361     
   1.1700000000000008        2.3599810882121575     
   1.1800000000000008        2.4272663574395987     
   1.1900000000000008        2.4978993824878999     
   1.2000000000000008        2.5721516159978619     
   1.2100000000000009        2.6503245873764136     
   1.2200000000000009        2.7327541899084351     
   1.2300000000000009        2.8198157226430762     
   1.2400000000000009        2.9119298467727961     
   1.2500000000000009        3.0095696560537264     
   1.2600000000000009        3.1132691121803324     
   1.2700000000000009        3.2236331627602199     
   1.2800000000000009        3.3413499469212193     
   1.2900000000000009        3.4672056089778813     
   1.3000000000000009        3.6021023943312738     
   1.3100000000000009        3.7470809085800267     
   1.3200000000000010        3.9033477018373710     
   1.3300000000000010        4.0723097262979309     
   1.3400000000000010        4.2556177516875637     
   1.3500000000000010        4.4552215785396418     
   1.3600000000000010        4.6734409670299790     
   1.3700000000000010        4.9130577599679359     
   1.3800000000000010        5.1774369756689413     
   1.3900000000000010        5.4706880870493153     
   1.4000000000000010        5.7978829568769683     
   1.4100000000000010        6.1653550931496062     
   1.4200000000000010        6.5811179729349050     
   1.4300000000000010        7.0554616308803091     
   1.4400000000000011        7.6018229139395244     
   1.4500000000000011        8.2380879826320683     
   1.4600000000000011        8.9886001341650079     
   1.4700000000000011        9.8873627384989167     
   1.4800000000000011        10.983358578020539     
   1.4900000000000011        12.349818933232960     
   1.5000000000000011        14.101346894640949     
   1.5100000000000011        16.427935029910742     
   1.5200000000000011        19.669144957686999     
   1.5300000000000011        24.497283384915612     
   1.5400000000000011        32.456722497758697     
