                  100   26.895985936725182       -7.8104490135375144     
                  200   30.976572636102183       -11.891035712914515     
                  300   29.438973853333831       -10.353436930146163     
                  400   30.791218263593475       -11.705681340405807     
                  500   31.401658221713006       -12.316121298525339     
                  600   30.910824908064868       -11.825287984877200     
                  700   32.522449958922344       -13.436913035734676     
                  800   32.752456399045620       -13.666919475857952     
                  900   31.979982914280395       -12.894445991092727     
                 1000   32.486358024054091       -13.400821100866423     
                 1100   32.880961880369206       -13.795424957181538     
                 1200   33.894598742784723       -14.809061819597055     
                 1300   33.518552656575181       -14.433015733387514     
                 1400   33.588244374357060       -14.502707451169393     
                 1500   33.613437588783064       -14.527900665595396     
                 1600   33.688927401346611       -14.603390478158943     
                 1700   33.645762846781473       -14.560225923593805     
                 1800   33.742053563320397       -14.656516640132729     
                 1900   33.641039318591211       -14.555502395403543     
                 2000   33.648191527617271       -14.562654604429603     
                 2100   33.494850897203335       -14.409313974015667     
                 2200   33.590247462185097       -14.504710538997429     
                 2300   33.191744982964870       -14.106208059777202     
                 2400   33.096214320074509       -14.010677396886841     
                 2500   32.803463324680983       -13.717926401493315     
                 2600   32.879729271484813       -13.794192348297145     
                 2700   32.734724753338135       -13.649187830150467     
                 2800   32.710794013433471       -13.625257090245803     
                 2900   32.711582224203440       -13.626045301015772     
                 3000   32.869049768469210       -13.783512845281543     
                 3100   32.782517449131959       -13.696980525944291     
                 3200   32.728330696945676       -13.642793773758008     
                 3300   32.868309646340869       -13.782772723153201     
                 3400   32.823984879045433       -13.738447955857765     
                 3500   33.027182633759082       -13.941645710571414     
                 3600   33.021983264180349       -13.936446340992681     
                 3700   32.957865962466137       -13.872329039278469     
                 3800   32.936739989461060       -13.851203066273392     
                 3900   33.106151418980808       -14.020614495793140     
                 4000   33.202179173512619       -14.116642250324951     
                 4100   33.070513505453228       -13.984976582265560     
                 4200   33.134619721781164       -14.049082798593496     
                 4300   33.002639613032045       -13.917102689844377     
                 4400   32.842847127209751       -13.757310204022083     
                 4500   32.948440363711477       -13.862903440523809     
                 4600   32.856916327450300       -13.771379404262632     
                 4700   32.735011603639109       -13.649474680451441     
                 4800   32.641471395049649       -13.555934471861981     
                 4900   32.456752519228928       -13.371215596041260     
                 5000   32.494943142974975       -13.409406219787307     
                 5100   32.578306195102023       -13.492769271914355     
                 5200   32.632722578215699       -13.547185655028031     
                 5300   32.613888118953255       -13.528351195765588     
                 5400   32.572529529536226       -13.486992606348558     
                 5500   32.420966868089607       -13.335429944901939     
                 5600   32.335038926104360       -13.249502002916692     
                 5700   32.320813739564947       -13.235276816377279     
                 5800   32.316092600102024       -13.230555676914356     
                 5900   32.441829521732501       -13.356292598544833     
                 6000   32.500670643222719       -13.415133720035051     
                 6100   32.372728778518727       -13.287191855331059     
                 6200   32.441662171883969       -13.356125248696301     
                 6300   32.405201822539944       -13.319664899352276     
                 6400   32.442086065076403       -13.356549141888735     
                 6500   32.368023474869439       -13.282486551681771     
                 6600   32.453317209427915       -13.367780286240247     
                 6700   32.485685846294096       -13.400148923106428     
                 6800   32.400750181105927       -13.315213257918259     
                 6900   32.429943464609217       -13.344406541421549     
                 7000   32.463457515146239       -13.377920591958571     
                 7100   32.501335104121985       -13.415798180934317     
                 7200   32.463073376057977       -13.377536452870309     
                 7300   32.361849368734752       -13.276312445547084     
                 7400   32.354610378523503       -13.269073455335835     
                 7500   32.331971449877372       -13.246434526689704     
                 7600   32.249242764679146       -13.163705841491478     
                 7700   32.195535526605198       -13.109998603417530     
                 7800   32.266116325194645       -13.180579402006977     
                 7900   32.318893022953823       -13.233356099766155     
                 8000   32.305024926942572       -13.219488003754904     
                 8100   32.412086440586592       -13.326549517398924     
                 8200   32.516882953667306       -13.431346030479638     
                 8300   32.543663619619913       -13.458126696432245     
                 8400   32.459231315909960       -13.373694392722292     
                 8500   32.380230580149444       -13.294693656961776     
                 8600   32.359653144811119       -13.274116221623451     
                 8700   32.302531365567631       -13.216994442379963     
                 8800   32.260641708228945       -13.175104785041277     
                 8900   32.322883887850985       -13.237346964663317     
                 9000   32.371974183277160       -13.286437260089492     
                 9100   32.395615565087567       -13.310078641899899     
                 9200   32.457197065637324       -13.371660142449656     
                 9300   32.512830283710969       -13.427293360523301     
                 9400   32.567476695904190       -13.481939772716522     
                 9500   32.533046797821932       -13.447509874634264     
                 9600   32.526451969728527       -13.440915046540859     
                 9700   32.555390077304850       -13.469853154117182     
                 9800   32.499413439815036       -13.413876516627369     
                 9900   32.482221504021773       -13.396684580834105     
                10000   32.424668783430526       -13.339131860242858     
