  0.60920823853121353     
   0.0000000000000000     
   0.0000000000000000     
   17.386372777313348     
   18.761038011028379     
  0.47456992279926835     
   17.410014295281936     
   9.0870496420289797     
   4.7053854785633380     
   3.2329729902047633     
   6.1836994535153345     
   16.275365981289944     
   12.080083462574397     
   8.4313471466544705     
   7.3569766247289010     
   18.164693049864152     
   15.582682744312368     
   13.375881358129265     
   4.3316570441907825     
   12.824896577618377     
   14.082942235883205     
   3.0855607999995449     
   6.1329469797469631     
   4.6468651283421565     
   12.065513576376068     
   3.6518434177903147     
  0.41469746730553148     
   18.011233576635146     
   10.099651024184006     
   7.3185609660084765     
  0.74249809543237344     
   9.8476201979653482     
   13.777027602616922     
   1.0783675810539917     
   19.808646662409004     
   14.470887901635081     
   11.053604011290643     
   13.271217469794852     
   8.4860067494688920     
   6.8925219864189913     
   17.014894489578797     
   4.8041157408451891     
   11.575452482037168     
   8.0230732623126713     
   5.2589357197086839     
   13.423757406456012     
   11.010987719518173     
   7.9970189054412710     
   15.577110183907577     
   15.468249354941879     
   10.998704440858942     
   15.917691429580305     
   3.0861635222820749     
   12.362276957116142     
   16.212172578720349     
   18.277849815100552     
   9.5584231028151549     
   16.352972844204995     
   1.4042349813026944     
   18.578551094394150     
   8.7276930172025011     
   7.1470173042015217     
  0.87803809960071977     
   8.2339593230630186     
   5.4034429475351224     
   10.521214865236633     
   9.1015352935076965     
   10.675571830469472     
   1.9452140740820667     
   13.438344078985773     
   4.6261948913842250     
   6.8298830439786506     
   16.950191033321925     
   16.646674377095707     
   4.0348371982547038     
  0.25575734993058319     
   6.0309005373473790     
   2.7791687011745170     
   10.344849044978412     
   8.7425985209293806     
   3.3367025240167125     
   6.8338905739822042E-002
   5.2161518448353767     
   12.456747372538411     
   11.519187541185490     
   6.3597173378792604     
   17.337898478903774     
   17.787648370033942     
   16.594546269012081     
   9.1625576189969120     
   2.3669311017082695     
   11.767068848366463     
   17.405080572014601     
   3.5989360026867123     
   5.4859745277670253     
   2.8879427689111181     
   11.378203962067717     
   4.1390667484507322     
   8.6586102396945073     
   1.7225647505950503     
   8.5305587588344274     
   3.7273964023315309     
   8.1433616659904917     
   3.1088363110546502     
   1.7981411322660357     
   3.6151394772478684     
   18.354635465316058     
   4.5141011420140646     
   13.617064133525743     
   4.9802096208485436     
   2.6450823869945483     
  0.50585985886609119     
   1.4729149846619327     
   12.690959252814649     
   9.1876832485964695     
   10.166787518222955     
   15.719754384648752     
   5.1889736982983425     
   9.6519741450913941     
   17.995102455862128     
   8.1474087981059462     
   15.244833283870436     
   10.887047089436880     
   15.736358840356461     
   19.562732281491748     
   13.722759084480607     
   10.621872408075925     
   18.058645991311664     
   2.3834184609236519     
   2.4268563516438113     
   14.705438539710777     
   15.480832354947074     
   9.8149004905665720     
  0.34032227641607182     
   19.090459284373541     
   10.336145037903758     
   14.239193426708876     
   17.689455928671741     
  0.37283115205331896     
   3.0997392269029489     
  0.95653408762930603     
   15.260688085540895     
   4.8022868818898612     
   16.505172347899922     
   19.836861745072493     
   11.981462520591716     
   5.3444901692413582     
   18.442894407277613     
   14.914537138319542     
  0.98696869335475057     
   2.8133983280451758     
   2.5623069196268045     
   8.6442182947807744     
   3.8649328046840781     
   6.2077879868314039     
   8.9242797575746451     
   14.266404269926070     
   19.027594465722736     
   14.472656695911276     
   19.840071577986087     
   16.303416186065519     
   16.160902575632431     
   2.4184185544192682     
   7.7888142602740862     
   16.461238422243007     
   10.258739680203794     
   4.7934160606381564     
   17.246172337701680     
   9.1507422347463834     
   17.686121575121380     
   16.592503329446721     
   16.357977306783734     
   18.293485093007245     
   16.343853556450433     
   17.618595648320184     
   18.435443861374306     
   8.2458919596517966     
   17.018177035874608     
   3.6757080385384611     
   15.576276965199138     
   10.292597547107400     
  0.39674689177641387     
   15.648371375325196     
   5.2193055040721381     
   12.325076762315891     
   10.780961573033270     
   7.9423212914852943     
  0.24355369394658544     
   19.487015361796068     
   4.9053520754967961     
   8.6515175703445308     
   1.5066625289343216     
   10.618300681219534     
   8.0995366392049046     
   1.4553792497623341     
   13.884932193368860     
   4.2580167872717745     
   9.9272960766204079     
   18.311998058973757     
   4.6715386062827591     
   5.5712717066976136     
   11.652192912315282     
   19.736659114342039     
   16.110503521187280     
   10.428149970827691     
   16.970066229516327     
   13.625951385627452     
   8.1094641822233466     
   6.6404709175894494     
   6.7705934079285379     
   10.735760215167826     
   2.3448939935122959     
   12.089770238142453     
   18.775013898733857     
   8.8434199580066686     
   9.0486222759645063     
   14.719151699655086     
   15.472738788738042     
   14.670339149000117     
   9.0083404862850074     
   4.3476206873771428     
   18.467959924836766     
   16.304464494059985     
   11.098940294786875     
   6.3578223258925242     
   7.8352923345313670     
   16.871211605426833     
   2.3737406862681021     
   13.560443848392209     
   17.580241387134894     
   14.496279458849600     
   11.265017575173662     
   5.9822216171389364     
   19.533021951540537     
   16.534180537749485     
   9.3809057012189463     
   8.5545379600972975     
   9.3628389147238860     
   12.974922308853545     
   17.155488365633161     
   6.5487887271341982     
   12.103971256908416     
   19.550081494775732     
   7.1278563470315248     
   13.263266130091750     
   5.4758265056224804     
   8.6790626637844923     
   8.4336337670573780     
   8.4936507488203716     
   6.9102468201845380     
   14.451356813279803     
   13.428998641504702     
   1.9911529114397375     
   7.6069943703577074     
   6.3701412182027140     
   18.844472222378911     
   19.113961003368619     
   6.5829249193651780     
   10.205537529474782     
   19.112778656447460     
   17.351076311187835     
   16.989384779863862     
   19.080664486928889     
   1.9520235869290015     
   3.2171340433664319     
   10.657341893018469     
   5.8722112930948356     
   18.413058591959672     
   7.7446218967073239     
   18.720143375739276     
   5.2620201250638532     
   3.4910075957058839     
   5.7396880636196119     
   16.520460046173206     
   12.962237795300197     
   18.961624778779534     
  0.33601670031710107     
   4.4221983121479731     
   7.8781147133357550     
   3.6246458868382159     
   11.910254637633015     
   4.7568352380920249     
   14.337515228510838     
   6.6626952118705880     
   17.154462355738186     
   1.0601870581561545     
   1.4166984683647899     
   9.7347450579262951     
   5.5032634998011476     
   1.4023051179451684     
   7.4253605882830787     
   4.5292298399544091     
   14.762729701108803     
   3.6107282699017906     
   4.4485944386166594     
   16.707799891157165     
   18.693526678529768     
   5.9755978717196934     
   16.431165308125053     
   19.781614196696815     
   11.041495091417072     
   9.7834812313907520     
   6.7941284106558868     
   7.8441945314697081     
   10.674704911615871     
   6.5036836258048041     
   1.6522096679982679     
   9.7090519576932586     
   1.9557113481623456     
   2.1434525894550949     
   19.888248535726888     
   18.005748341263427     
   10.387064019956151     
   7.4241064952329356     
   6.7966442718797886     
   10.484135674605543     
   16.855512934011003     
   15.206937869580706     
  0.35444648377161769     
   2.8488155396571724     
   7.7177817754110611     
   6.8945180354867315     
   14.942251721872118     
   4.9851549396195320     
   15.392574766815475     
   1.4829234647635237     
   17.410021437491345     
   7.9423020076027928     
   11.161946411179560     
   8.0049901990611279     
   13.196390204369839     
   2.2051185438165755     
   8.9534378137401038     
   1.8986944633590275     
   1.8314750373304389     
   13.355660027375256     
   18.259144260537859     
   11.439378760773236     
   1.2919483926113950     
   4.4433452670912139     
   4.8381033068131885     
   12.997200961024308     
   4.7141645240105206     
   12.338607420142242     
   17.771608098059637     
   19.389379507682488     
   4.1699304230331924     
   18.792946765135671     
   8.3208926142575521     
   15.265704741258354     
   15.006983660868578     
   3.1328971553420537     
  0.44324669426326846     
   19.884360173471013     
   14.083516658545548     
   16.613850170938743     
   13.398872286641929     
   7.0752862625873618     
   9.6544852755509929     
   16.687658505731456     
   3.2335273548086674     
   18.202984586037868     
   18.843401655312167     
   15.240077212961069     
   15.560585184144465     
   7.3002680460151570     
   8.9080713269572804     
   11.075294144776970     
   14.087391623215709     
   8.0645056630371315     
   15.208231377044166     
  0.13840740718934708     
   4.2546697281708461     
   16.597317396617747     
   1.1767847270003373     
   16.756337601157355     
   19.916551115434796     
   9.9972722709456807     
   17.016136978077093     
   7.6967563792012639     
   4.1262930934994628     
   13.158415769709409     
   18.716231367702683     
   11.726833307546212     
   9.6080763743963278     
  0.73929627328061187     
   1.8211047947375270     
   14.777710395345311     
  0.77660668132320199     
   15.658659248161033     
   7.0123563577742853     
   14.938452089605679     
   3.2344656381816317     
   7.1024939364982798     
   11.069019879063349     
   12.763893041395828     
   19.039928088088988     
   14.606813110612652     
   16.670493584855723     
   18.955591345371730     
   3.3777343538380356     
   17.160877291544246     
   6.1645941562611934     
   17.936635244495942     
   17.756884584079916     
   9.8153127218805167     
   12.165211499287738     
   3.0886351721212013     
   18.091806090541670     
   2.2620786194425535     
  0.42845956021472675     
   9.3702812986515482     
   19.110345357198753     
   7.7693053270577739     
   3.5638829158699625     
   2.8038416477912009     
   3.3714827612921683     
   2.4149034589236096     
   13.499100563070503     
   18.375674004766513     
   12.989126439040371     
   7.4909893717235265     
   5.4620780164482881     
   13.171923184685546     
   16.945690808882333     
   18.756858854077731     
   8.2092444037175838     
   18.389448736652561     
   14.717304558437270     
   1.4943342889247813     
   9.2823653277380558     
   9.8401385227032137     
  0.53723578996202503     
   1.1009960446166223     
   4.9459783746772557     
   18.786133660034928     
   13.437723468727372     
   8.9047172294162564     
   7.0027549641189957     
   16.659955118906275     
   15.546423005179289     
   14.810498688195818     
   3.0950623780133624     
   11.282536800018272     
   6.0242002756895268     
   16.366948308288332     
   3.7038971321372838     
   14.124204374645899     
   10.323539159766943     
   15.132341978860937     
   16.706646720598684     
   12.171197332572017     
   17.222144082629129     
   9.6268286774778655     
   17.175895734432974     
   9.7127948644859980     
   1.5346492676420787     
  0.64053298121371283     
   6.7917528248324572     
   19.926096360565975     
   14.136115236375012     
   13.864044304397435     
   3.6489923076804209     
   8.8993690629100985     
   8.3969882196644328     
   2.6341624490937510     
   1.3257816881661677     
   6.0146957298563546     
   19.829519395533801     
   14.539694908563391     
  0.51811693670659409     
   19.048402179427963     
   6.1605992087719414     
   15.809559942273076     
   2.5234682553928667     
   9.2250583717334820     
   17.272467465782210     
   10.843656021965693     
   2.6774265730924784     
   15.953204439291639     
   2.2807334548929958     
   16.415302298632657     
   1.6966501388758992     
   5.1847272937698241     
   7.1840317155698008     
   17.452545451295499     
   7.6663516731709258     
   2.2083139204969404     
   16.110472378075798     
  0.54251621127766603     
   9.5566631761166256     
   4.2096739071405338     
   16.112086694908076     
   6.0826765813833861     
   9.9823717216906420     
   9.0603617573275059     
   13.618875813780257     
   4.8616389917855862     
   1.4718609002570804     
   3.4926005591042175     
   16.468849972423389     
   5.0172530660847325     
   12.010650699067437     
  0.91976547669013975     
   14.046454368906582     
   15.848395128770045     
   4.6152471498531238     
   10.968735790893181     
   15.269479613766180     
   9.4700639266867359     
   12.159579215243570     
   14.870925981375374     
   12.852834321051947     
   13.957072570757576     
   10.401736337179731     
   1.0475398853248774     
   1.7919960662650736     
   17.525066764661670     
   11.968652484129327     
   18.594853495701820     
   18.696159815443409     
   9.5273097538447509     
   12.300244964039237     
   8.7852305132746000     
   19.816856931422709     
   4.5708168887086886     
   7.4234338748562356     
   9.8240677401750514     
  0.34758309466304871     
   15.221238807592613     
   3.8997865934766618     
   12.819574947739394     
   8.3140124616203064     
   12.613214150178022     
   11.649211747601671     
   9.5717836262787657     
   2.4564674489571403     
   2.7595709864240181     
   3.4923931814779485     
   19.965768306279852     
   15.315490611581303     
   16.812771728509613     
   2.7878188773551260     
   7.2257970270288681     
   4.6118256593097335     
   9.7240722477554158     
   15.102085711994050     
   8.5891650116544263     
   9.7267437124417189     
   5.4990959873088912     
   5.2084546921323005     
   1.3641516848991042     
   6.2045609511907056     
   3.8690116705634625     
   11.891176983588863     
   5.8062038421983964     
   2.7249354143986748     
   16.418828050464249     
   9.5690180729303638     
   10.205379422376286     
   7.6296663949875398     
  0.42452851154547666     
   12.585505992963881     
   6.8029643851038983     
   3.5904762660103229     
   19.413359159790954     
   12.558669274167976     
   12.554560490121107     
   10.887659597015807     
   5.1902123820939856     
   6.3098018250943806     
   16.259253261378671     
   10.327516154436635     
   15.404068035271649     
   13.037888434204813     
   4.2983149434982852     
   9.9105144189369376     
   11.742801836572319     
   15.026200612772037     
   11.619888407821115     
   17.553968540458754     
   4.2655674406809130     
   16.293211223909626     
   3.6945188653341265     
   3.0631066495083759     
   2.4587320280696257     
   6.0007772909561741     
   10.445076808956182     
   5.1367462860634650     
   18.211289634612665     
   3.9330725600573313     
   1.5799576923917136     
   9.4973638257509485     
   15.617935794857573     
   2.7421636966132379     
   11.684556458151246     
   12.045025984409182     
   12.136329113967504     
   1.0077018211574851     
   16.887774755181855     
   5.2920561035116220     
   8.1291253049608070     
   6.4962574800285644     
   15.936193351616783     
   5.1324709751601549     
   12.329768468524790     
   13.860080143897104     
   9.7028654168764934     
   9.4380132978972604     
   19.981989107584397     
   7.5392425102912490     
   3.4922402484573634     
   13.055073565317432     
   14.494705089180624     
   8.2579131782145421     
   18.608291800741522     
   6.4425786971790311     
   8.5994909525413732     
   18.955421547142780     
   6.7105250942004506     
   1.2500593842506036     
   13.961279216211251     
   10.387112644936165     
   17.967592021063382     
   17.643369993406992     
   16.798693151304128     
   17.554539088227820     
   1.6146158533525923     
   9.7018251377802578     
   6.6259975125690174     
  0.59526448898203688     
   15.597908805090086     
   12.980817766232214     
   3.2348486504663487     
   3.7707202262826178     
   6.7742183544157513     
   11.068436169407912     
   5.5581813274463947     
   4.2302404734522669     
  0.52256189268850672     
   18.175225503413486     
   19.949726275095621     
   4.4249318242015567     
   13.829460272307447     
   19.362388198297587     
   2.4967807303776768     
   16.968169646273033     
   13.367003580228223     
   10.974423151769205     
   18.475336441816317     
   11.929375146023911     
   2.7192653946119649     
   18.307950975032419     
   10.280528661038408     
   19.022401803440950     
   10.265342903106102     
   17.537034859573776     
   8.5238590526394233     
   3.4484300632364429     
   7.7857284320240172     
   16.716452095125227     
   11.984330968505486     
   4.3883112064786500     
   8.8601823531745403     
   17.433285758270280     
   4.8530892713547225     
   13.187728462039319     
   12.075325325614683     
   12.033619065342126     
   10.604817652621287     
   3.1834674081386205     
   2.0213191420410670     
   13.827078970360091     
   10.046895943276928     
   6.4709449606574694     
   9.6876272269854695     
   1.5898376150334936     
   10.338851031253789     
   13.172944695954174     
   13.679964005608188     
   14.384505159039518     
   4.3442485583577355     
   3.4856140307311789     
   19.752003045967893     
   4.5180430608614364     
   17.972911908427630     
   11.234055527304207     
   18.863865258802409     
   10.938386672737266     
   10.487329096389704     
   14.524240388160898     
   13.817669110534878     
   16.212233908797188     
   3.1636857000912455     
   15.470308694067260     
   11.153900673480337     
   18.958131328404793     
  0.29029617833669530     
   16.854368515097523     
   15.284362484006301     
   11.694557251207554     
   5.4189189884686417     
   14.049711315631621     
   16.729352388474474     
   17.335359247260055     
  0.63517878627614266     
   8.5988133707417820     
   19.534981495198728     
   13.724176376117171     
   9.1761009559801447     
   2.9798040967844597     
   13.961195345104510     
   4.2139367400870782     
   8.3827973943843954     
   15.476245895406011     
   7.0946246374141158     
   4.0406196320221550     
  0.68311087695570594     
   17.612724058505208     
   7.6566997251355158     
   9.9608192104320281     
   9.9568073052423660     
   4.7213785603439851     
   2.8598341436700969     
   12.659725193027827     
  0.34503116227709407     
   1.8703186847071751     
   3.5148967643380047     
   10.112865315576428     
   16.623607707769523     
   6.9673091945053294     
   15.307087769896787     
   12.527260082977147     
   7.3265532142629697     
   8.6855177499929255     
  0.96957447566305088     
   11.229753775383763     
   12.375116105532060     
   11.772264024119989     
   2.7866859920807707     
   5.5775872301663476     
   11.798441491660723     
   14.623380824665160     
   5.8215613482638489     
   1.2384521706215246     
   19.827411396879778     
   12.044819697926133     
   10.972978272914141     
   6.0978147959720275     
   13.314146728499242     
   3.5260647175968574     
   19.834917089920882     
   6.0703880689468903     
   6.8297733794336368     
   18.112998741003544     
   7.0994683001998560     
   4.3597723823733325     
   14.526712909853352     
   15.302145300121172     
   16.229370059908227     
   1.7854981501400724     
   5.0913699906562648     
   1.4208293430325680     
   8.5570796505023701     
   8.3846857851844767     
   2.9337895169082562     
  0.43512326217125308     
   13.777709796504688     
   17.653288358616482     
  0.24176618597059774     
   19.006640579276826     
   1.8931816635126508     
   12.574461568605182     
   13.439141412021581     
   1.3583428400360931     
   11.399715972023037     
   15.344997129053471     
  0.10865134798337950     
   14.054970977411456     
   2.0366341106771757     
   4.6380436571038430     
   17.673578357727994     
   16.427839238792640     
   8.0389334007672772     
   16.769428391317462     
   19.192185204951727     
   8.5144653822041363     
   13.552437298846760     
  0.88404580860228066     
   13.603395766767958     
   6.0762009599613336     
   8.8915613571529768     
   5.9636314537781221     
   13.103097130196396     
   16.762004524249267     
   18.079991854180605     
   10.507339026031488     
   14.119087339662341     
  0.95961704282527815     
   2.3024966599569874     
   18.054922554438001     
   8.4040839695486564     
   1.2994670127855446     
   4.5936254648235302     
   11.829698389791316     
   10.793935961554116     
   17.417303645920036     
   14.142252674180565     
   7.9639395628823184     
   6.9727542834853491     
   13.252964060827335     
   5.9451352129166430     
   16.041557082275443     
   12.486978134022809     
   1.2884831403480423     
   1.6846384561820837     
   4.2756600263575777     
   18.363391753993753     
   5.9655119235769476     
   19.371235448717833     
   18.015253203880363     
   17.888247011529597     
   17.839721782101567     
   3.0734788602158392     
   12.438139183442498     
   19.862240817012157     
   3.9357948496408213     
   14.271234103457342     
   5.7523253613615051     
   7.2418773540080323     
  0.73622665596295711     
   9.8394514764705185     
   12.754581091314884     
   13.557857705283169     
   8.7020529413352659     
   7.3154494446926766     
   18.577309452537708     
   18.519978979021097     
   4.5865230179811256E-002
   12.393197686188358     
   19.332285579408158     
   18.130383386456359     
   5.4897200280346414     
   7.7412055150635091     
   19.782405854180663     
   9.1072397627839958     
   10.368253190358578     
   17.291718562861874     
   6.7203076831566788     
   11.530553899737814     
   13.999670076236665     
   11.699248152462991     
   8.8140160926145121     
   3.1147776774688740     
   17.329213933359618     
   3.4186716525844640     
   9.4911597027083179     
   2.7384334683638190     
   13.533054060288807     
   5.1151192774425169     
   19.744418271734595     
   4.8275352140229622     
   2.4649105551589745     
   18.348785244967598     
   15.272991519834333     
   3.3977918816097374     
   8.4151546832462678     
   15.908247817213400     
   17.781211899450820     
   17.992722428313925     
   6.5396355210128103     
   18.631147479832318     
   13.254325631083820     
   13.614755225362593     
   13.120184434018043     
   6.1880635207599184     
   6.1263412916885684     
   8.0500090943119709     
   11.016516189010614     
   11.798045108674192     
   14.635327587757171     
   3.2096633820864451     
   18.813263436271132     
   15.089440991844899     
   3.7474836292333991     
   8.8988721384777278     
   4.5026771087007695     
   12.736626298193984     
   8.4168784511456778     
   6.0019538827208452     
   4.7531131263810700     
  0.28345716413040511     
   16.871153907827320     
   5.6236108887572112     
   18.492868287593851     
   4.2912776599603326     
   8.1148260641648839     
   19.337496051888174     
   6.5665609748246894     
   13.435352497380402     
  0.59483371520641759     
   5.7235081722798427     
   16.514208765630407     
   17.707173696015165     
   18.608042564560790     
   5.4464141736436229     
   10.487357869603045     
   3.9983318850518290     
   15.256749976271085     
  0.85206933755331393     
   3.6138353673899148     
   11.629601031832946     
   17.446118713468035     
   7.0962747643384212     
   9.3329095564134334     
   17.545796213080791     
   18.959871739716071     
   10.897358397796948     
   17.560887627942908     
   1.7475276941805928     
   3.7783647234952022     
   13.660666630412766     
   11.661307590502844     
   16.303420818477690     
   16.983126865105817     
   16.597371330677436     
   2.0684896711269807     
   18.704750536311849     
   8.0147966839653932     
   13.953817107034670     
   12.563155507873709     
   4.4232109504573298     
   12.560547587812621     
   18.720271751888550     
   12.693694169033819     
   19.788282357705349     
   17.345096734242162     
   6.0785359959554919     
   7.3179572270635518     
   14.449597021331693     
   11.612750647894753     
   13.960075119926172     
   16.101167214019746     
   10.420265040985896     
   9.9071044588456161     
   15.796016285148376     
   10.990224095751520     
   17.778548425380528     
   3.7856916493267545     
   7.1428055407514428     
   2.0418390051336943     
   15.465923138102074     
   5.0085408779236822     
   8.8505384257550261     
  0.90644636743590468     
   4.5317471377208873     
   4.8522080990111522     
   2.3219788243837902     
   15.293732621051721     
   5.1209210271964185     
   4.2494109921241163     
   1.2228531827747680     
   9.4730277161616314     
  0.80241246932433175     
   6.5826686746345953     
   19.817556424527293     
   17.620377832100541     
   19.376386692643344     
   14.571036195272676     
   19.599382656267860     
   9.3194125189098109     
   11.043334615528471     
   13.662662008052767     
   18.325456420227066     
   6.0602615290680202     
   18.981676731614087     
   8.2656838854211649     
   6.1181424030370817     
   5.5850842692403351     
   9.3695328066158279     
  0.21883345800475240     
   13.141148330159355     
   13.604572060585191     
   9.9840983640628789     
   3.7700441666151230     
  0.61422121495853022     
   1.9113345515354641     
   9.4627745288353857     
   13.547538499282929     
   11.112014111092812     
   10.726011693400846     
  0.41680075709005449     
   11.228486606039798     
   13.255577019292730     
   19.542659192509415     
   7.8146463971977065     
   9.1512616391591806     
   6.5703444860905709     
   15.593347173534031     
   6.2681076610427144     
   6.9182662328679072     
   15.743260817022879     
   2.5773255719979393     
   8.9308634970287990     
   14.061384486461474     
   16.390640839985771     
   4.8805006550811676     
   18.135558040994557     
   3.0560118679246329     
   12.837368198258915     
   6.0446441430923281     
   5.3691114603475469     
   16.428632592472873     
   14.970636761025052     
   3.0691429174979890     
   16.731250618312284     
   7.7223426133622652     
   6.2163018572701905     
   18.496653370248005     
   16.336421653807651     
  0.42983428458207573     
   12.815754079931681     
   18.659376777405484     
   12.160461128202147     
  0.62617968162302917     
   5.4028173391544376     
   13.673536111794322     
   16.534219058818390     
   6.1237947714098624     
   4.8848525427433609     
   5.5313922002661453     
   19.475535102417631     
   5.1649943421355626     
   9.5172449516275233     
   11.790539996644139     
   1.2031188270880566     
   14.388796811958720     
   7.3074285189276296     
   10.039368629740249     
   3.7695106700186631     
   13.464106501694603     
   8.0238883524359306     
   8.8672663615142540     
   5.5076452860864116     
  0.14778154484372807     
   18.098049739616062     
   12.745246497199233     
   14.372938898153730     
   2.5979901233939451     
   3.4489288835601628     
   13.530348390623333     
   15.716327103587611     
   11.385903870693660     
   2.5158291432665902     
   15.947806220752438     
   18.871763962216345     
   1.5465857069093136     
   13.094270796391427     
   5.6497597311065872     
  0.76058042425394712     
   13.128375269844266     
   10.699299981818234     
   12.189789856807995     
   17.815402951267796     
   10.759311721809668     
   15.510619682096848     
   10.992376259337304     
  0.86038721286667785     
   16.510296172133376     
   9.7792489280029748     
   2.4651319434826569     
   16.939343174891810     
   1.4026281600312984     
   9.0802324371137679     
   3.0305630933877348     
   15.306173582071148     
   13.607840478673101     
   14.625907211359729     
   8.4797715253077204     
   14.723509745167149     
   4.1779066441464119     
   7.2377197623256588     
  0.55949404705913475     
   17.617749457152200     
   6.5787242267328727     
   2.9312447104956041     
  0.17351422684143358     
   12.841925739697519     
   17.096718059873066     
   18.431782101336932     
   11.677662648553646     
   18.135751034891687     
   12.999969576050596     
   18.724478610569907     
   4.1394744350601016     
   15.278839124809068     
  0.11729585440374057     
   18.114402749977135     
   15.448275557567099     
   13.561857557035829     
   6.7256794372394584     
   14.205127614778073     
   16.752737454540643     
   5.2816704495379785E-002
   18.425193759081012     
   4.6036713678706942     
   16.203811970358231     
   12.025262924467315     
   18.972251477538698     
   7.0908471578446175     
   4.4599891899224868     
   4.2745797834755468     
   17.904533856527486     
   6.3664960336208960     
   13.188657624598878     
   8.6212628460812049     
   16.403656180642056     
   14.483568375353366     
   17.138171925589255     
   17.312504728317236     
  0.71227969908700173     
   7.7607910533379165     
   12.917442634893504     
   14.694132665239357     
   18.327637039369350     
   13.594060083647918     
   11.830445978012275     
   4.6520413040848574     
   16.134136483440507     
   1.7157230957219638     
   13.907174407249091     
   11.197553694680430     
   15.953985791149490     
   12.459658311345221     
   9.3607894242493259     
   14.309911625168466     
   9.5763767602371264     
   7.6708711910063414     
   17.456777017130918     
   8.9506170953484734     
   12.598273814906101     
   6.0124050005047440     
   18.383779845722195     
   3.3164856512793728     
   6.6490676811543885     
   14.003216749788510     
   5.9273289994535343     
   9.9239857669240408     
   8.1558522083567091     
   19.469460744868265     
   10.603965736473100     
   14.809167499326675     
   9.1285561587115094     
   15.857607388345549     
   1.2289375159809746     
   9.5149179478000097     
   2.5028019532483325     
   19.131535362263030     
   13.850880995405783     
   5.0019265311697954     
   4.8922061385745819     
   5.1929513962958218     
   1.3900178817264863     
  0.41541612282942619     
  0.66415234119818312     
   19.521181317174129     
   4.5464025602728109     
   14.924057937926136     
   9.8687606008320312     
   4.0165924295049171     
   16.210562263521116     
   7.2218435408081110     
   16.863297190811938     
  0.39751374712476473     
   6.7776688097787474     
   15.223661454477851     
   2.1841777256919048E-002
   3.5370741939878259     
   6.1716100131418354     
   15.146025382356621     
   13.339918572514742     
   9.2995296873666682     
  0.80321459120795247     
   12.606646269744315     
   8.5662149332159458     
   5.5173806359474931     
   12.162834149057069     
   3.5878238934440243     
   17.198300406590683     
   10.223687884153129     
   17.713899327700130     
   16.583791917363179     
   18.239938274453468     
   13.892721504331371     
   18.561248353583345     
   1.6372148672189080     
   9.8642110359012829     
   12.259436786648319     
   15.690400805308434     
   1.8875406359262348     
   5.8539215311584076     
   2.9770112271629667     
   4.4484959373904882     
   7.5527959549345880     
   7.8822870208597102     
   1.4613189483624578     
   9.8178067654595154     
   9.3949550033270590     
   12.549726087505512     
   16.030918334286007     
   19.591684090212873     
   15.618585702655814     
   18.129509706008879     
   10.741770657017399     
   12.237972430627748     
   2.2145639795033234     
   4.7215700231180495     
   9.1686937964477018     
   10.133491383075642     
   4.0024750207174575     
   19.599143105125506     
   1.1788278929983775     
   13.509922374100501     
  0.50278842151701753     
   7.5993243228361784     
   19.800781079502205     
   15.800785644878435     
   2.2045198307428793     
   4.9814291362869039     
   16.833888017637182     
   5.6699991593671717     
   8.2189494751181602     
   8.8492902838075356     
   7.4010099140213033     
   19.536803785189669     
   17.564850480478633     
   13.459199289699971     
   18.009258953085691     
   8.5183729239150345     
   12.125646093034399     
   9.1448369930103031     
   13.715635183567541     
   7.8953285886138218     
   8.8132138222612966     
   17.892618160690944     
   11.564335990311639     
   10.735698839217136     
  0.15670548134560258     
   3.1155944807219904     
   16.274634543136287     
   17.051485558218253     
   19.856428931117957     
   18.174355859617549     
   10.853328367216410     
   13.417491248870340     
   2.4496342893733369     
   6.9471418694688687     
   8.5033446026853312     
   11.398615736031214     
   12.059244867564159     
   2.5112706758195324     
   13.235987699549803     
   3.6314180085702796     
   7.1588245388309240     
   15.617380356464407     
   17.409546813521402     
   13.467673995065809     
   19.562641164417812     
   2.3737540216830744     
  0.12371315027272844     
   8.2639773671699075     
   7.3239267302758471     
   11.524032831395917     
   12.204950447194845     
   3.6913864246850725     
   11.780862349150770     
   14.477186871956134     
   8.1187197363357111E-002
   14.703204969793852     
   17.273697722873081     
   12.042189808288823     
   12.415652086446642     
   6.6246032643101600     
   6.5552652861147394     
   14.530851582232930     
   15.095932938438995     
  0.11111150755372057     
   11.067500521288462     
   19.773729788979800     
   4.1735461157053937     
   1.7547985636023045     
   5.8158027214548476     
   11.791669492505649     
   16.769906566402973     
   3.1969538754357663     
   8.4368825097663240     
   5.6607038020289639     
   5.4516295713130125     
   8.5436821551329185     
   5.7395864756871129     
   2.7451186276024830     
   13.569246640754169     
   18.868534838629639     
  0.50242793290865784     
   7.5219677404140679     
   9.2441569850134897     
   13.163444103440129     
   7.5719824827543869     
   6.7375701207401661     
   14.359564693367329     
   1.0600485898099810     
   14.418203292915939     
   13.893084337944593     
   2.8756727309443897     
   8.3325852864112342     
   19.401432910095597     
   13.190759364990775     
   8.0467761939342157     
   15.055536021147651     
   6.5553097127021402     
   19.721043483494689     
   16.610168120221054     
   10.476398720811048     
   11.596309361982451     
   2.8662610666644972     
   17.443593697615622     
   17.647807013611786     
   8.8474370933399520     
   13.067319836818465     
   1.9667446006591116     
   11.214493179722629     
   19.856430797991766     
   17.013066227496481     
   16.018393937665390     
   6.5034290006127726     
   18.495266301677599     
   19.317333724202861     
   2.4534714412990732     
   5.1693309618749916     
   3.7082281927822702E-002
   16.870064266780325     
   3.1051596524832514     
   13.499125605041353     
   12.062892995008044     
   14.975391387671568     
   17.002783907619389     
   5.1281746325525006     
   9.7127507499956156     
   5.2691617655917877     
   3.2971024913993929     
   6.7458944760799344     
   17.947571865919208     
  0.36522633478057065     
   15.531294098832639     
   4.2482616942763229     
   13.802820442381547     
   10.319855357851186     
   10.928026557399415     
   12.914968746309794     
   16.972106307415334     
   6.0142479705282632     
   4.2664842530670244     
   10.386688268690856     
   19.474738234496662     
   10.061900885298435     
   15.680530646725099     
   16.013365684769195     
   18.160845604764933     
   11.207208552448026     
   8.2974938790750699     
   9.8539209939711885     
   12.200894135020597     
   8.5415879777586490     
   1.5034840459252297     
   11.669150267773068     
   11.510647793688275     
   13.450896782146401     
   14.560665656662110     
   18.151475030415373     
   18.657090095107481     
   18.923580519954577     
   10.465248754830416     
   5.9135386046590561     
   11.989373880904285     
   4.6419420257998372     
   15.223882256067171     
   2.3310881856029608     
   3.9457943274557361     
   4.4086546299353842     
   4.7896100276854696     
   18.888041930695600     
   2.5276202426288630     
   15.519494852216411     
   9.3981835375916329     
   13.014326040388154     
   3.4523493480405576     
  0.64657300677130491     
   4.5638010949904118     
   8.7644456066860794     
   7.6711430529630409     
   12.160763484556696     
   18.657479382397916     
   2.3118571399053445     
   18.905087426468022     
   15.802628229045840     
   12.962414307596962     
   1.0297447987675201     
   7.0981907998290321     
   9.1691933197696684     
   15.015736222388330     
   12.684144833454020     
   6.3565156830205316     
   4.1306139841518448     
  0.83149195514702567     
   16.752863547246694     
   19.213918219825679     
   11.176028294038279     
   19.416882802625430     
   14.259974701403857     
   8.5309663219023495     
   18.763759042982318     
   2.2898578424134231     
   2.7774596959021447     
   18.052585628317701     
   8.3903251702442088     
   11.856779779758000     
   12.438496663217970     
   11.132767831526120     
   17.018858958248611     
   3.9416105860459916     
   4.4785075828377741     
   15.620369775623500     
   8.9083636624233371     
  0.64270069648140415     
   1.3229773645769116     
   5.9784729134809744     
   13.863966914514734     
   19.980944755128014     
   14.619886170341317     
   11.623348827819591     
   4.9526377047457792     
   2.6750112437719697     
   10.762922714613580     
   11.585024179681691     
   9.8303609358361062     
   18.779783315581440     
   6.2055047856225514     
   4.4787749852722154     
   14.280742330026900     
   14.135261844520963     
   8.6054538303659545     
   17.519608129810823     
   16.513192195039565     
   16.005200421015282     
   15.065745593796489     
   4.9008720906048016     
   1.5351763438088084     
   14.011288799918749     
   11.311658454350205     
   2.8063388712697734     
   9.6632220450553863     
   5.1927218198400338     
   10.005959501647716     
   6.0987326605042806     
   16.360448911873110     
   11.392937841324365     
   15.828981634613065     
   6.2434703381464907     
   19.116122984438356     
   9.8176135655006256     
   13.504164776855438     
   19.301222544084883     
   19.450824298881017     
   7.7312403235028064     
   8.9529137995490196     
   11.454873695033385     
   14.225510219811031     
   5.7303691499244369     
   11.808914078137086     
   1.7586205404362798     
   1.5005210482510889     
   3.7541085994055989     
   19.013440390027338     
   10.107251501537199     
   4.2168106382229276     
   10.977982830054220     
   19.686092413783115     
  0.56165919084468108     
   16.566821444111820     
   2.6914946506665038     
  0.85589370022805644     
   14.497551239359900     
   3.0721887607421983     
  0.68664159968461869     
   4.0367375216231194     
   18.975966982373720     
   9.6967351761573326     
   17.466799758412620     
   15.195103197870427     
   19.481226449613832     
   1.0560769323673069     
  0.33267896577582112     
   2.4835962433797820     
   19.531843987665617     
   8.8154509843734132     
   17.482419669890568     
   16.831799249681840     
   13.594188171141655     
   14.071776807653396     
   1.5065459252863711     
   14.952718221037888     
   11.443058707181752     
   9.6829459264016489     
   15.191911351530351     
   4.3768862613164750     
   16.053523348178061     
   10.429223584070304     
   11.833447590725550     
   16.681415555735093     
   12.467975494452254     
   9.7270477907628266     
   3.6500886329743931     
   13.852243317305224     
   1.2326448286041325     
   4.0230352311105966     
   12.254311006835774     
   8.2308855690551237     
   16.851987272350737     
   10.005551725687827     
   16.178744538650449     
   2.6092591810820531     
  0.67927947081583007     
   7.9806936579367989     
   15.459261402664517     
   1.4482144546986397     
   3.5080532993671687     
   18.480007153667991     
   17.316036362792818     
   19.631567478664024     
   8.7849940795973396     
   2.3135353646311696     
   6.6166603118632512     
   10.154882667769741     
   7.4783522491231320     
   11.598240782863281     
   1.9789941048682502     
   12.828750207019656     
   7.2415473330774116     
   1.9620063818480560     
   13.864337648520856     
   9.3515881676048203     
   7.0088557298038516     
   3.6424301082001542     
   5.9032315805804618     
   5.6676338567649260     
   14.877658807195754     
   19.852306776754173     
   1.8636243051871015     
   1.2308181938907303     
   16.966176456281850     
   14.297167533392477     
   9.5089221767840719     
   11.633572976605421     
   7.8534392478232569     
   5.8567032157535737     
   17.915459260583056     
   18.244158083132952     
   13.091222333697857     
   14.730536990477850     
   15.720673922914921     
   15.537464211945204     
  0.97276063185744333     
   17.272877313355341     
   5.0161252650979682     
   9.1721054425650799     
   3.9532618956803267     
   9.6383472536533592     
   19.877679365798105     
   15.547721626476312     
   5.5302217118415182     
   14.747695546271558     
   18.777119649359758     
   8.2454498955292053     
  0.45802453387959741     
   15.957817489722572     
   5.8189831515729518     
   5.7934127067287484     
   13.213826943618370     
   2.6613272771040353     
   15.399792906282228     
   4.5206568897631483     
   10.605010291063458     
   13.771668287684744     
   17.449431716423252     
   14.355462104961665     
   5.5543107886000787     
   18.226692162376146     
   18.632980088050523     
   18.732812044306769     
   6.8590496483100942     
   6.8551111095371304     
   13.765081093577759     
   19.165921814372918     
   13.454551569949597     
   10.419261336222645     
   8.9618213221737264     
   16.297530734060881     
   17.260201414062937     
   8.4156279390862583     
   3.0935893651157542     
   10.294351358135234     
   11.153823762281341     
   3.0653382504850635     
   4.0844018370650215     
   15.824401940199685     
   18.491294464824218     
   11.526082413162921     
   13.034433054151357     
   12.122517338203435     
   17.615656228177151     
   6.7178261271438977     
   4.1124804777437767     
   17.831089977516324     
   16.529677275430096     
   4.8502662943086250E-002
   11.798804919280100     
   12.470665696435042     
   5.5137316395309171     
   1.7968751901500135     
   9.2981249157826191     
   14.154192486156990     
   6.4081265159849510     
   12.262086092822466     
   4.5872431544642067     
   10.170522159783879     
   5.4385130792215186     
   17.967551952983353     
   8.7459563475005258     
   5.5004563911077380     
   7.8825829341144686     
   13.337329844885936     
   17.067045210630130     
   5.4853079636236179     
   14.614886046251115     
   10.350612284809863     
   7.3187108955686160     
   19.101460806088383     
   3.8675990945992189     
   5.5492997355166747     
   11.050178652928533     
   5.0595309541809197     
   8.8137807021892822     
   15.464502482481919     
   19.864495227665500     
   11.382343444294280     
   19.070849972148412     
   15.125908443097105     
   1.5813604033044304     
   8.1861348565201233     
   3.4307446144011777     
   1.2975377274653588     
   17.731407367070716     
   10.549027359887271     
   2.3043272624261335     
   6.7445403262768551     
   14.163473621145533     
  0.71405211941490299     
   13.130496979715844     
   9.9817689663057774     
   11.617591827661924     
   8.7486868810025697     
   13.077229739960147     
   3.2233494115825945     
   2.2713431304791643     
   6.8490286893604546     
   18.124309454923026     
   3.6698827287018410     
   10.737682119351238     
   10.053133298210694     
   14.716305283013881     
   1.7350226496919596     
   1.5467943648996929     
   19.891600791424292     
   9.3947241089578366     
   7.0845121516024818     
   8.7737729830372206     
   16.197102127550501     
   4.5158020289450418     
   1.4177189235831200     
   13.773866023383652     
   1.0120716992568202     
   17.898127974225090     
   18.120728147372308     
   2.3806778308418419     
   14.641995378982685     
   14.428118287826159     
   18.346479822043371     
   2.1066211226454623     
   1.1576733421667806     
   16.714284903978886     
   2.7869986513576528     
   10.397523789066751     
   15.399778854369226     
   15.984120873560832     
   11.162222587370751     
   2.7330975228304677     
   14.115579011592921     
   10.106870317836616     
   7.8795657465493445     
   13.251766962635072     
   6.7228213359538742     
   10.682187768649049     
   3.8636990825848372     
   18.691854423014931     
   10.651604398379359     
   8.5641046429350816     
   9.9213372393361254     
   17.478178557458438     
   18.271377124048545     
   12.241598210441790     
   15.824065641215665     
   8.6062364548444634     
  0.41779295484554391     
   11.683952562925199     
  0.72453213974475572     
   9.5815251228778635     
   8.3188026435720257     
   7.1814235287925854E-003
   8.6938716232418916     
   4.9425925697495288     
   6.5127762626592078     
   7.6232745780648825     
   19.759862186308311     
   10.948537091623191     
   15.752262100495738     
   9.3951816337145733     
   7.2569224372095897     
   9.2519778336141041     
   10.208798714311744     
   19.062682746921421     
   10.130981817927868     
   5.4758916766851673     
   6.6389710867485725     
   6.5487505756143349     
   1.5592045948578015     
   18.641698429686876     
   8.9695217403791503     
   7.5060045156000488     
   4.1346961335938071     
   16.049680878735032     
   14.619696811317249     
   2.6995204895162783     
   5.4896976090078065     
   9.0798475118673654     
   4.4503551790393807     
   19.240341978925308     
   1.1525077574601306     
   11.273543553650867     
   19.690911359473343     
   1.1189059706081017     
   18.620933782534205     
   7.2807166924160249     
   1.5993925501153416     
   7.5985409978965617     
   14.205916614056626     
   15.782277574309475     
   8.4338222102004163     
   14.968199591875660     
   10.702961513539153     
   2.6184845367100862     
   19.704029295147002     
   5.4366096085434918     
   10.881359664293566     
   18.716561600536512     
   6.1412534486178227     
   17.896074960050303     
   8.9661489217197143     
   15.955907863247864     
   13.112336847531632     
   4.4259773057265779     
   5.2532877428208868     
   15.083393794058184     
   17.461631428206481     
   1.4675238818419167     
   1.7406267427966027     
   10.488451858595889     
  0.36216338601034348     
   7.5934136616850667     
   19.678835773865732     
   17.460277321994674     
   14.175802353910427     
  0.35562734170109245     
   19.094762944795821     
   7.6696523997433097     
   1.1695669043435752     
   4.2185178662588800     
   2.2813656983735120     
   4.7381606485283196     
   16.446663254548483     
   6.3809022647536189     
   5.8686500375236639     
   9.4111587310688609     
   13.490869310127165     
   6.4129463489535921     
   2.5064605856181754     
   1.2707138946582508     
   3.1591906939912695     
   19.834786493438678     
   15.539244749507112     
   15.640085575907534     
   2.6495425850319076     
   15.760472408597630     
   4.0207580279117394     
   15.920489134804523     
   5.0734372152854750     
   19.820852087842560     
   11.862389197325740     
   13.317326194665061     
   6.8689395947191434     
   19.599424922178926     
   2.6107792519952855     
   9.8937767216137367     
   5.9135573677784841     
   1.0356455797020803     
   16.167397500402870     
   3.7097685459907437     
   17.167373750672372     
   18.490803794820540     
   13.019522350763232     
   13.211339762962401     
   8.8387303729466531     
   2.1704204762825929     
   8.5922806559222220     
   14.119536909617633     
   8.1846627629447983     
   19.235500886943285     
   18.286204328321382     
   7.7518126035708939     
   11.769504255856351     
   6.7014560645505057     
   18.019059120089928     
   14.634218989585969     
   1.1459881463641342     
   18.623807813857596     
   15.395303144546935     
   8.6419450288176378     
   1.5290332968900544     
   12.944934870554466     
   6.8057949286188624     
   5.8660408030590734     
   19.791976115932965     
   18.618586682751811     
   17.616215159472009     
   4.0457214452927808     
   3.3166870762845235     
   16.736018918979671     
   10.353201521919740     
   9.9131265681775638     
   16.600768197014407     
   3.8670924883390501     
   11.096992542271565     
   11.171394332061265     
   6.1488211591007724     
   15.835249873751415     
   9.5735796817716050     
   14.602396471593785     
   7.9847551163255570     
   11.616941102950115     
  0.86098355731752507     
   5.8220964554773129     
   19.448900625281450     
   19.341360661126387     
   19.888654471108055     
   2.8464561187165893     
   10.410887282857432     
   16.864554162213000     
   8.0817251686825458     
   1.2522286426348139     
  0.57768947069417154     
   19.134962148279843     
   17.267750963190284     
   6.0575559062544020     
   11.552294592453549     
   17.518213330698046     
   2.3874690690838185     
   2.3653647345619211     
   11.622362594840252     
   14.491026401841644     
   13.649106864907461     
  0.53596785680261272     
   6.9432607046046613     
   5.3414569380659982     
   13.075816641300994     
   9.3722907842613097     
   18.404976348590814     
   12.742742420254302     
   18.431173091521625     
   12.114665955413972     
   11.353766568101033     
   4.2476707188635521     
   15.093877815147019     
   10.093620358425877     
   10.641373215641268     
   13.251879013399765     
   1.6735770519696369     
   4.4593116305097507     
   3.8489252772732718     
   9.5038416241431811     
   19.717505024577061     
   2.5166771528840548     
   2.7901620933672278     
   7.0327448692738841     
   4.8960681692250567     
   2.5842339534700565     
   6.9444262818466100     
   12.886702723330961     
   10.388781580280991     
   13.593810632395979     
   10.568538889304033     
   12.840834919687421     
   5.6147757234744411     
   11.194521104438076     
   11.821394297792692     
   7.5096856790052957     
   13.450053411566119     
   3.5154858686776302     
   12.878812209321866     
   14.313538797724538     
   16.147836777455925     
   1.1821111629885195     
   2.9888309882309061     
   14.048125071220113     
   3.2360723004440839     
   14.097394801301720     
   8.4394072487203946     
   13.115301267923352     
   3.0122983376135148     
   19.301476120256595     
   9.6124068967329279     
   8.7570832227926907     
   17.067314464658306     
   9.6256681155791810     
   5.2303127695897071     
   14.688658040448745     
   9.1635299846420519     
   6.2317655157444367     
   12.683358342032252     
   15.847909151040847     
   7.6918260179078413     
   13.484239469325587     
   16.919739833350707     
   9.8131624962364956     
   19.995181444463277     
   7.0181216561225623     
   9.3247641329919961     
   2.0136607159933217     
   1.7098886882580744     
   14.987409321967677     
  0.64950088199110523     
   9.5142887408482331     
   16.897854306553789     
   2.4301606638596684     
   5.5181529704900871     
   13.014291481567549     
   5.0689013830514895     
   5.5814575174513319     
   11.372610249393453     
   4.9716904644720579     
   6.9245777905746442     
  0.71579054806973685     
   5.7516124874840946     
   11.454863844999043     
   16.080706004151530     
   18.622120601940424     
   14.567866487738190     
   11.339866690835493     
   11.285768121626367     
   7.4063857394682664     
   2.7917004015663593     
   14.403207417168860     
   7.1749721892837197     
   1.9081693662900845     
   11.396190911901376     
   5.8123612228132249     
   7.4213246466059175     
   3.9273750360799609     
   14.922245232515772     
   8.6050215323914276     
   5.1757958720697612     
  0.63106673158213500     
   15.199582663532038     
   5.5749601477335764     
   7.4097453586208317     
   13.472556221054287     
   19.313184357530858     
   3.5234467996278807     
   4.4328096190264272     
   16.097081613558856     
   10.209764674500335     
   10.980521905173299     
   10.462231382688088     
   15.054249240289973     
   19.409794458917233     
  0.41878081953370394     
   17.853299484644992     
   17.458589644263089     
   15.301867471090338     
   5.2080763170502902     
   6.5025936532416768     
   2.4322209182923760     
   16.028948971259524     
   18.943638112084049     
   7.7997378716905335     
   3.1653818952913970     
   8.7384565185250640     
   1.2928997381265428     
   15.571068093857230     
   6.7539966269397533     
   7.0760479663442304     
   17.412172699507394     
   5.8392232350056990     
  0.39960521353468614     
   1.9682259799789725     
   17.301485776118600     
   5.7248350028946593     
   5.7955898952952412     
   1.9634207003842774     
   12.215380849135711     
   6.5189647841835967     
   13.393758310024953     
   14.748709959848220     
   2.9968822747138302     
   10.005919722226391     
   12.974798138403990     
   4.8730904455595798     
   18.332700385264115     
   14.749120665401868     
   3.2257334142612981     
   14.778057655816045     
   6.2655280746371211     
   2.2520009821278775     
   6.2384044009851376     
   18.621366995463063     
   2.4370756101717306     
   18.845034601184761     
   1.9055383678841165     
   18.333830911791605     
   15.888513807594505     
   16.058119084402044     
   3.8930267283477793     
   1.1755060823932961     
   11.261948653008844     
   7.5694800802954321     
   10.689639254059099     
   18.082220048999240     
   5.4379585619471404     
   12.992038085463278     
   6.6066927194737008     
   19.041446857947857     
   11.314274110950528     
   7.2437904647960449     
   3.7386658585203003     
   8.3422632688677130     
   4.9260463920964543     
   19.069691970124587     
   13.664692082787955     
   18.609312939413307     
   14.407692915436684     
   6.7550069081090740     
   2.6963174344932872     
   2.6005065215910816     
   13.237765118313359     
   15.090514204812127     
   18.679757001596499     
   5.1288898080375560     
   2.6180918011725574     
   2.4762685105364923     
   12.149274572670809     
   2.2461992556572064     
   3.6374521102127733     
   9.2701876731247026     
   6.4859524123594170     
   2.8431091717716050     
   11.186914096115366     
   9.2639999593092348     
   13.166264912407268     
   1.5207223467013087E-002
   10.623024851061167     
   18.536630593561419     
   7.7536334149838870     
   16.351716827181708     
   6.3855547922889633     
   8.0713632968981290     
   16.807133035037385     
   2.8456069648377436     
   16.229102513234878     
   15.466619948333403     
   1.0156583861515656     
   10.773272173424488     
   10.774359617843363     
   3.0002708381656462     
   10.132973171726134     
   15.912999846891632     
   7.0216385580857903     
   15.345063435209141     
   19.025814245143422     
   8.5097556790929207     
   4.5551380816017017     
   17.031059391818502     
   11.611633034119356     
   6.3028307441633640     
   7.8888126325981833     
   16.593446136677859     
   19.705414542739167     
   5.3971461505393714     
   13.573412051331095     
   4.9067105932979889     
   17.365195367571694     
   6.6475226015782702     
   7.0435579433779472     
   17.943024278361172     
   7.9723820614909746     
   14.061394276294838     
   17.233099182901437     
   3.6650842013269158     
   2.4522905423848784     
   14.938644896695754     
   10.566539050619394     
   14.658592617327619     
   7.6247123566350776     
   13.492037000794358     
   18.348248983461993     
   10.187545492481263     
   10.355973926162696     
   1.4113854759421751     
   17.460459681315498     
   11.258009463150620     
   6.9771853327825140     
   3.3789351198031126     
  0.93940262011902531     
   10.032081253552681     
   18.833668635577531     
   16.749980336881187     
   12.232050609069995     
   2.5760251305472237     
   6.4947682794239476     
   6.7631239593702368     
   8.0651477921136632     
   1.6724871473577885     
   8.2951567783079465     
   10.969551317899800     
   17.280066590565074     
   1.5158637905171313     
   10.793440529596980     
   16.697287993715815     
   14.433831490262492     
   7.3856585070749965     
   18.676599648686036     
  0.41985411148312002     
   1.2524714221118449     
   12.304492115805154     
   17.765099948186972     
   12.701793927366037     
   15.396883584203673     
   14.985397475945613     
   13.036919513127941     
   11.460371717014182     
   12.791301869657946     
   7.0945031584357521     
  0.18366069495535431     
   13.734841926825474     
   15.640187350098220     
   8.5519793995917954     
   14.388862804820706     
   2.8276816650280101     
   17.330178745600904     
   19.524531019424931     
   17.181400437892222     
   14.728384737191206     
   2.5791273640285239     
   5.2206769123561614     
   19.897719698463781     
   14.873670620924118     
   17.899710551756502     
   14.667177362907509     
   12.636886454810977     
   19.094349652452397     
   15.634445999963633     
   16.710608007325206     
   8.9246968327547158     
   1.1524179040135163     
   11.239471121353649     
   6.5138742517126431     
   1.5076478041757402     
   4.4156356050765888     
   19.843875931452938     
   18.900530630507564     
   16.367782553483288     
   18.376755422392982     
   16.665470373171548     
   16.879459903472824     
   11.553486743471321     
   4.2731980687471989     
   4.8515036824583690     
   4.0977780296516801     
   12.789915870185641     
   11.681148951204525     
   9.5679803893727886     
   14.393978812856920     
   19.394747222199420     
   16.198427052043801     
   8.2648912742601546     
   11.845787870142356     
   9.9129444590909817     
   14.119696364217219     
   6.4164088326213609     
   14.098037286926523     
   19.267249817025174     
   13.538858918477146     
   6.7188847609311502     
   17.401707565611321     
   4.4648198050481636     
   19.463259240430286     
   9.9313632168710413     
   5.9329792406608988     
   9.9654539658758416     
   8.5974381591348621     
   11.534160439446870     
   4.3373927819327811     
   11.920492565735278     
   7.8987268521994425     
   14.581233973470216     
   4.3376837956550229E-002
   6.1923928008296025     
   5.9786701169168932     
   5.6342156514627568     
   5.4847697144433960     
   11.833998163630383     
   9.0497568121055139E-002
   4.5630140381455693     
   9.5710364795959446     
   7.6658497694655985     
   1.7041647087044209     
  0.42514477455840360     
   5.3967663749623611     
   11.033417730102935     
   9.1503588891179035     
   6.7064974403976567     
   5.2101194280144725     
   16.494268191870411     
   12.576071258249101     
   16.379429283207955     
   13.310314911190623     
   8.8326695442493204     
   11.636743774894207     
   16.352601588960386     
   12.727633407267726     
   6.9521006430291621     
   2.2116269159587176     
   3.2233044844000558     
   6.5541618959460202     
   12.401526605966829     
   13.080861794004502     
   12.127606053108968     
  0.87298131428415582     
   19.565126252631931     
   9.4533712841374076     
   2.6673790712798451     
   6.3856711527783006     
   1.5176548232528986     
   3.3831735970065391     
   14.057379649219506     
   14.483130619600640     
   6.9389528090956425     
   18.403676161575795     
   3.5679308678372190     
   1.2010115042353897     
   6.3376206638026833     
   8.3828517993275309     
   18.592190523615194     
   1.3584675822958414     
   15.538143094254437     
   16.841700642873235     
   10.482183979586964     
   14.020119518189254     
   15.081957773932199     
   4.4689499549624507     
   18.253507921586575     
   19.824821415700505     
   18.559414349455011     
   2.0071360966472440     
   7.4568330764452373     
   4.5339312207033755     
   7.1023127989972128     
   18.810846957556230     
   8.7731403256414868     
   18.106849463488373     
  0.39871247108935970     
   11.603140809887167     
   16.946685572147942     
   16.459513658312254     
   6.6324587116204388     
   12.769305993465149     
   12.822247325085135     
   9.9856066255665148     
   18.569071945437376     
   19.317511998638771     
   11.740473564482075     
   10.259348963817219     
   10.068829520395429     
   5.5404802831933324     
   15.386895385031290     
   8.2892467282689317     
   5.2716554670819331     
   19.250873624904582     
   6.8785309531187160     
   13.141740543371654     
  0.77492010509107923     
   4.2028365472328266     
   4.5693499813605616     
   1.4443644357440255     
   3.7407588132732439     
   11.397063304475319     
   15.623522341746419     
   10.885275120199074     
   13.237739152723776     
   6.7778445358877910     
   9.8444157851123038E-002
   4.6462115287904098     
   7.0770395686416920     
   15.517422180657105     
   19.058510463105250     
   2.0604437947347520     
   4.2628471267632158     
   15.433120412059893     
   6.5728675982572016     
   12.495623017998820     
   3.9129487620030279     
   18.168227244699608     
   13.335075692468109     
   12.779338213127787     
   18.898260777439230     
   1.0673261758245034     
   11.061495860682221     
   17.943532620490146     
  0.17508911752994738     
   15.512292363602821     
   1.7625606204751909     
   19.902405011387685     
   2.2407127731561904     
   5.4031892821466165     
   6.3431895861961918     
   11.754221086550450     
   6.5297518998947401     
   10.291268265579374     
   8.3374290582637478     
   17.204470613926802     
   6.6217704534260013     
   2.9261704089232610     
   3.3074283778050750     
   13.071082987593257     
  0.94662900277585393     
   2.9561830611322959     
   3.7679869051405945     
   11.909308280561653     
   10.906704465285129     
   12.017973483399402     
   1.3024657572569565     
   7.7286441283250333     
   1.2577206966774046     
   17.983545729975496     
   13.647411777500357     
   17.210110412799803     
   2.9115756589967257     
   2.6792408961737912     
   1.3051699146289719     
   19.680720009075014     
   7.9689766791358219     
   12.631871957621927     
   12.470070678540450     
   6.9114058848427185     
   13.063659549426479     
   5.2019329122722286     
   11.796120863189429     
   16.082073837423508     
   1.0390550040890956     
   5.1107227785611116     
   15.128262548106317     
   19.633175343699577     
   18.141427895849116     
   2.3912034485365297     
   15.005648530268145     
   18.435421865953785     
   3.6838737848450465     
   9.1641693875972141     
   2.6475189705339797     
   4.0830336829504326     
   18.046610381528115     
   7.9467398944048711     
   7.3646363189695325     
   13.709017346534900     
   7.6886566386059796     
   11.521752906575921     
   17.651632586495403     
   13.032526036942901     
  0.90567906725878222     
   13.277175330388397     
   17.978222773016022     
   16.573744844781984     
   14.463352604554231     
   4.1310646066882395     
   18.812874476697207     
   3.4947398027937471     
   5.7667355497412487     
   7.4153445366116522     
   4.6806597809242145     
   2.6009824468934206     
   2.3373818021134407     
   13.965680097040840     
   1.7377880382528721     
   1.4619949283368006     
   19.528734269421516     
   2.9688596152571822     
   12.751393017919572     
   17.937987859871424     
   3.4852306135529254     
   10.145121780504669     
   15.009191660447625     
   6.3063858233723984     
   18.703954718299947     
   6.3920301017607795     
  0.44374681723151399     
   11.626495390729342     
   8.2753082429919829     
   13.451539373515756     
   14.892180850142161     
   5.4990028096084380     
  0.26276249155709142     
   4.1630273644472959     
   16.187155027637978     
   7.4610282487448165     
   19.872026904632961     
   10.782706004554841     
   4.5795966445670544     
   1.0980674110913213     
   12.426249291921923     
   8.4562800655329617     
   10.866662579355815     
   9.8448759226875371     
  0.33209164150462156     
   5.1510824032981439     
   17.113174174706533     
   13.620261456492566     
   15.942680020065776     
   19.323150387410806     
   16.156761823134641     
   2.3441094083142500     
   11.211326297216832     
   2.3142579090156712     
   19.400750653994596     
   18.433550782862550     
   8.1013703367965224     
   10.307438256434429     
   4.4998124126466399     
   15.418812439145846     
   17.259923552094627     
   8.0697416531927679     
   9.9876184681062341     
  0.16951630360630743     
   9.5448532627682425     
   3.9746928950977245     
   9.3522749768424323     
   19.664438457033555     
   15.602080468240260     
   7.4574259103329554     
   6.1751225046762244     
   14.484720135576508     
   10.771008961299815     
   16.553258026070541     
   7.7642554797032481     
   18.231556003523181     
   8.7654406650588239     
  0.40092980535393119     
   15.045174520572369     
   15.912764892231738     
   12.719304456870633     
   13.135408578859513     
   11.449067977015762     
   5.7140763576366265     
   11.586135610298827     
   17.286830285108842     
   12.771981740103048     
   6.4558735423697966     
   3.8518468435855469     
   10.148063480079134     
   10.042405433697921     
   7.4915587451064480     
   6.9019674730262253     
   11.415555573689796     
   10.646104140876060     
   13.254463883601890     
   19.017409942557755     
   7.8610139930408902     
   8.8928734316665974     
   13.483315222230523     
   10.399307199795590     
   1.7082809249659148     
   5.3756911894018478     
   8.7899530914556472     
   6.6711533935841727     
   2.6902370986771973     
   18.142085753303373     
   15.436267094495381     
   11.422163799942371     
   2.8864853924810241     
   13.382560413273730     
   10.569940756036926     
   12.546455058966213     
   17.660865667943192     
   2.9145790986763553     
   15.252842926070635     
  0.16674075484839568     
   9.7064123109160168     
   3.8193195343085673     
   10.356852274164211     
   7.6479132851539227     
   11.307318805234408     
   18.112063439025057     
   17.854235263944364     
   7.5515675581322554     
   9.0237877600423584     
   3.7780916579694890     
   5.7776976811480329     
   5.7504826824584354     
   6.2372366440781990     
   2.1168272392344134     
   13.655058501522783     
   2.0128383737018263     
   7.2349381007685798     
   18.308304709604908     
   11.736045242956731     
   3.2181612367158596     
   2.9613994749030392     
   16.589240806690089     
   10.645342601124208     
   19.177107189877105     
   8.5760846697904327     
   12.533541185330026     
   12.187309835658553     
   2.5166429926157297     
   15.799663618734716     
   8.7367715622114179     
   11.500410206974760     
   7.7206582909910182     
   3.6422742916091044     
   3.4037696485662927     
   18.693206041994376     
  0.51324615654627204     
   4.8965392699531174     
   15.783409091146224     
   12.014136419376404     
   8.1880243170654872     
   1.4886393085660266     
   1.8819349500529170     
   1.5579087514072798     
   17.844752800053488     
   7.0179859764068331     
   5.7947078124191869     
   12.877600465404694     
   14.684458381652096     
   4.6722128772104288     
   12.077636983408254     
   1.6785537590815491     
   13.416230170110801     
   1.8541384552457019     
   19.064829593590321     
   7.3931094742298225     
   4.4266735889223590     
   14.794575492377115     
   13.050090973656880     
   5.8228720326038141     
   10.155148402681121     
   2.4265649638896369     
   15.926191508383967     
   13.657160842665778     
   11.032530072919455     
   15.095935374003215     
   1.4296143130436545     
   10.970290334612113     
   17.328447009821236     
   5.9470692795907398     
   12.841458395333646     
   12.485249230620411     
  0.87425575066515604     
   19.365279665516809     
   6.0216206605371543     
   19.753325103957682     
   15.234632288397128     
  0.38395141744376193     
   11.271226633591965     
   4.1332478681910896     
  0.23561504862239735     
   5.0549932026724909     
  0.52902305833966157     
   8.1196393950157919     
   19.545761965239372     
   5.3194375546131329     
   4.7069283857640514     
   16.710329522947852     
   12.773576510652731     
   11.932358152848721     
   10.184950318467028     
   8.5274488485649353     
   12.404260782885604     
   15.242590179876398     
   14.671843858202944     
   14.608464504833268     
   13.575915648705772     
   12.945531634335994     
  0.43735082793627811     
   2.1777036008974715     
   16.253088909222576     
  0.49078663947412116     
   11.096274502496883     
   7.9415147759746514     
   6.4212991537638420     
   11.336810624651722     
   1.3370413785174828     
   16.288092011926175     
   17.794749323127476     
  0.83527243922962180     
   9.3739041010976436     
   12.364645342213565     
   19.108328330098296     
   8.1661625355389216     
   1.5995789265758420     
   9.8223812896421201     
   4.3666741555843753     
   19.304156421033440     
   18.088094521611552     
   4.9293029024704467     
   5.6352059561416290     
   17.392002619065284     
   12.510446001253205     
   4.1015121469876625     
   5.0532136486724699     
   18.048848053542596     
   2.1783377388314817     
   17.488150444239022     
   16.889867622707740     
   3.3248125878298529     
   6.6083322310170267     
   8.3081521883217491     
   18.336107382578639     
   18.936100576557621     
   7.8375198649095861     
   7.9030961673466749     
   10.070754853616835     
   8.0920447018004218     
   14.527905766520346     
   12.365731377127073     
   4.4308940740507925     
   3.1360102398160228     
   7.4350353324047695     
   12.514373059384848     
   8.1359886544417428     
   17.921224489199790     
   16.144515120083863     
   6.3851322644799335     
   1.2285609573273559     
   17.824328059306978     
   4.6404212795781508     
   12.011925575292121     
   6.0804294005749959     
   3.9332385689558369     
   7.4925294963356830     
   18.339292121236337     
   16.908853249135230     
   6.4418583829686282     
   15.357353934322074     
   5.4774609156104308     
   3.1017394381615859     
   18.918434667911736     
   3.5326459757930784     
   4.6089884010772053     
   9.8517153238571282     
   17.135065187368564     
   11.470014564642968     
   6.5771220512469730     
   19.149742927510161     
   5.4227998489329128     
   8.0388892339828200     
   4.3677974896778089     
   15.479835150016354     
   10.249478673021651     
   16.177006203333434     
   8.4997310521309082     
   6.8602977173120694     
   2.5389739097654385     
   9.0698698947839063     
   9.9420790046906014     
   6.5123461426665896     
   17.034446625730769     
   15.303327621354832     
   9.9706120787456314     
   16.238875555240913     
   8.1353296600807408     
   18.970009336271193     
   6.7436114907192435     
   7.5891843884012129     
   8.9479864335055446     
   7.1971844953407533     
   3.0318393901198926     
   18.165068197488850     
   16.798939164741114     
   3.2281247408425529E-002
   7.4504474064361776     
   16.528829416716619     
   1.3451702243167363     
   17.957305469496319     
   9.2702733108987267     
   3.9836258677035663     
   19.674893230982534     
   7.9681715659586372     
   14.480398961930570     
   14.614893944019817     
   17.584200375828484     
   6.7694499659543332     
   7.8925248587279988     
   6.3545833088325798     
   13.925237217392006     
   16.977013918623179     
   9.7251520657951396     
   11.560764867197717     
   8.7404333517085426     
   15.981757107878424     
   2.6544922895787026     
   2.4913836760856656     
   18.847170040231347     
   9.4772684690643576     
   1.7091055003356104     
   15.624742125432009     
   12.556652675300679     
   1.9330177637959700     
   18.274439811772019     
   4.0463359241376722     
   16.212092124250510     
   2.6271927739402523     
   1.9246766115576053     
   3.0471378607485322     
   6.2807035740003254     
   6.5358771307803609     
   16.103710511515327     
   13.119497983085832     
   14.576507422073179     
  0.25625508475854542     
   6.1295429294383226     
   10.259345293471490     
   9.1810198788591499     
   18.494908113121550     
   6.1671657711112200     
   5.2506821982858813     
   4.6936384908466877     
   10.473293183476457     
   11.536961274321726     
   1.7738598467106259     
   1.5491101890941716     
   5.4995784492045718     
   3.9018023023990756     
   16.016989038656522     
   3.6001350490451034     
   10.373143631816486     
   3.9576105273043161     
   9.9117862908923762     
   4.3866896807135003     
   19.977081293333065     
   1.0834734631810106     
   14.421092337457415     
   2.5179452500351962     
   7.5314051277711025     
   19.808923922271209     
   15.674638695558547     
   8.4124294599396165     
   3.1077598622179514     
   17.742084836611454     
   15.281160336003319     
   17.447370727363065     
   1.4257223683338016     
   18.789066984643764     
   3.0769968955895521     
   15.744848389953281     
   3.4006190055102525E-002
   2.9490819329833928     
   14.432917438150740     
   3.3521529566488506     
   14.498757625678342     
   1.7708197857459518     
   16.256040077773015     
   9.9148006598657918     
   9.3488654956611015     
   8.1403710617114484     
   5.7853714734435835     
   17.360167286827561     
   10.471437569394734     
   5.4880238449687830     
   13.688219496765818     
   14.994851302063278     
   1.6230196562430677     
   10.155640821735313     
   9.9395567393951030     
   1.1003706964770288     
   18.475763129247998     
   3.4362513475569756     
   2.7367225814572271     
   16.764790404650082     
  0.14198169681005179     
  0.61313739579492044     
   13.739797821305329     
  0.79314629836728656     
   9.1063020819558123     
   9.6761105570922741     
   18.985816107473614     
   3.4131535705869398     
   7.1826508612135083     
   13.791015239231863     
   7.2174921099544171     
   19.098123877774032     
   9.6015329416275979     
   18.994682694991329     
   18.989423488256826     
   16.662902232142855     
   12.455166909179081     
   2.4608811440392109     
   7.2678033126008179     
   3.0453635109264710     
  0.23249470353492896     
   14.230788359666624     
   8.9295708519167007     
   18.286730649344911     
   18.169823906217172     
   13.108813250198434     
   18.190723554600069     
   11.603804979154077     
   4.3520674190598374     
   6.3639274177237652     
  0.72852643511706727     
   9.4692138413417144     
   14.532306027558246     
   5.8978437470401364     
  0.70558750500798517     
   12.175324920128210     
   3.4298159747611900     
   6.9798029991483990     
   5.6061893534560658     
   14.961991455777914     
   2.3173345490679287     
   1.0299683365729662     
   10.484390826813019     
   17.228971076222820     
   11.279346743580502     
   4.8310064749377579     
   2.7073314860604336     
   6.5547859334105691     
   11.699196377465972     
   6.8849377404004297     
   4.3688693568091663     
  0.86071886266767539     
   19.020629272092030     
  0.89250580134155433     
   13.252415357889227     
   3.4318706406498256     
   7.0751778030998214     
   11.166232245501673     
   14.828533241205562     
   19.746080103470124     
   10.174173522040348     
  0.53268201030239437     
  0.55961151603143744     
   15.295678154540280     
   10.197620248859847     
   12.442655070955784     
   8.3354429819069473     
   2.9955526768126117     
   11.075685905896757     
  0.91252595101747991     
   2.4609461533950050     
   12.926181110004789     
   1.7571980830707257     
   11.012485919855099     
   1.4465679939077414     
   13.908102904097827     
   17.268953092791676     
   8.2400026367103223     
  0.96547116309575465     
   18.007592346648298     
   5.1738512701334454     
   13.671167947295386     
   1.2052054336818174     
   1.4802329496087019     
   15.870905656919053     
   14.645236259581756     
   2.0943312250266555     
   7.3274925802504498E-002
   10.029496660084998     
   19.741288749452607     
   16.050374389811534     
  0.50022119203177784     
   19.634271909094274     
   12.246386164894430     
   2.4733569919919329     
   18.406911108829483     
  0.64835637288235048     
   14.445953512859894     
  0.43619879643175485     
   6.6085749290777240     
   17.834041054383359     
   13.769377034168837     
   2.7774956888433699     
   12.925615503213665     
   5.1698833099451535     
   14.771792070987861     
   6.3991215295414428     
   17.350348917924478     
   6.0685192736884375     
   11.114479451695040     
   4.9629961492093084     
   8.0804785564299042E-002
   13.366005414357623     
   3.8768023933957618     
   4.9870979087679608     
   1.1269073847329514     
   17.360146710101223     
   13.784344325074962     
   12.372514338218831     
   13.436901319715579     
   7.4445220637120517     
   15.353505245292592     
  0.38523467044319970     
   17.505266620072145     
   16.905624232499960     
  0.19017121041176033     
   7.5613037036025172     
   11.041245771449395     
   5.0859716062995153     
   17.866636191193756     
   1.2871125421286123     
   17.208975542530705     
   13.643112676560792     
   3.9607620309803648     
   2.8698626419217010     
   14.474242736494865     
   17.264967860224207     
   13.409616841170779     
   11.279945747666019     
   19.557998774573313     
   5.7413950085455001     
   5.0772475837580284     
   10.308672614774482     
   12.798368625556423     
   13.029410939400240     
   7.9800120456877828     
   7.1151799518668790     
   7.3603856429018100     
   19.437100607820788     
   10.413005892066456     
   15.229516436046467     
   2.9753490621900225     
   16.447811370376535     
   14.767606477348281     
   9.6786616819318851     
   1.7598441860487757     
   10.960798481849636     
   3.2591984177481370     
   15.072995375527201     
   17.121515917066851     
   14.788877139171330     
   16.939503818114780     
   5.2056918886708647     
   16.201452103719344     
   3.9679494568387019     
   7.6084850422039345     
   11.229162158354507     
   6.8559058475168877     
   6.9500202055257931     
   2.5674180128217250     
   14.411956907206031     
   13.074590267669544     
   11.092155602548061     
   17.409289867643754     
   1.4166089018280581     
   15.822286291933228     
   15.814358804847819     
  0.69444377504437993     
   7.1054862113789508     
   8.3333126239598663     
   5.4055726698875839     
   19.964478197514495     
   7.5755260057050000     
   15.589857486659238     
   9.3262807388088618     
  0.47702176796124984     
   19.950905783224954     
   9.8702377658930391     
   9.8628224846372596     
   11.543386265548010     
  0.29217804341756581     
   9.6025713711884571     
  0.84010070074097110     
   3.3457506186981556     
   8.0252348519346572     
   19.206465782142871     
   3.7654453701174906     
   4.2143042216532445     
   2.7756522924858729     
   12.301230634793132     
   5.8531144124279351     
   10.446786133959687     
   16.276035165876987     
   17.132927188177185     
   11.753528818732759     
   13.035172535261516     
   7.0393405320841307     
   15.872334998025256     
   7.8882792368084758     
   8.7172551984716087     
   10.289092636529736     
   10.061215290706516     
   7.8035764835569665     
   3.7541988166753537     
   19.846287415790801     
   12.092820072243333     
   16.510647296779279     
   6.8366757809641072     
   11.699047254085206     
   13.083413451647186     
   15.114554555047153     
   11.950344515511128     
   4.6063913317323557     
   18.643783332706771     
   13.090643987273348     
   4.2875806477434413     
   14.082176329786604     
   19.124351785748782     
   13.287437696422860     
   4.4868384795166332     
   12.607050152673857     
   1.9960561167661561     
  0.36366475172686208     
   2.2546849985188655     
   6.3667764731960190     
  0.91965161574735665     
   11.724207671906390     
   13.650528827852149     
   17.457271867246231     
   13.084836164670017     
   13.190790147128993     
   18.760579608924402     
   14.897949345875421     
   17.626206987173045     
   6.6220181539285372     
   17.819435614750450     
   9.9001027753232513     
   9.7327490613134273     
   11.383786779261548     
   9.5021073928758160     
   4.9231128979845877     
   8.3895671811052441     
   8.1508915535235325     
   16.336602753081301     
   6.0543780288575544     
   10.198588518385161     
   10.236557201774099     
   17.135617913294848     
   1.1251676208792838     
   12.849829921757422     
   15.374595630255531     
   2.7926936958561988     
   2.0429766002975858     
   15.378446052016105     
   15.855759186335113     
   16.225891136852447     
   18.132622843159986     
   9.0621002489232652     
   1.6224639355302473     
   14.222989218948999     
   6.2078807948771519     
   10.309208628447905     
   2.0312280639888280     
   18.818062389209423     
   12.994294062664260     
   9.6635684252014933     
   4.2843334403986555     
   11.421571258456883     
   18.063186719590870     
   15.020473842377660     
   7.0830554824719805     
   13.131857030102568     
   19.350761783774896     
   13.287668765862733     
   5.3447413075562844     
   3.9710206164735018     
   2.3958937240617373     
   4.8892193936407713     
   14.044247343392565     
   17.919392196160683     
   12.771530555366953     
   10.611340362286001     
   1.9767908431022430     
  0.28447767826448978     
   8.6168051556172074     
   15.411746616768195     
   12.895992424423767     
   18.735607900982277     
   15.238939878462634     
   17.540029647607579     
   9.0617036710930492     
   14.940488403967692     
   19.205088733464873     
   19.028700052801717     
   14.197746430715991     
   12.014487933825045     
   1.2920612860037761     
   8.7859794533774238     
   4.7036620204037654     
   13.633857231682429     
   8.7880245342079615     
   10.902487397835163     
   6.7463312067630117     
   14.842835033121005     
   2.4857673850062345     
   19.555691294252021     
   4.0616818643093300     
   4.2649795212709662     
   11.171291138894993     
   19.086240731955314     
   8.4102340049790563     
   16.989458963883727     
   14.193441790720652     
   4.5049687517915027     
   16.412036988295995     
   8.7341098277103946     
   19.858801132960576     
   4.6783687772124560     
   3.4546819374129156     
   10.590770719685047     
   19.222683190651619     
   6.1302465115369476     
   10.266652910723298     
   10.058570799470877     
   9.0765218701770891     
   15.930369989548758     
   15.445343141227761     
   5.3854807310966102     
   7.7784600969336299     
   17.377061855451725     
   17.368297035412080     
   6.0700137120522140     
   3.6887033137522396     
   19.321261484285987     
   4.6128532949938155     
   7.2219091962800537     
   8.0616503502813899     
   11.857911767926304     
   3.2676620183244487     
   11.441652261844046     
   12.975791883852777     
   13.504538179382495     
   12.499792040560729     
   6.9651115079262311     
   11.937038950061449     
   3.0185399824720216     
   17.659583476788914     
   8.6368906937335090     
   17.503218731815835     
   5.3449163058782689     
  0.36570654172314532     
   5.6646440268045311     
   8.1390197510115421     
  0.83304015907707418     
   2.8929549911415320     
   7.3108040910981975     
   6.9315756224440150     
   4.1912359532711978     
   18.187456349784028     
   4.7067401126132857     
   13.635194549016525     
   8.6793457856087812     
   16.055347454587210     
   8.2089525584187939     
   11.051994011922890     
   4.2819383427828068     
   12.317781563937633     
   13.081088977434916     
   9.0893587604866699     
   5.3275720658547492     
   3.5733094680528299     
   8.1907479232640412     
   17.611309670745865     
   5.2289088754726754     
   6.2253146758477795     
   14.153193344102309     
   9.2120078736228699     
   19.737488904266016     
   11.683250867687555     
   14.416124199105866     
   6.4962827395107414     
   5.8554149445662134     
   4.1570755012712119     
   8.6163338853309686     
   12.736087806908241     
   19.750993138295115     
   9.7844870333044263     
   7.1005724243084645     
   1.9244625778474767     
   3.9065611341570694     
   18.082879818747223     
   2.2161588320310366     
   15.172963349697369     
   3.5301307653330394     
   13.362066690435990     
   9.6553128351054127     
   19.205449339600353     
   2.5383439884202685     
   17.266353709351790     
   3.6866417129263906     
   4.5180049959698927     
   19.452057344019018     
  0.77096120208560048     
   10.701727421631100     
   13.658638347006303     
   3.9189789785618689     
   2.1107128619757365     
   7.9663801930703837     
   18.264737464296491     
   17.675667374889727     
   2.7703338259410359     
   5.3401124889757057     
   10.752712433735475     
   15.181786384249037     
   14.018932783224368     
   6.4516745278204013     
   6.5271939862266670     
   10.201282119348587     
   6.6795024139829628E-002
   11.050057335623229     
   16.118252525955249     
   9.8269313403216287     
   8.4814354301790758     
   15.213617253787778     
   7.1016202090382645     
  0.96036263577060188     
   13.207085032183542     
   19.086012928219269     
   19.079621670348693     
  0.59374488590924202     
   7.5667665595231748     
   12.207404975345300     
   18.237851839792086     
   7.9424658922496256     
   2.7373973953915498     
   4.9802177748013481     
   13.679495202779107     
   7.8266733352211997     
   9.6905831577726289     
   18.517523029899056     
   11.731314178438055     
   15.475302011025233     
   9.5804096885970615     
   19.207202398935223     
   14.081219707387513     
   8.7429287988291762     
   8.5514274458855546     
   2.1181099437443618     
   3.7160708854492919     
   6.8910416454124164     
   5.8534209320059549     
   19.466188178769869     
  0.28494344443944497     
   3.0892688208568675     
   14.243256949467924     
   12.282095878382325     
   7.9114578362567372     
   14.530313723194169     
   12.413157261562455     
   1.8101331206400761     
   8.6202300741502729     
   16.047529748041594     
   5.5126076582756429     
   18.224976159891057     
   16.021597254559254     
   5.0415406332828177     
   6.4717249361340778     
   16.453180221623995     
   1.8602033924289341     
   14.723228803983323     
   7.4947140946338813     
   1.3896822901475914     
   11.192156919885466     
   12.373926404471439     
  0.43223053089554098     
   6.6140898079613581     
   2.9082481792415127E-002
   7.5927691536467368     
   7.6278286414343865     
   6.0885968848178429     
   15.485129948160788     
   2.8469720558641987     
   4.3573377322747264     
   11.211337168901277     
   6.7899864629019469     
   5.3757557868355939     
   7.4198065397536972     
   3.8347037045820209     
   1.6399332300771619     
   7.8955862134646093     
   12.217704159698542     
  0.60829183710537027     
   7.2610847874920781     
   15.600358662907281     
   2.1465545287172594     
   6.5122722886013591     
   10.066870699415890     
  0.76191001864583940     
   13.232665542787956     
   5.7160685870149468     
   1.0717047325739082     
   1.9023075241502951     
   11.705699794276434     
   15.590105295086829     
   17.212744763509690     
   2.6895361252693473     
   1.5677766947992167     
   10.188027326273817     
   8.9131943217809138     
   2.7719372718887736     
   14.405524461039569     
   10.103558735713843     
   11.609584000401338     
   17.323153971283624     
   19.916338380172341     
   16.897745842416708     
   8.8539241091176351     
   3.8262958043303619     
   7.2462652224460040     
   3.8612985027654023     
   18.708722031484541     
   19.212542281393837     
   4.0152309055346631     
   10.772670385283714     
   1.6354310146176054     
  0.67999643128477727     
   19.717936972223608     
   7.4712652366120409     
   9.3227558182422694     
   11.066465489690989     
   15.843563031033870     
  0.72237658052110465     
   1.9043245690314947     
   7.6094063588469556     
   13.430746676599947     
  0.43032399403181598     
   8.2819493792802845     
   5.5309779419195948     
   15.476991577880108     
   13.146986644705274     
   15.203456566305608     
   12.442735361035647     
   6.3675511758489733E-002
   18.038298237013613     
   2.0959563309041140     
   11.580695574024258     
   5.3973555811658365     
   4.8241451683398440     
   12.857674240525700     
   12.263263475894771     
   15.536026214606881     
   9.5102139708689126     
   18.543691451152974     
   8.4155313119512023     
   17.964896546083729     
   10.161286911490372     
   1.3009742172231253     
   13.699425559820579     
   12.242236017938662     
   2.6110834265977845     
   10.559720130451538     
   10.973121432041706     
   18.387071793432920     
   14.768939184700567     
   9.7275204737792205     
  0.19917364936054227     
   1.4587833747921297     
  0.27466150861452210     
   8.0567761631584283     
   4.3762644000541595     
   4.8401053099820217     
   11.606600951202722     
   7.0650710752629831     
  0.69908772047608148     
   18.958623197301385     
   18.731825788055154     
   16.434476226614581     
   17.875032351097346     
   14.266315527260527     
   2.3074386844799299     
   9.2578423473379310     
   14.184996985845642     
   13.434508285747528     
   12.450219925635096     
   4.1397971795950799     
   3.3959948532638018     
   8.8936283886672705     
   14.525234598677560     
   18.358898477928040     
   12.967439085434375     
   3.4020044287649265     
   16.969229641432406     
   16.041964362212727     
   11.135005432774300     
   14.030196563996473     
   9.8244013596961981     
   4.3079027223317716     
   7.8779468699216348     
   6.7110996251573285     
   14.485969824784348     
   16.308122810928513     
   13.873089895640904     
   13.271835251730074     
   4.2753455135574310     
   15.033101079681504     
   18.684788430608656     
   5.4068652719985515     
   9.2507500628363921     
  0.60568929577310859     
   8.4736172522968687     
   4.5521486380662424     
   1.6698803354985836     
   16.595941603806502     
   8.4496528740350740     
   13.250921156426376     
   8.9055010778300705     
   4.2478853980779814     
   11.127937312222389     
   2.7739265207145203     
   9.2028423425255497     
   1.6579398403592993     
  0.55057474430596720     
  0.47175624288054552     
   10.262133108957055     
   9.2047560004308426     
   8.3649112945224875     
   5.8335114348675994     
   13.957970373639196     
   4.0784705543711652     
   5.2652599858063365     
   5.9051794877918535     
   2.7026597784905682     
   17.752420748161740     
  0.32940869178502030     
   1.4189272098327610     
   7.1091853890349466     
   4.5157340130339456     
   17.728565572232228     
  0.86454106712000378     
   6.1213222013757314     
   13.448635872291554     
   18.949008895106214     
   17.945196497169839     
   16.878077783163302     
   17.145456883182575     
   5.4486022389479043     
   11.368495837342964     
   17.501217357524194     
   8.3028462250125443     
   3.9069786876075185     
   15.236010554511159     
   7.6333985852268604     
   14.883300957014589     
   11.116505600586375     
   19.073733337946443     
  0.67991784121087750     
   6.0321247428135871     
   7.7035777084103145     
   10.952925744466583     
   4.4502889968105741     
   5.5911451616656471     
   16.386985072672893     
   7.8797919826560552     
   6.1834100870339341     
   6.4605241595494629     
   1.1853476141584207     
   14.684918490153724     
   10.292191663983814     
   18.101366372004218     
   4.8204424749685622     
   13.028291816943657     
   16.664751824964579     
   1.0123588870078781     
   14.445457136353594     
   8.0029350485679984     
   13.005530592319634     
   12.131669935929493     
  0.76052291925755799     
   12.104317434440636     
   9.7546284659393638     
   16.528920164719757     
   19.931281130572657     
   13.068383629651951     
   1.8497680255801918     
   2.9858990870225743     
   3.8544177567907045     
   17.082479762940459     
   14.634978043406996     
   9.7395697364757190     
   12.121195420180070     
   6.5257811738766014     
   11.006433104652935     
   9.6821011218271380     
   11.512048172779153     
   10.372252348102828     
   18.403581130410796     
   15.181212053062346     
   7.9608775609800286     
   2.8497996751845811     
   18.649542819249469     
   8.5560173294983599     
   5.1698575285283699     
   8.7256355995176911     
   13.010692754950190     
   10.837855399517650     
   3.5940541993235353     
   14.658651419227445     
   19.336897433586387     
   11.067218396781016     
   12.123282630591172     
   18.356412657700577     
   5.6021817154173448     
   15.402399416246107     
   4.6229521627148618     
   4.3462110300499575     
   14.577998983580082     
  0.12360944196113222     
   3.9589784329420086     
  0.94480105034397521     
   17.942459907242032     
   4.5570415016098647     
   19.056381746539014     
  0.33484105359232741     
   9.0100089551504077     
   14.577595979413108     
   19.017478925783752     
   7.1600852139461519     
   2.0771906509703064     
   7.0504326723628736     
   8.1542500310545769     
   17.815807402170293     
   12.173211811142400     
   8.5397841236075696     
   16.696391760777434     
   11.598813852526648     
   19.863673486888210     
   12.905177930496306     
   17.840789896150579     
   19.995005780217060     
   1.9018172059221050     
   1.8817668443433844     
   15.129638532896539     
   19.056034178190369     
   8.3095940090052807     
   4.5069695263730321     
   9.2612791925454410     
   9.1182810709134205     
   11.125456857361192     
   2.3192254516168642     
   10.154680676325324     
   7.8852001140540517     
   2.3960084739009146     
   4.8666726860436027     
   13.893677429284111     
   13.391509260986991     
  0.88273045844680986     
   14.975389413005335     
   11.785995023412109     
   19.214572168026095     
   2.4657082774183969     
   16.610853767468516     
   2.2932365915371467     
   16.918390880359546     
   4.1312227017833951     
   10.662319920628718     
  0.99515842465956794     
   4.2729040811317809     
   13.980555533979578     
   11.239037329896364     
   2.5664036875458374     
   7.9633343648975856     
   9.4948572465428569     
   6.5854561546458790     
   15.216608363016073     
   14.841549140528013     
