  0.78902742100042045     
  0.45954184303169598     
  0.18656311352244487     
 -0.89932233861571320     
  0.47696042158183577     
  0.77469021303699681     
  -1.7109738748774308     
 -0.83405513951341359     
  -5.7617569275100165E-002
  -1.0387851844033393     
 -0.67829111468975345     
 -0.33053771989495778     
   1.1287930259822787     
 -0.90709577711667411     
  0.56667717143391549     
 -0.47978479158887194     
  0.60626499974422388     
  -1.6527408315129768     
 -0.17124313302179109     
  -1.1340509569256112     
  -1.6000063231600774     
  -1.4580929129578950     
  0.19992205271526048     
   1.1527446888443993     
 -0.49234435066623516     
  0.42085031763003733     
   1.0059983595321078     
   1.1870185931311961     
 -0.58176601222504887     
   1.4593097003625910     
   1.5277665394155786     
 -0.79729955724419344     
   1.3275139355728141     
   1.5714717805578007     
 -0.66631805180404691     
 -0.50755153226837624     
 -0.34450605449958210     
  -1.2688257688777151     
   1.7202992051312116     
 -0.14637890434997888     
  0.95599964692493788     
  0.22646854985046003     
 -0.69791969252021135     
  0.20413371417076581     
 -0.62112851299907113     
 -0.52996332748036901     
 -0.22238886433746574     
   1.6378008208517270     
 -0.77103723781772193     
   4.9757169396980216E-002
  0.71871765259532949     
 -0.20203153266625606     
  -1.4175106353680045     
  -1.5978985176472167     
 -0.28880659566746014     
   3.7815208571651500E-002
  0.43197779911021039     
   1.5787710102376546     
   1.0763923509364417     
 -0.36929097880108397     
  -1.6170279419337181     
  0.19834459952500000     
   1.5909232832276263     
  -1.3887305927817897     
   1.6818260584279865     
 -0.68670801614921551     
  -6.6844385958187202E-002
  -3.3720161072471791E-002
  0.50651796710965546     
 -0.38640494208846549     
 -0.74991052564622307     
 -0.82532753734260289     
 -0.71758071475846874     
   1.1701510724398347     
   1.5715647365719214     
   1.5157889644668698     
  -1.2666438872534578     
  0.25328454740706913     
   1.4379549370673459     
   9.6344384575373171E-002
 -0.47561942037831989     
  0.16168384042117448     
  0.55180994575166342     
  -1.0205169029067667     
 -0.16115749322265219     
  0.62585526716763162     
  0.59198799998990392     
 -0.86872878552219923     
 -0.28490451603215478     
   1.6999771049402299     
  -1.6228787335397314     
  0.21620411472125595     
   1.2159296596179889     
  0.44341214218174124     
  0.77299849305153778     
 -0.90934751055433216     
 -0.42122170877921594     
  0.61201483110432808     
  -1.0657683385389485     
  0.64359474191806965     
  0.32471246127379022     
  0.83994613715008171     
 -0.45978208673007653     
  0.69163113940646426     
  0.68848411972772783     
  0.34015418212801551     
   1.1997188073343592     
  0.70597856428722794     
  0.25008512932158089     
 -0.47109645015001506     
 -0.56760831911452747     
   1.0412436272994137     
 -0.48473419320098021     
 -0.15824318585032660     
  0.49269677774679704     
  -7.1031367676412910E-002
  -9.0531630691491727E-002
 -0.82136467085724707     
   1.3108976038481286     
  -8.3845520684949770E-002
 -0.85587104863389607     
   1.1417552125532859     
   1.4630749055145986     
   1.4932054486010711     
 -0.77792288562773870     
 -0.47615303660096892     
   1.1122672621627587     
  -1.4400650994354749     
 -0.58738786447886415     
  0.15576140474621397     
 -0.33617741320179212     
   1.2410734638918464     
  0.74529210930239809     
  0.37097287176448429     
  0.48306283930016014     
  -1.1425514995552515     
 -0.35626890200475980     
  -1.2656053353153516     
  0.78303943068423476     
  -1.0433910663001624     
  0.46580233692154210     
   1.0697719765136351     
 -0.78974145255871075     
 -0.85575339847242182     
   1.4539812158214178     
   1.3626248278535549     
 -0.25371816204011804     
  -1.7408726842854385     
  -1.7123758403540108     
 -0.42593818457514498     
 -0.40711956497459850     
  0.79334250212546009     
   1.0864156906240441     
  -1.6199368386381550     
  0.61680625512403164     
  0.29393915604353060     
  -1.6653461636472191     
   1.7494892984307533     
 -0.77529695590048187     
 -0.89720458525846269     
   5.3892997666798767E-002
 -0.12084378864638730     
  -1.4627431866600533     
   1.1382989393580829     
  -4.2001246886321821E-003
 -0.83589824650082223     
  0.98303442197983493     
  0.10167715099979717     
  0.79192383417294443     
  0.10124277061464240     
  -2.8839839309070275E-002
  -1.7509127350706124     
  -1.6691665570406053     
   1.1506214595320658     
  0.15437665578796841     
   1.0959812088482939     
   1.0848328978916961     
  0.93217259760871185     
  0.54663362477668487     
   1.2846050536308211     
  -1.7062278640843691     
 -0.45880648707087612     
   1.3945774530139030     
  0.24599706158149348     
  -1.5979489932323121     
  -1.2143399231587131     
 -0.26400915447417295     
   1.6957271329596304     
  0.58003153645762728     
 -0.16716672325041140     
   1.6993545768618805     
   1.3492635041856784     
  0.41875070108238616     
   1.4572932135892673     
  -1.7241264580623736     
   1.1886822010059508     
  0.92956866692416806     
 -0.81081615614193170     
   8.4452193456656929E-002
  -6.6541902852701486E-003
   1.6178318813658457     
   1.4560337608769633     
  -1.6288586240256806     
  -1.0723200018674552     
 -0.15176246148001438     
  0.85119342598554848     
   1.2256695820303134     
   1.6842957652852670     
   1.4211601343234459     
 -0.67491040026087967     
  0.15653340150036965     
 -0.67807330426543844     
   1.3320426190678625     
   1.5515712617510731     
 -0.75665429757868863     
  -1.2082619408021329     
  0.87806985036699881     
   1.7022294854636479     
  -1.4548679848488004     
  0.37900852238085009     
  -1.1965230545457386     
  0.19665777871465578     
  0.95593156631992504     
  0.89244959689789594     
  -1.2826037056526547     
  0.94389168474151863     
 -0.87854514771086378     
   1.4101014136979528     
 -0.80522262952367529     
   1.4686715603866536     
 -0.97414807234429823     
 -0.61929066239200647     
  0.25682542571531858     
 -0.92905713940780510     
  0.69662439483278571     
  -1.3378810169348938     
 -0.18288076887329374     
 -0.91616344320087961     
   1.6307329997687294     
   1.2044794988287717     
  0.20493661837617355     
  0.62588991704992614     
 -0.65118685737356552     
  0.38909828949236169     
 -0.65475596542667447     
   1.5442399176706536     
 -0.96733612905735167     
 -0.66777070699032981     
  -1.6214429446780230     
  -1.4436790505583801     
  -1.0091206598727160     
  -6.0750203090469142E-002
   1.2456800068660137     
  0.82311091189905683     
 -0.71816169055963763     
  -1.1055046226130603     
  -1.1765906303188765     
 -0.77676718103303732     
 -0.52189320597138544     
  0.66651026551580284     
 -0.65021290512787355     
  -1.1055206712240147     
 -0.31702839708835123     
   1.2801683827630297     
  -1.7471588278694370     
 -0.74296016930181363     
  -2.7625293981949454E-002
  -7.9625101427633627E-002
  0.41969827073654070     
  -7.6101822264616620E-002
  -1.7471266447708502     
 -0.77047504909019426     
  0.23771888599947541     
  0.79389058869066065     
   1.1835030637144195     
  0.45688476698262198     
  -1.0964717328625171     
  -1.5815281859058052     
 -0.32769431267903792     
 -0.60674461162030457     
  -1.7113717217787758     
  0.18216828929781825     
  -1.3113603442036919     
   1.5467882223813831     
  -1.5169381796055881     
  -1.3375268356151311     
  0.26460514484242559     
 -0.12374317982062384     
 -0.60414567408953523     
 -0.36769197601405151     
 -0.45396722644134108     
 -0.76730131271905533     
  -1.3387122419678821     
  -1.5214846860445401     
  0.38895105238166078     
 -0.84185962388832314     
 -0.56485596478757416     
  0.33234866231477750     
 -0.74889127537699929     
  0.30891647435625863     
 -0.47439776458061012     
 -0.56595277676022204     
  -1.5234842131589534     
  0.20640190031230335     
  0.47125362765887374     
  -1.4165019892211181     
   1.3892642044280772     
  -7.2900621338227903E-002
  -1.2993446442275041     
  -1.0735118387022364     
   1.6199020370835078     
   1.2273006817270518     
 -0.81147263216735133     
 -0.54262366875428514     
   1.5205788330333132     
  -1.5465686301443311     
   1.5032553489550711     
   1.6004373500184885     
  0.70055249962237531     
  -1.1911248430056600     
 -0.57361582575389547     
  -1.1279111408767376E-002
  -1.2075031609362326     
  0.82154808160838511     
   1.1845875363792255     
  -1.7102327123498093     
  0.32794839963364636     
   8.7987930121889629E-002
  -1.4221796831269515     
  -1.0195469703744513     
   1.1401893927621545     
  0.46076266050604131     
  0.43915199472218835     
  -1.5115413713084795     
 -0.67555358540853794     
   1.0311803901498451     
  -1.4632201923949242     
  -1.4288778257797274     
 -0.53102783223666339     
  0.75020979662585940     
  0.98317777528717021     
  -1.6763042844887628     
  -1.2148187532036656     
  -1.5884924735481620     
   1.1359126622201472     
   1.6548835354908726     
 -0.26515078336781966     
  0.20743107987751155     
 -0.98510156515118852     
 -0.60263617582842144     
 -0.50174212985058930     
  0.39609923992790896     
  -1.6029871813592333     
  0.39361707648695066     
  0.61315058029978853     
   1.0041815598296076     
  0.93577727697383539     
   1.5356087739375195     
  -1.2997520940291145     
 -0.95116515840013172     
  0.94818402894368448     
   1.0539238576073213     
  0.27379756098444341     
 -0.14286889663631103     
  -1.6879251261230777     
  0.55448153562833036     
   1.2726630258754670     
  0.55586537498726951     
 -0.52847709361893824     
 -0.97441224743198496     
   1.0637403267078498     
 -0.21699219038372525     
  0.58729217661222854     
 -0.11545471637217621     
   1.6953048181192942     
  -1.7288367722254345     
 -0.52013333558831309     
  0.29765618598131161     
 -0.60531620629023908     
 -0.52901696946456123     
 -0.74833265276093497     
 -0.19231129507978328     
  0.29671580365510192     
  0.17477197795806723     
  -1.5953282812208833     
  0.56588439040580041     
   1.3558844717273573     
   1.3600158368559405     
  -1.4047584700290709     
  0.94288869132474362     
   1.6147041342792146     
  0.39881387859163681     
  0.83565748125969275     
   1.6452612801690987     
  0.26165111806531038     
  0.56180837405014150     
  -5.0609249540282050E-002
  0.32535840026704815     
  -1.0448642707067290     
  0.77527070624624983     
  0.19427348691094681     
 -0.88191101164095709     
  0.82029651941128123     
  0.73363061431854004     
 -0.35231288480335582     
 -0.69529344944382032     
  -1.3179974295105563     
 -0.94120354618428503     
   1.1572579568312824     
  0.73380972177946846     
  -1.5304805379834232     
  -1.6495482408460693     
   1.1105005024799799     
  -1.7013028601667934     
   1.1367774408211426     
   1.3912988787966039     
 -0.62767557669104201     
  -9.8585891993582628E-002
 -0.15462375465833067     
 -0.90598788155288834     
  0.90684306782118207     
 -0.23251690029150091     
  -1.3882311983863802     
   1.0405960181804825     
   1.5129421878970291     
 -0.41998560231149379     
 -0.89688976187290637     
  0.54488907244913409     
  0.84487152493774209     
 -0.43424408774787554     
  0.66092767064838864     
 -0.82676654526536464     
 -0.10557358581175016     
   1.7005986232600376     
   8.7530846624644498E-002
 -0.76581329016933086     
  0.50572248504891382     
  0.21603815707039528     
  0.48623640619871783     
  0.69849814629288742     
   1.3759138933581372     
  0.51478279276031413     
  -1.0357192047391046     
   1.5852831640236207     
 -0.31845558012479935     
  0.42313737739983803     
 -0.45659670986109335     
  0.32251901901694441     
  -1.0937085823333488     
  0.31608615219517444     
  0.54863937767665383     
 -0.46499799296649674     
 -0.37845622196374029     
  -1.0821899616765469     
   7.1092410787811297E-003
  0.27829918449039415     
   1.0421903915013604     
  -1.6923433985633285     
 -0.83037571609103100     
   1.6225676832991953     
  0.23208797588199775     
 -0.63982199850868948     
  -1.3977426221327722     
 -0.95937617328183789     
  -1.3608905239532643     
 -0.72642321683066990     
  0.72464947353721010     
  -1.4036677451687187     
  0.35343510429885044     
 -0.75649404940165987     
 -0.21476287019161047     
  0.51814132467308727     
  0.39280139768583544     
  -1.7266107869912131     
  -1.7337127749423991     
  0.39477668166542956     
  -1.4319409157211964     
  0.98596900898277018     
  -1.4110230529676402     
   1.3857193199108246     
  -1.1636164232386661     
 -0.64646105289544775     
   1.6790685759637429     
  0.47043305929776336     
  0.87349774323887097     
 -0.61649827439993543     
  -1.1137250566524128     
 -0.14746482272693118     
  -1.6242611857906388     
 -0.53160082259026376     
  0.35634776918688138     
 -0.52287083772937260     
  -1.1015435764575119     
  0.90341825889617255     
 -0.30146994893474455     
   1.1287634421899022     
  -6.5919699473703089E-002
 -0.12673392352362756     
  0.85597716425675530     
 -0.78378832153291234     
  0.12639427570124634     
  0.77248425115802211     
   1.2359529563805620     
  0.99977048776855715     
   1.1016198107587232     
   1.5810801842513260     
  -1.6780725182407448     
   1.0673865721640274     
   8.5107297827806919E-002
  -8.0614069690803966E-002
   1.1845199912348106     
  0.93164530115014843     
  0.48300919721994234     
  -1.0401341609585719     
   1.2083813698046715     
 -0.68050443890612689     
 -0.40833998721895004     
 -0.25823196373627094     
  -1.5376755251353471     
 -0.33873305552396432     
   1.6386259240334620     
  0.20113746691324222     
  0.66500390336343829     
   1.2635095777253667     
  -1.5457078691453743     
 -0.85190694048493354     
   1.0154652108488307     
  -6.8675265731881124E-002
  -1.3602003936418559     
  0.83372608637697632     
  0.65087215728727932     
  0.87716375474474106     
  -1.2973509695137229     
  -1.3787348897446865     
 -0.22595244926780467     
 -0.18721817057198858     
   1.0292016697502435     
  -1.3809014403074091     
   1.6199364939482404     
 -0.88644275347542434     
   1.2357224701052907     
   5.3361166668155983E-002
 -0.31347986685638185     
  -1.1438148523671134     
   1.0564784651839056     
  0.95286729906296053     
  -6.4409501438029107E-002
   1.4303024552914296     
   1.5265888134107790     
 -0.41773659916470257     
  -1.4540072003587146     
  0.24639539030394983     
  -1.4358601689549486     
  -1.0200370356267028     
 -0.46971158674361740     
   1.4543243633144902     
  -1.0131020872379408     
  0.64640002608337099     
   1.4514072316936586     
   1.1129030510004692     
 -0.87957042985461753     
 -0.49056460446906863     
 -0.64629240034792490     
   1.2741046332279624     
   1.4813958293342331     
   1.1254384266420234     
  0.63348172345201437     
 -0.34744098245577543     
  0.64508088157001708     
  0.53480670098431826     
  -1.0230513986395415     
 -0.10040070289965224     
 -0.19287113628405991     
  0.71176981107706561     
 -0.90683116826044952     
  -1.5691331150839554     
  0.52255743872343330     
  -1.6860933438968899     
   1.5058029154285220     
 -0.94049148773031988     
  -1.1696227684045137     
  -1.1050001352640000     
  -1.0254091908561074     
  -1.5816923754952890     
  0.37953705243196623     
  -5.8691035682589161E-003
 -0.23244344203380540     
   1.5055903475810921     
   1.5743635189846457     
   1.5973436630861457     
  0.49668628967852640     
  -1.1045382556021006     
   1.4892609977600764     
  0.77018211882859744     
 -0.46743113725557633     
  0.57888411058793365     
 -0.51074363559658453     
 -0.23118693701717893     
   1.7203527566725112     
   1.5197432561287951     
  -1.5171903260006545     
 -0.60569162092167683     
  -1.2095089980943985     
  0.69090371429317665     
  0.80797734119230236     
  0.11946050931310725     
  -1.2720397290695200     
  0.13960050447613473     
 -0.43874231970453770     
   1.6783685051615986     
  -3.8698122326726543E-002
 -0.21269743672863040     
  0.73161804444148126     
  -1.2200727889187175     
 -0.77477173094160046     
  -1.0666589476424082     
 -0.23652189884758729     
 -0.76954018639437327     
 -0.36392711133304151     
 -0.63846208328913834     
  -2.7164818483269890E-002
 -0.35454534853567760     
   4.9221647991032791E-002
  0.69920467816070808     
 -0.50243088301575145     
   1.0035740244832791     
  0.30750307926688297     
  -1.2145320131892845     
  -1.5803084704727945     
  0.31076582030693822     
  0.48629936450300032     
 -0.93337664231505146     
  -1.3155610295774420     
   1.2186682489923422     
  0.50402542168910214     
   1.5256743530278509     
 -0.31805340032649371     
 -0.22083209808372140     
 -0.52555148543899055     
   1.6413543908869292     
  -1.3931001278974657     
 -0.85223445270820630     
  0.42858866869428996     
  -1.7124504829890257     
  0.59580215498180400     
  0.72862937045506748     
  0.79506397161455789     
  0.39167412560187054     
  0.32766193408158906     
 -0.50548172503949429     
  -1.0822147589792248     
  0.39472550352975028     
 -0.54641420391159334     
  -1.6268795908850664     
  -1.3428709536538543     
   1.6830629552063621     
  -1.5928784906400342     
   1.6306821525625979     
  0.21514149628633050     
 -0.34506388776933594     
  0.82964074057708204     
  0.89623308448995986     
   1.3248601325308222     
  -1.1994812217309356     
  -1.0109859074513308     
   1.6024774639685904     
  -1.3795635172196690     
 -0.75900083972309162     
   1.0676088061135738     
   1.3202100318429195     
  0.56613108327648576     
  0.81368343867630655     
  0.19138114987552135     
  0.50014644360113825     
 -0.89948188055175604     
  -1.6163272663337611     
 -0.63444760791870780     
   1.4011665465028669     
   1.1925529216844899     
 -0.68473753613104194     
   1.6333316300762315     
   1.7988543328355255E-003
  0.68840553196382903     
  0.57960162497229673     
  -1.0146951573995597     
  -6.2284690826460723E-002
 -0.33911358858255108     
  0.15995756100282330     
 -0.16035972864535253     
  0.79725085729638290     
   1.6041579114477802     
 -0.79821331033030263     
   1.5554430505092491     
  0.26360170928878518     
 -0.36785586976130003     
  0.62189971654311471     
   1.4492893486126834     
 -0.81787270260768907     
  -1.5943889300987040     
   1.5908515711230664     
 -0.63420951429596728     
 -0.46995344029361458     
   9.3619825983242311E-002
 -0.20332161484291733     
  0.49352607116752412     
  -1.0254975872050731     
  -1.6946588459327223     
  -1.3265872518393866     
   1.2396231709875258     
  -1.4262277593182255     
   1.0521135415034608     
  -1.4349238769978254     
  0.56360432404007343     
  -1.7272177535170052     
  0.60425289022542916     
  0.55434829228100357     
  -6.4423994274493447E-003
   1.0457423431635455     
 -0.93799893618806063     
  0.11036575907719016     
  0.65918875684833322     
  -1.3641485522968031     
  -1.3817947231262044     
  -1.6273109897779288     
 -0.60954427069831107     
   1.3207829626486940     
  -1.5881889492576586     
  0.89058546595546362     
  0.61105640344236345     
 -0.73624699770366475     
 -0.82057405084304402     
  -1.7088709933237447     
 -0.44688521304768952     
   1.2250021347047457     
  -1.1334051471286848     
  0.35073902032439480     
  -1.2534848702729589     
  0.38768970670488717     
  -9.1413163061300380E-003
   1.3439918345334179     
   1.7211591053276736     
 -0.66305362336481188     
 -0.19080262369866147     
  -1.5361807849188978     
  0.19171539877534557     
  0.70612039845884200     
  -1.4028773458915922     
  -1.5115896734327061     
  0.81570586018973845     
   1.5043984381394004     
  -1.8191263758120142E-003
   1.5191110989215797     
  -1.3077380265861991     
 -0.12903485455135710     
 -0.25713405861745969     
 -0.53149210444613360     
  0.20671113131209887     
 -0.83248400984207305     
  0.37280080052542258     
   6.9572581280490195E-002
  -9.9870596374489334E-002
  0.29508558543231761     
   1.3947576762755733     
  -1.5948345684695842     
  0.35241401697658764     
   1.6549024835049291     
  0.50349292245530775     
  -1.6856715285202979     
   9.4683068461549696E-002
   1.1449439362622984     
 -0.56383174332203267     
  -1.0406882079518052     
  -1.5529993442571219     
  -7.3019836146765812E-002
  -9.3964364434293624E-002
 -0.52393741869843602     
   1.3372756607167402     
   1.3556142126663009     
 -0.45400952721989590     
   1.6533010811196329     
   1.4280329178203088     
  0.52082416905304929     
  0.74516290213617264     
 -0.49624180288059538     
  -1.3446749055440594     
 -0.65125162925355240     
  0.71760697324996991     
  0.42620225034996179     
 -0.47530822405112394     
  -1.2780296195171790     
  -1.4895360551036365     
   1.3069438431110252     
  0.73850846376958312     
 -0.80817310333554704     
 -0.65314630863580880     
  0.87625305009976628     
 -0.31697626895681374     
  0.39070825679340321     
   1.1159084129416652     
  0.86791657861481941     
   1.6120620080712540     
 -0.78783313747334049     
  0.19410364638783106     
   1.6917283579396483     
   1.1770055259183940     
   1.4100095453005657     
  0.40954044441949217     
 -0.83026460861426665     
   1.7419968042374283     
  0.56757982186148481     
  0.52935758663243337     
 -0.28427405574872838     
  0.18807440620403496     
  0.64121737157052339     
  -1.4860693929235809     
   1.0641233849921607     
  0.16718545871545148     
 -0.70048947138725370     
 -0.67172366592609023     
   1.6477787014109124     
 -0.77884653105094315     
 -0.17286696936751003     
  0.26270692437128756     
  -1.1077721862379311     
 -0.24547031663557253     
   1.2355137304300563     
 -0.45100130919747805     
 -0.65415227757123473     
  -1.2413954146114430     
  -5.8699776977768528E-002
  0.95300097799679295     
   1.1576637999912225     
  -1.1742005913117946     
   1.5299110595360896     
  0.16816217699341171     
   1.6418682406133367     
  -1.4879103763691717     
   1.0277216889316076     
 -0.67300810622023410     
  0.85273066580075718     
  0.14251061504467694     
 -0.72726583066695039     
   1.5713737800893182     
  0.72576871193491166     
   2.0319015263047892E-002
   1.3284117034720018     
 -0.52841463295222835     
  -1.3039966188196352     
  0.75387496568946499     
  0.48596950276655776     
  0.48286586784789370     
  -1.2863933351568770     
  -1.2589346823154757     
 -0.85094273733654924     
   1.2461494631079786     
  -1.1969488529560293     
 -0.98629069064289510     
  -1.0324979426548688     
  0.12201687296990998     
  0.20563981958172178     
  0.79334282966403735     
   1.5185572232220617     
  -1.1757472956638293     
 -0.35793595899494091     
  -1.1514181771143779     
  0.15417832992805408     
  -1.0150104401680251     
 -0.71194740117365973     
  0.43301745659782143     
  0.53019266010858157     
   1.3610124249214279     
   1.6726033856957818     
   1.1355140420195748     
  -1.4341691876782208     
  0.64775829954867470     
  0.71168809694870383     
  0.55638610537806299     
  0.30811148537119537     
  0.81249115976987818     
   1.5200334894059337     
  -1.3726668308412804     
  0.44645692285177641     
  -1.3298230760529461     
  0.34892442055353928     
  0.66997765409273824     
  -6.8353883589006320E-002
  -1.3270629042168196     
  -1.6500478388955389     
  0.52396226795942047     
   1.0448578281770409     
 -0.74557080720486424     
   7.4851934562365691E-002
  0.57234319098269992     
  0.67616164443466542     
  0.79725014127603133     
  -1.4167908203290953E-002
 -0.10766695704158359     
 -0.28635471142253383     
  -1.2348854523665074     
  0.45983697334912627     
 -0.93753638635617209     
   1.5933676579674811     
 -0.41528850381747012     
   1.6592211302921429     
   1.1141221123023743     
 -0.92009942296658376     
  -1.1982626873645223     
  -1.0726920269598545     
  0.29596470029050953     
 -0.17949363956784606     
 -0.75408609459404308     
 -0.35867472268000555     
   1.6174783067268030     
  -1.3232551577619207     
  -1.5139345675124514     
 -0.33413044349965637     
  0.45146520056548090     
 -0.74011564621632386     
   1.1966232339986584     
  0.93682237433890669     
   6.7069195417428285E-002
  -1.4727350711919884     
  0.64234899395123612     
 -0.70902850364465020     
  0.83821235776580272     
 -0.37649927819794660     
 -0.54909121551950790     
  0.34770419199953712     
  -1.3435754553688191     
 -0.84467347162416917     
   2.1966886061237145E-002
  0.35502606199441017     
  0.97498924993996416     
  0.62253814851484846     
 -0.20702123455496113     
  0.49170022455961249     
 -0.73454219291073297     
 -0.47230712432185423     
   1.0865649740728374     
   1.6721957299247940     
   1.5369643775510178     
  -1.1936293423375679     
  0.41572066922106299     
 -0.72574706188910099     
 -0.68173148373230796     
  0.96215633612352636     
 -0.79545216431046328     
 -0.67013399520668671     
 -0.13340641697666800     
 -0.22873967254631145     
  -1.5104020433649490     
   1.4904525454905226     
 -0.88714081759403862     
   1.0146276904153790     
 -0.41441538041963105     
  -1.2419633283784912     
   1.7220806276715530     
  -1.6285205925775301     
 -0.99080201060970430     
   1.7190325288446247     
  -1.0831167359027278     
   1.3850680965885755     
 -0.62970806271322399     
 -0.17415302726688658     
  -1.3349647311279460     
 -0.86208287624056090     
  0.80548182751830666     
 -0.30130206593812603     
  0.65282216167410256     
  -1.2692072497298830     
  0.64719059048408079     
  -1.5132944628099296     
 -0.41928650036413040     
 -0.10908121468343628     
  0.66705490681726032     
  0.47914963606865041     
   3.8497744348486684E-002
 -0.37772652386455496     
   1.1789561514310014     
 -0.54267831070434636     
  0.28147749542210165     
  0.16510714173681931     
 -0.22127048741839050     
 -0.24017587278850519     
 -0.87012006033251210     
 -0.80534324731975904     
 -0.71829104134199850     
 -0.89742546834584314     
  0.51332897849375780     
   1.1113964973618775     
  0.12674036138131739     
  0.81912525450731755     
  -1.6250475834397355     
 -0.68067323502297983     
  -1.1939506040381243     
 -0.84475803975806385     
   1.6837993202519317     
  0.82386369374692459     
   1.3597963242121676     
  -8.1024883262417358E-002
 -0.90501426271804986     
  0.45064829214029944     
  0.15060404749243578     
 -0.54691110081978467     
 -0.46479607832093783     
  0.76067521739369637     
  0.81849789548537422     
  -1.5476198275304311     
   1.1070240980513724     
   1.2345098484055330     
  -1.5232570768528499     
  0.53560973606433238     
 -0.78287191356098551     
 -0.37191125520397622     
   1.1903012781234754     
  -1.5571911927334332     
  -1.4664773340666424     
 -0.99420817862968014     
  0.55875268741429307     
   1.4429037001598486     
 -0.36601217850242540     
  -1.6574449177581492     
 -0.64270440715302135     
  0.20026168382735621     
   1.6660503367588511     
   1.1747598213055632     
   7.2795346192985513E-002
  -1.2294489115788509     
   1.2719131013780138     
   1.4819543982620529     
  0.85150481969990788     
   1.6431137775537896     
  -1.0294092247546329     
 -0.99819346400593056     
 -0.80289406572987998     
  0.94581665307138940     
  -1.1783932026947024     
  -2.5344357013563884E-002
  -1.2302660311876199     
  0.37714596663131594     
   1.5631827391519988     
 -0.99192359771394689     
   1.6985069725994508     
   3.3266634874476571E-002
  -1.6680521704410984     
  0.41157641536698591     
  -1.4402855709881637     
 -0.41497468841921797     
   1.4545497423630038     
   1.5607004414347041     
  0.99724303186362606     
  0.66992081233473133     
  -1.1751049183095712     
 -0.54142736005245395     
  -1.7082569704562094     
 -0.91434157011827866     
  -1.2057278673443437     
  -1.7103105280655448     
 -0.47190245599858816     
  0.12266498404405043     
   1.4296388185336317     
   1.4157631911169202     
   1.3819930900720069E-002
 -0.27409063658441618     
  0.40073996991418243     
  -1.6430238437481575     
  0.23886160113388727     
  0.17918925209765590     
   1.6931359793643277     
  -1.1025457533690881     
  -1.0622732288559107     
   1.2856948380756872     
   1.3465979193746676     
  0.76296631190179931     
  0.46315618640138478     
  -1.1119687896312551     
   1.0588516533737500     
  -1.6499535875414142     
  0.28087761798829547     
  0.29453597125705500     
 -0.92488247686030611     
  -1.1480435429724662     
  -1.1999626860236339     
  0.58151384032365194     
  -1.2879444547417327     
   1.2494808660771033     
   1.2494528863721577     
   7.5177319036644902E-002
  0.62774562398663025     
   1.1482514317476533     
  0.75727017285763487     
  0.76225069043262794     
   1.2532024731879275E-002
   1.3258590636693866     
   1.1209009017862035     
   9.7711998476980588E-002
 -0.87414153872622302     
  -1.4065069275739295     
 -0.82786933179135214     
  0.11475833888704380     
 -0.68744845933191612     
   1.4789845880460071     
   1.4474817789503414     
 -0.56327068062701169     
   1.0935793657669073     
   1.3114100842706353     
  0.23601690625503643     
   1.0105407942033018     
  -1.0521498375802596     
 -0.81347190542147330     
   1.0137992566310168     
  -1.3711154779496901     
  0.98157259968007982     
  -1.4983821837175266     
  -1.3802556921562672     
   3.3517653912806207E-002
  -1.2912949519167747     
   1.2506211493483170     
  -1.6288934990601789     
   1.1763966964290404     
  0.97548284898171378     
  0.40222185460216364     
  0.12685341805989689     
  -8.0482717136527993E-002
 -0.19723950078287183     
  0.59359866955088214     
   1.2876736606478363     
   1.4031876830579753     
   1.6555612977035168     
   1.2197899656334017     
  0.61173996204582637     
 -0.20150335415077777     
   1.5284912538403250     
  -8.5445380684778069E-002
 -0.29697109186664472     
  -1.5499773230853853     
   1.0329741946158013     
  0.71563500333630792     
 -0.38211465251087040     
  -1.2119803816198267     
  -1.3166907468899181     
   1.6003370319193959     
   1.1593613827172204     
 -0.99536053635788835     
   1.2408250889934662     
  -1.5799488968406583     
  0.62224563558855750     
   1.4655054841266451     
  -5.8768084850682197E-002
  -1.4191769278165438     
  0.10131429099772471     
 -0.36458226592843923     
 -0.16164567520275594     
 -0.72491083508953991     
   1.5139822497125035     
  -1.6196540463451448     
  -1.2179869787160931     
   1.7056439339792304     
   9.6534795932370507E-002
   1.1181902979539493     
  -1.2600632961452192     
  0.96768868354802251     
  -2.9900051568459513E-002
   1.5429834425929956     
  -1.5759119272172353     
 -0.52197172533254965     
  -4.0998628243898091E-002
  0.13409271034850120     
   1.0719471019650462     
 -0.91982188510519480     
  -1.2699265830509254     
   1.0944066623414879     
  -1.2767937645152658     
  -1.6300674941267366     
  -1.3090376074059942     
  0.62933860346687920     
   1.3460084822214957     
 -0.22063761334863130     
  -4.5290664223452196E-003
  0.67978876401188204     
  0.92352186697269678     
   1.0634278195828568     
   1.3969760021822852     
  -1.5812306901473281     
  -1.6925850442213708     
 -0.98513417835134409     
  0.55183669417079328     
  -1.4690581377750094     
  0.70314510323569279     
 -0.27266847154037915     
  -1.0237185612365163     
 -0.52413826567525423     
 -0.20360734903915828     
 -0.72060721976488684     
 -0.15269022845580163     
   1.4797681905085969     
   1.0465052262458172     
  0.31029995843965086     
  0.74146749434059556     
 -0.57472948030425752     
  0.29213708728985166     
  0.71075642526263583     
  0.30367328767446228     
  0.81314294571223433     
  -1.4975930897436340     
  -4.5368308118475684E-002
   2.5111171119751807E-002
   1.7287672928817184     
  0.66672943277850760     
  0.28684952592568164     
  -9.6923736022452620E-002
  -1.5528364188982300     
  0.79147888441642622     
   1.6865402804888094     
   1.5455169213223590     
   1.0287612903502952     
   1.6818514790276151     
  -1.3016472465147850     
 -0.28175025380640817     
  -1.0606379082436810     
   1.5026048679641824     
   1.6185833359287058     
 -0.49504030713932956     
 -0.82642005002696661     
  0.12373313746677642     
  0.97177233925675288     
   3.1732127135277427E-002
  -1.5978851387642423     
   1.5631234197503527     
  0.42985659224011047     
 -0.13786188796851309     
  0.44720314712871806     
  -1.2982401180335550     
  -1.1271162550190574     
   1.6730061440981880     
  0.57190307298703735     
   1.5175325321335771     
  0.82304197209326468     
  0.19370418337987888     
 -0.88431567070725747     
  -2.7939623275442915E-002
  -1.6920517090608025     
  0.83042275152153522     
  0.71779628819188290     
   1.0280877463768430     
 -0.43844904446938793     
   1.3519963841303528     
  -1.5722342901683732     
  -1.3990235452759405     
   1.2799947611193576     
  0.81651053751013558     
   1.2129555225008766     
  0.36764493621653949     
  -2.5270788057491125E-002
  0.22436016420333763     
 -0.44795913881636545     
  0.84543156327430180     
  0.97612660561871545     
  0.18916055779346097     
  -1.3920922338479340     
  -1.0795856241837762     
 -0.14743678089039353     
   1.5647575822096804     
   1.1198896497652731     
  -7.5415290945054128E-002
  0.52338684568764993     
  -1.2583536493428595     
 -0.68087090553033180     
  0.40732766796084874     
 -0.12655124566073445     
  -1.3850364560438997     
  0.96031550433329604     
 -0.99678717907825076     
 -0.76625915103952802     
 -0.74576060048307868     
  -1.1848226804195559     
   1.0652966611713968     
  -1.6178680419764084     
  0.73410440650690267     
  0.65865944656249076     
  -8.5831940926586664E-002
  -1.0302234635959042     
   1.3064457285860240     
 -0.94935762702276394     
  0.14972511830904045     
  -1.4791191224425759     
  0.97792547448344247     
  0.14174030475587907     
  0.42502229562900418     
  0.52015662175181876     
   1.3062148507724904     
 -0.66518358778531628     
  -1.7032866255371433     
   1.0141955741380602     
  0.36053895181035239     
 -0.73852699513420716     
  -1.4546057248440469     
  0.32247625954876585     
  0.44941286298121780     
   1.3207897967240236     
   1.3808417822295818     
 -0.50807321387184978     
  0.38264837822304976     
 -0.81285393685775142     
 -0.20366957064115859     
  0.28091501223529625     
  0.13145476627202893     
  -1.6898291895292139     
  -1.1438284824173188     
 -0.67535889498182644     
 -0.10868184515527098     
   1.0676843527557227     
  0.89749014250748438     
 -0.75966001807440775     
   1.0812761898710501     
  0.87723811394556062     
   1.6842393329038019     
   1.0341050414729975     
   1.6522361710440590     
  -7.8699154745490996E-002
  -1.4228679763703771     
  0.47005482123185283     
  0.74171746488796975     
 -0.38770771214409278     
  0.90595352923017092     
  0.45061775757392064     
 -0.35122830322599408     
 -0.38231282217981838     
   1.1785238235029469     
   1.1287128651806733     
  -1.5850310685237363     
   2.1932484262240613E-003
   1.3629392191289900     
  0.10463153415370406     
 -0.47673107995410396     
   1.2094844373967479     
   1.4569282764712068     
 -0.73155417826344482     
   1.6203765536102812     
 -0.46954379888821146     
  -1.4744614790036452     
   1.5876884347338196     
 -0.54732158361285521     
 -0.64364339701754325     
   1.3595825654382714     
  -1.0256990856522361     
  0.72325788718842410     
 -0.41863425957620992     
 -0.79523799264663830     
  -1.2564000286742492     
   1.5805980888555831     
 -0.34234302392036159     
 -0.60318947169697379     
 -0.25574484783686691     
   1.1530135803708259     
 -0.42590706208923018     
  -1.7177429239490445     
 -0.21415955203790898     
 -0.68531572342528568     
 -0.67377679832461745     
 -0.60089467959265086     
  0.41734524072678819     
  -1.5838404577874379     
   1.1944977447472278     
   6.7632619352927369E-003
   1.6161179197013233     
  0.79879914234138760     
  -1.6004652279680514     
  -1.2310539248248586     
  0.86636719438707277     
   1.4044961461945378     
   1.6333550700449766     
   1.1717646693908186     
  -1.2736414268700873     
  0.41020713968219918     
  -1.3236050732021678     
 -0.19598151855189519     
 -0.54537390757816584     
   1.1168181487974853     
 -0.52136676864449194     
  0.84461972624517490     
   1.4700797778513983     
 -0.72385939366818752     
  -1.7094767124018677     
   1.6605317990084072     
  -1.5401798818908201     
 -0.25228961800905175     
 -0.45567313960069600     
  0.91366376663337423     
  -1.3771473900410769     
   9.6560251001175712E-002
 -0.23567186038907784     
   1.4215451769126528     
  -1.5822063382898615     
  -1.4352562949600307     
 -0.92343189148235583     
  -8.7253552315589719E-002
 -0.32378413426707175     
  -1.4502413290437333     
   1.4416878262655444     
  0.61732401875793497     
   1.4513543783252074     
  -1.0292072149357268     
  -4.6657436021492006E-002
 -0.22942657137493666     
   1.6963423204145334     
   1.5923226670739046     
 -0.29982347439249724     
  -1.3125776206753101     
  0.42529236339898313     
   1.4521649143340922     
  0.70909558483332991     
  -1.6204976505533901     
  0.97693352585802540     
  0.53245476769306743     
  -1.4809397507301034     
   9.9288831944834385E-002
  0.76010193752583521     
  0.81453195049903260     
 -0.57456002220317282     
   1.7217115557072761E-002
 -0.40300496931131602     
  -1.1939787855615469     
   1.3871147585999324     
   1.6452081990211749     
  -1.3078233468749827     
   1.6156964222406482     
   1.3980153731737930     
  -1.2454740091891192     
  0.15025541380776508     
  0.74101483270068880     
  -1.4350246828696336     
  -1.2434424494590874     
 -0.89698732902072653     
   1.1828119930460319     
  0.78394494216883415     
  -1.2532113527495172     
  0.27749033936566808     
 -0.67590604920818942     
  -1.6346622526620180     
  0.20802404933872845     
  0.37383869847413570     
  0.96007326589049091     
  0.28731870101798940     
 -0.67820686844995193     
 -0.30029368048131483     
 -0.99157318685492335     
 -0.70448793780184849     
   1.4669571691609979     
 -0.41088532247886994     
 -0.13721441149751618     
 -0.25989182468484567     
   1.4143008974441231     
  -1.0336830089060969     
  -1.2682501174047911     
 -0.74957570989908251     
   1.2848706015004492     
   1.1079624503838357     
  -1.2618413488133606     
   2.4561959029375663E-002
  -1.2384617562660205E-002
 -0.10950238713811673     
   1.6642915581737321     
  -1.0365125656893313     
 -0.82219527271295134     
   2.5965389956181119E-002
  0.18522369241912592     
  0.98952471008757370     
   1.7039189516517155     
 -0.47130662571160575     
  0.28921819700011259     
  -1.4961769045873903     
   1.6337357508595887     
   1.4209658393154392     
  -1.0359424052556498     
   1.5545435813109167     
  -1.5138744160848601     
  0.63193728096840907     
  0.80154276592080020     
   1.6166532186882794     
 -0.40666020252334395     
   1.1813290367950557     
 -0.15716362295938247     
   1.3754712697103659     
  -1.1628958125847024     
   1.5240196337420595     
 -0.83218870170796266     
  -1.6452476660983262     
 -0.72288983783499683     
  0.46456053242238216     
   1.2719474085789455     
 -0.47929507730405646     
 -0.98690375263933172     
   1.7100205588448720     
  0.82035826461743722     
 -0.88234412153390174     
  0.17296912093786365     
  0.50368273213719639     
   1.2654941310559256     
  0.72864381747328855     
  0.81859692595641831     
  0.83831294224166086     
  -1.6156369632088787     
 -0.50706873845189204     
  0.23396554981198497     
  0.49367308715836333     
  0.57263572601228963     
  0.94729946036901458     
 -0.19820040991883497     
  -1.3139244514437047     
 -0.93205980131579436     
   1.6531450739309597     
  -1.1257061045079655     
  -1.4124056668332416     
  0.65953016237984652     
   1.2461483596190508     
  -1.0115572639709913     
   1.6525379574518066     
  -8.4537314343735390E-002
  -1.4389998528011523     
 -0.79594291017400620     
   1.5265055600148101     
  0.87208266671966606     
  -7.6147641189268117E-002
 -0.73557871317255952     
 -0.38484204602202221     
   1.4096888644991905     
  -1.2924741152044987     
   1.2832562015759343     
   1.2007277163325001     
 -0.40343210955975156     
 -0.22158576963670362     
 -0.13491559474165637     
   1.5554451794768520     
  0.82860811386623712     
  -1.1466245647561784     
  0.12544805756730348     
 -0.87165885365599438     
  -7.8184564019142089E-002
  0.57704852642090310     
  0.10950194877480926     
  0.13868991816836018     
  0.49729347544362851     
   1.5494964594654250     
 -0.86653767022589123     
  -1.6058064992738543     
 -0.81238115110969200     
   1.1860860052376676     
  0.82799309312982738     
  0.77123199447020030     
   1.2492232089274229     
 -0.53596566910526100     
 -0.52375997867639468     
 -0.13492030791811446     
  -1.2811253749364200     
 -0.68200766799453494     
   1.2007637401103819     
  0.93911016539006331     
   1.4596187413129049     
 -0.61119491150429284     
   1.1699903118259130     
  -5.5468135185858178E-003
 -0.69357333476318173     
   1.2868536672527360     
  0.47398840684535959     
  0.79987727158405764     
  0.70146723101421826     
  -1.6232858329634436     
  0.69590774889967866     
  0.86189454453297443     
  0.37016626765180444     
  -1.2732772946325663     
   1.6729409490470017     
  -1.4107524682736976     
  0.64633898387433697     
 -0.32205387436409288     
  -1.1029217494054042     
  -4.2929507064383664E-002
   1.6523262865497830     
  -1.5343444882649608     
 -0.27754951364144076     
  0.82863598221414381     
   1.0359453311885813     
   1.4614514232266715     
  0.36229789136702401     
 -0.92730353040878311     
  0.26601035959345964     
   1.5474000254417746     
   1.3870777766654987     
   1.0487018029384503     
  -1.4204191326032061     
   1.5537279390004477     
  0.17854036666705275     
   1.1650429732924481     
  -1.2623671746825875     
  0.76836496120950171     
  -1.3998659509862876     
   1.5417140829909299     
  -1.4129263695082275     
 -0.43656223262565114     
 -0.65255716633700178     
   1.0459916972623349     
  -1.6064446959992453     
 -0.82953773323594804     
  -1.4802069890305236     
  -1.2067733918539485     
  0.51442856890732991     
   1.1330262517859000     
  -1.4404473248415153     
  -6.6252785952249732E-002
 -0.94053686312101958     
  -1.0309701257368544     
  0.55578712963012933     
   3.4052015794379741E-002
  -4.3427051604559654E-002
   1.4710289523332067     
  -1.2131616726440009     
   1.5769684873492160     
  0.43668759755542197     
   1.4538125068455066     
  -1.4356875673029565     
  -1.0472605368395886     
   1.0539625574593154     
 -0.28528383661452883     
  0.47390899004039694     
  -1.2119499816061210     
  -7.2697417649965734E-002
  0.99659800167682422     
   1.1465527170520089     
   1.1464105504072775     
  0.43247522242622205     
 -0.80362534054860169     
  -1.5565707756984919     
   1.2538612261709843     
  -8.3774489941620775E-002
   1.3401436539120419     
 -0.53316638111464643     
 -0.46079628955590474     
   1.2097855964898359     
  0.74554720299707544     
 -0.40851703443363624     
  0.78904277316845262     
 -0.13059527736033533     
  -1.1843932703443525     
 -0.42783344184387023     
   1.4141206492382570     
  -1.1982632954337613     
  -1.6999336639498235     
   1.7469501657366313     
   1.4109751923878582     
  0.71441864697726132     
  -1.3726345358203567     
  0.98586494463842833     
  -1.2439719951198587     
   1.6218508566126790     
  0.33147988437795778     
   1.5200965333922831     
 -0.53131667110334635     
  -4.6028442898163928E-002
 -0.31477978923525207     
   1.2765079785139142     
  0.70825475207772259     
   1.2695679736069756     
 -0.43424286399723488     
  0.38145235283828449     
  -1.3222800783462245     
  0.71111269931218701     
 -0.80559765070469891     
 -0.17455969420604023     
  -1.1552802557960347     
 -0.39129592409749248     
 -0.56452165867867699     
 -0.44225176748846817     
  -1.2873971825806101     
   1.1818083569201452     
  -1.7009989520499207     
 -0.92997958271168679     
   1.0602406525298758E-002
  -1.6592368872536152     
 -0.20677170758687857     
  -1.1626737665879538     
  -1.0080910184012517     
  -1.6111812747883947     
  0.76793882464089180     
  0.58091854966171919     
  0.14731777106986718     
 -0.66994277161783278     
 -0.44195671609235931     
   1.2233641908266149     
  0.20305325489908907     
   1.4670997310506722     
 -0.69082829511192601     
  -1.6136860578663335     
  -1.4483510464633260     
  -1.0552744056473722     
   5.7375946297120492E-002
   1.1132923464101177     
  0.35465895393587094     
 -0.41895498771736578     
 -0.70577826179635761     
 -0.26622882567572292     
  0.78985002772607404     
 -0.28007552626380910     
   1.5365089790120809     
   1.7024351427682649     
 -0.24629248518218200     
  0.43576765921830329     
  0.35910646795982193     
 -0.64905393798583455     
  0.99792138068450609     
 -0.22671834138492999     
 -0.53300399298597689     
  -1.2909524941929589     
   1.0903887169178985     
   6.5816702066263666E-003
 -0.27938629367265905     
  0.52524775050769712     
  0.26942632546991274     
  -1.4693257705122877     
  0.92847252652431012     
 -0.70650356311259244     
   1.5913943254940353     
 -0.61621906711194696     
  0.23604721527647460     
 -0.31521310718470591     
 -0.28813288337612930     
   1.7320472894955732     
 -0.57669841643130559     
 -0.21063523058009168     
  0.56512541833996366     
  -1.0238139665372368     
  -1.1027908368351549     
  0.52086692863241502     
  0.32447503421484974     
   1.5857418775407324     
  0.31757410196356484     
 -0.87098842641716401     
   1.4108709492687619     
  0.38894839603567249     
  -1.2174677798713966     
  -1.0273680010570430     
  0.16548495346606346     
   1.3742012674251083     
 -0.46781146597169337     
   1.1888475758881916     
   1.6122264508895896     
  -1.6142944170445033     
  0.76880195524954442     
   1.2966837344042432     
 -0.11161705923546765     
  -1.4924092949967867     
  -1.6124363461018159     
  0.63175407501247993     
 -0.56459570661352831     
  0.38216022309822084     
   1.2345551973328954     
  0.23122476742877868     
  0.33322315159198124     
  -1.4919667658376048     
  -1.5547624649699310     
   1.5127528210232160     
   1.3400584112644967     
  0.37225956377301117     
 -0.27400583882709389     
  -1.6649285639969180     
  -1.5080623440057770     
  0.34461481360426244     
 -0.23075652777807484     
  -1.3670170365131924     
   1.3123861257679896     
 -0.61078825940349946     
  -1.2198076474877957     
 -0.83906563908075449     
  0.99116122753946589     
  0.90944633984663348     
   1.2863391960384765     
  0.15227781778379001     
  0.96307375714934973     
  -1.0086842821716551     
  0.50512605901700991     
  0.57311028753650339     
  0.76325777734039280     
 -0.52532393692245849     
  0.67693685126674563     
   1.1253671698762711     
  0.83722780830685073     
  -1.0507399950864367     
   1.3073494298120043     
 -0.21898285968271486     
  0.40475459114822782     
   1.4854376143874095     
 -0.70471940820379020     
 -0.53455487676113855     
  0.16528033295556757     
  0.70321163439293866     
  -1.1217439818539832     
   1.3704348713571137     
   1.0280702824197943     
  0.54720796777045300     
  -1.6633637669582744     
  -1.1059079058057484     
 -0.37275532306120768     
 -0.56071647182631290     
  -1.3591413678944579     
   1.4116558306372087     
  -1.1522742914524788     
  0.43259218622554513     
  -1.6751619733044283     
  -6.9371155675439777E-002
  -1.5551349710302111     
 -0.46746234876197895     
 -0.13537222213807326     
  -1.0364587986792155     
   4.2946514104148750E-002
  0.37025780451176482     
 -0.29057349937367477     
  -1.2512502123890963     
  0.15321061050593415     
  -1.3917541517134846     
   1.3383934396361981     
 -0.40184855253119417     
   1.5805136442811558     
 -0.34573482678695328     
   1.3658437004224302     
   1.5925848560771219     
  0.18600867610377375     
 -0.43639322194067653     
  0.54753236141582451     
 -0.53059255737365563     
   1.3531784486072822     
   1.4971471795773148     
   1.3835535432515556     
   1.4082872701928169     
  0.97599586512288994     
  -1.2200935371732937     
   1.3324491913709609     
  -2.0715154125634173E-002
  -1.3025737304718041     
 -0.76635916620485856     
  0.77314954854461782     
  0.43273124440967714     
 -0.11921344758974024     
 -0.46045160697418847     
  0.98050100223188141     
  0.18054508053581883     
  0.21485299623059959     
   1.6284843492220635     
  -1.5537384048561111     
  0.63916942499989760     
  -5.8219419478616211E-002
 -0.69217494327147511     
  -1.7035443191639483     
   1.3441114202303723     
  -1.0425517129110238     
  -1.4741238112207380     
   4.5644444156965155E-002
  -1.3419865218860434     
 -0.58149729422234553     
  -1.1977686689356570     
  -1.3126800838142072     
 -0.37951072794813878     
  -1.6774864990185023     
 -0.80405254831149653     
  0.28187829699703071     
  -1.4186165760569387     
   1.4524880719084099     
  0.36330486150924779     
 -0.56152969553104171     
 -0.99348658519274713     
  -1.1843776369896373     
   1.4707625023508812     
  0.82326091832525894     
 -0.98559331208421130     
 -0.19608897644462642     
   1.6983282251933294     
  -1.5433554904360742     
  -1.1720130160489604     
  0.82679987613593009     
 -0.33960667405441830     
  -6.4673181186531647E-002
   1.4302701924655585     
   1.5758331248951285     
  -1.6357363573284822     
   1.1322083455122818     
   1.6628518281025191     
 -0.94944319765989282     
  -1.1188454416622184     
 -0.56623570401501677     
  -1.3882602007154854     
 -0.45163716638035456     
   1.5001892659424705     
 -0.47758728996061267     
 -0.93317991809405365     
  -1.7086279780835900     
  0.56739750280482648     
  0.45941496864967502     
  -1.0853706653903212     
   1.0603683265284671     
  0.86571883871265076     
 -0.25129707347950514     
  0.84612111606207441     
  0.69362161867041749     
   1.3789619405660447     
 -0.65440601798397169     
   8.6879418840420095E-002
   1.0135531400241349     
 -0.36545796039080175     
 -0.12811423378934308     
  0.92204212101115934     
   4.1603176395553179E-002
  0.59121976992281211     
 -0.54374100847113116     
   1.2885658436671601     
  0.55778568441759202     
  -6.7003274062680945E-002
  0.36993743671717289     
   1.2675373624041391     
  -1.0587915020611893     
 -0.17270878190482691     
 -0.76780526843534846     
  -1.0965193789070731     
  -1.6815171566574389     
 -0.42471066927065348     
 -0.70958282805966943     
 -0.46919554952126136     
   1.3637242216005963     
   1.0951913340769592     
   1.3151186149907479     
  -1.4300223309020930     
 -0.95723962833272047     
   1.2505819809245895     
 -0.17342886929491316     
 -0.12938057269701464     
  0.81201834224732994     
  0.92773557497290804     
   1.1329563477672657     
  -1.0087846095099500     
  -1.5617153437489384     
 -0.29001271114192573     
   1.5072285824459357     
  0.72397730186576581     
  -1.6021236644732819     
  -1.0884998435141513     
 -0.66370452615961240     
 -0.36269089127109666     
   6.8869762546626603E-003
  -1.0463435896074522     
 -0.94175381072206310     
   1.0276077395591363     
  0.64237046860207714     
  -1.6563655526416809     
  -1.1682821490564754     
   1.3202333414696024     
  -1.7499199064889353     
 -0.94152108272520985     
 -0.75811335228844379     
  -1.4632613814552426     
  -1.0011822831678006     
  0.56409722136630625     
 -0.75690617191695586     
  0.12134845787333529     
   1.0734027092906184     
  0.22708095815263321     
  0.65741748956480706     
   1.2934187251295393     
  0.90290493208356803     
  -1.4264262904380571     
  -1.3640169009279359     
 -0.29449515409155824     
  -1.2981201565594316     
  0.68241631464845387     
  0.23307642898843478     
  0.73415316775515826     
  -1.2731792409434519     
   1.6391204862165794     
 -0.90250426329103250     
  -1.6618475640983039     
  -1.0500596726852969     
 -0.14109607875536451     
  -8.5611322489895753E-002
 -0.16239617540119949     
  -1.3811090784744264     
  0.79206953213652909     
 -0.70457990446874019     
  0.44334600146992126     
  0.45772278285613871     
 -0.98724505477773539     
  -4.1429265546836284E-002
  0.66149183137787815     
 -0.39473540540254187     
  0.54419938532380008     
  -1.5141895028971173     
  0.74979628623753558     
  -1.0979585205375111     
  -1.6844497855432654     
  0.27019418803011158     
  0.50399512420884973     
  -1.0145428155640985     
  -1.6184945874232242     
   1.2906828707484910     
 -0.86033546078359169     
 -0.69241457675915452     
 -0.12371058924518742     
  0.80121140217877362     
  -1.2834896940202474     
  0.17684990713825616     
   8.8460292504544152E-002
 -0.72011504481011590     
  0.15278605819372193     
 -0.72643876459982704     
  0.19475859309065469     
   1.5871826438529746     
  0.46989511433957926     
   1.7057175580158557     
   1.0841717488090943     
   1.3224832632598937     
   1.4811595289632722     
  -1.5949815178305933     
  -1.6471072893020362     
   1.3466732754157518     
  -1.4374353228108574     
  0.94738723447602546     
  -1.5420960900867551     
 -0.64236468062925756     
   1.1400125509205861     
   1.4421379080923513     
  0.72912272383080867     
  -1.0648736932238529     
 -0.25501211191747397     
  0.69570296152825373     
  -1.2475479647150840     
  -1.1982964778032519     
  0.94144011446272446     
  0.72009848086736927     
 -0.89124291240623776     
   1.6281513521816522     
  0.25825998484570600     
 -0.40206006149586082     
  0.81477254550443190     
 -0.19422831954808067     
   1.6052457083210261     
  -1.0741124524020831     
  -1.6678752808035289     
  0.40626063770172038     
   1.1733177286593246     
  -1.9248128389195547E-002
  0.31985586308275282     
 -0.93990210785894168     
 -0.10712532636882198     
   1.2159785892183319     
 -0.40070881971833505     
  0.20223209883733290     
   3.0087153402858988E-003
  0.98240108541560289     
  0.61137365434633140     
  -1.2639541045191387     
 -0.85241089074331888     
 -0.28370786744858417     
  -7.8434176890815971E-002
  -3.6944371785668527E-002
 -0.62180551995771582     
 -0.99529570057373751     
 -0.61850486825585504     
  -1.4857172046546538     
  -1.6283348277258205     
  0.10841753614168784     
   1.0979422083478461     
 -0.75445709411685358     
  -1.1376858544796116     
 -0.74260500634067483     
  -1.1141112541839790     
   1.0017378993724670     
  -1.3803789634878794     
   1.2224549793023607     
 -0.68298647796146084     
   1.6073066783177037     
 -0.23211723895793254     
 -0.63796306365987021     
 -0.95826069019865623     
  -9.6042199746001158E-002
   1.1872934291373975     
 -0.56372047829659988     
  0.64537653664978945     
   1.1801481532984532     
   6.1720384206190942E-002
 -0.39512011740045611     
   1.1640050874280721     
  -1.3625465730134405     
 -0.96810114615883180     
 -0.61268061373650917     
  0.61936164035534058     
 -0.40427529332839923     
 -0.83024067692804626     
  -1.6737078858241830     
   1.0467779427128445     
  -1.6203209189090670     
  -1.5206317386202963     
  0.33139073481060993     
  -1.5842615626572647     
  0.72615105354927145     
  -1.2702203854658132     
  0.71211941560783909     
  -1.5798848647052024     
   1.0077845692060519     
  -1.7052622795116472     
   8.7307699600093144E-005
   1.4705289698451578     
   1.1531284499860681     
   1.7327169582346107     
   1.4522866976355775     
  0.42942882407607458     
  -1.0050488299620559     
  0.24001920664963350     
  0.47806130252704482     
 -0.22563750332392901     
  0.88223008828273386     
  0.34839366116132642     
  0.33072631113583872     
  0.35618256329749975     
   1.2843816853478940     
  0.48577036887607178     
 -0.48442148530092122     
 -0.23782434693289173     
  -1.5022375102462369     
 -0.81445774010822980     
  0.39737540713790986     
  0.84394432962878019     
 -0.55264344317390024     
 -0.76967865933646318     
 -0.84408915827456266     
 -0.23640530180439412     
 -0.64795288839896281     
 -0.28272602717987289     
  -1.0591230235353766     
 -0.19941763662078815     
  0.32209814327055841     
  0.98369472689268211     
   1.3458412546751970     
  -1.4662746276573726     
  -1.6266262721268028     
 -0.62239630708033999     
  0.48026416000231326     
   1.5703506869714718     
 -0.22226575134855064     
  0.58522238964809814     
   1.0440141533442464     
 -0.97067941558683402     
 -0.63372150733372867     
   1.3884999578483921     
   1.0207435344318558     
  -1.1728205432668968     
  0.82908542276443997     
   1.5754910723690034     
  0.73813123475841447     
  -1.5961342268389302     
 -0.98716170502063616     
   1.4499377936886937     
  -1.6666501886234766E-002
 -0.20082060205651797     
 -0.42974125830915272     
   1.2246733294597432E-002
   1.0083061897610881     
  -1.0109653846752775     
 -0.70266033012531048     
  -1.0098911802216886     
 -0.16833471635081160     
 -0.94204297801611858     
  0.77384851237848162     
  0.68712315380331057     
   1.5412079719375111     
  0.60435480027119337     
 -0.68826454144870752     
 -0.97139399693609030     
  0.44267558498915593     
  0.26254725582207838     
   1.1807244950744149     
 -0.51987599668112050     
  -1.7018977920056677     
  -1.3993151303421634     
  0.21051090985928311     
   1.2687324098521877     
  -1.4546588193411252     
  0.89090471748613920     
  -1.4078390255852471     
  0.30644573152227383     
   3.7442513780523878E-002
  0.37033399818521590     
   1.2575451258407981     
 -0.40827361815777297     
  -4.5654543101172770E-002
 -0.42519780680650010     
  0.69401078607947098     
  -1.4537802127978305     
   1.5297195584071359     
   1.1580286085957245     
 -0.59153558046547916     
 -0.29840392409765726     
  -1.4383924913456443     
 -0.10542388158689116     
  0.97277134373057961     
   1.2370467490871941     
 -0.81831267572268540     
   1.1521010107513798     
   1.3709633083439505     
   1.0717369954565741     
 -0.24951311371393969     
  -1.3880567779182555     
  0.81119659490318763     
   3.6392449450226717E-002
 -0.98466268412927083     
  -1.6343831646759721     
   1.6615806443969188     
  0.29160902251497445     
 -0.33529620174613933     
  -1.0980439520142007     
   1.2994204486217724     
 -0.77627211354490022     
   1.4569164883103525     
  0.58978036999326477     
   1.1630349626909349     
 -0.59546839512512850     
  0.42795216100379102     
 -0.82515687527242021     
 -0.11358958742877250     
  0.80182178697705464     
  0.90436036150476762     
   1.5095161657304210     
 -0.75606870774838886     
  0.36801592149869272     
  -1.2838886450338232     
  0.21298048332350250     
  -1.4303117345247203     
   1.6285830214731192     
   2.7641236582750021E-002
  0.50871715551868235     
   1.5706356369536598     
  0.48813971732381123     
  0.97899865584338952     
 -0.35041024876918841     
 -0.79886741512464265     
  0.84427141951888141     
 -0.67593233811300646     
  0.32520613279504351     
 -0.22231896012843486     
  0.23271319765146925     
   1.2458450680843181     
 -0.56687498095293321     
  -1.1276373518920448     
  0.83393878956993228     
   1.5945095629359765     
  -1.7335077639899679     
  -1.3093169910971916     
  -1.0452188187760003     
   9.8928143733210808E-002
  0.96970563949967170     
  0.79057068180140677     
   1.6521806937472734     
 -0.39462381782050610     
 -0.18105114367864047     
  -1.9445190862186591E-002
  -5.8504816417929775E-003
  0.27322254561906439     
  0.82495612179563982     
  0.37357250017106169     
 -0.49330628247533453     
  -1.1522534364442869     
  -1.5578596703553655     
  -1.1341273458204590     
  0.99300046516382290     
 -0.11949869913262044     
 -0.15544954581585799     
 -0.21645280053409260     
  0.37352603331499001     
 -0.73071669529785366     
 -0.79847763716432651     
  0.88767412830870196     
   4.4543238736154671E-002
  0.94310309772684708     
   1.3143887382282868     
  -1.1126759054981779     
 -0.10769418995027363     
   1.2575777189062403     
   1.6882787265973092     
 -0.20682181855876466     
 -0.13361375325359320     
  0.90118910054674817     
   1.5532282136988418     
  -1.1314718892802771     
  -2.7588189976805677E-002
   1.3848062188557531     
  -1.4847508951438686     
  -1.1161074373089324     
 -0.72699529617343184     
  0.32697687265886582     
   1.2785523252469086     
 -0.92303017031489687     
 -0.85835133517431683     
  -1.4842535301857329     
 -0.14501037435746572     
  0.99199606728825285     
  0.77010283053806483     
 -0.15791006597702592     
  0.76586858994951856     
  0.41332254118355710     
  -9.8198721603846614E-002
   1.5482027218536127     
 -0.78702182613640070     
  0.19802050125128043     
  -1.2543285155452029     
  0.18122925731186282     
 -0.53009302828325588     
  0.27930836676304788     
 -0.81072357612443779     
  0.13353364949912921     
  0.43215744905587516     
  0.65906175075228546     
   1.1261231833484986     
 -0.52360459049012220     
  -1.4901496193042232     
   1.6412671060981172     
  0.69464465304725853     
 -0.76704026607938047     
 -0.93099677910637912     
  -1.1975099744446578     
   1.4328476444654850     
   1.3885845787547006     
  -1.0140759592675759     
  0.34015097177575265     
   1.2499806161950444     
   1.0406602268013225     
  -1.1477013150546080     
 -0.91982028879555289     
  -1.4432795886798138     
  0.22603584569106858     
  0.42129248301924771     
  0.13333981931093614     
 -0.21843186787969415     
  -1.0668085538607350     
  -1.7084456161409800     
  0.67073833373420977     
  -2.8005524564111092E-002
  -9.8133707034252227E-002
 -0.66608670741382248     
  0.24078603393247500     
  0.71219842075709328     
   1.0220404486544294     
 -0.32580258399244777     
 -0.25037699897670340     
   1.6986248232634136     
 -0.27967122479913598     
  0.68585658638453251     
  0.85040293419850987     
   1.6539026851128440     
  -1.0457337643834348     
 -0.98063399590366174     
 -0.87413812500777266     
  -1.0646760298394131     
   1.3534759960270997     
  0.82353339388033264     
   1.3394140419532539     
   1.6776036710274946     
  -1.3825977700517815     
  0.92240778707796145     
 -0.73845274958268137     
  0.84679013027621330     
 -0.97609704384487317     
  -1.5952134116686925     
 -0.65432783518918902     
  -1.4137064758536808     
 -0.42764123896125505     
  0.30990773061437726     
  0.21592848515341673     
  -1.6305396704656543     
   1.0822892671578699     
  -7.7231615994530073E-002
   1.2050716545810081     
 -0.98753688120928040     
  -9.5567910723635130E-002
  -1.3410691041445497     
   1.5104959207177495     
  -1.6230838626378079     
 -0.37761774796846675     
 -0.58288116401795520     
  -1.2389283383696696     
 -0.57660346461136358     
  0.40349007578827423     
   1.6776381111758540     
   1.1072178004268394     
   1.1211489716713727     
  -1.0581036517910951     
   4.1842502158122109E-002
 -0.76634035919067478     
 -0.60118449863969015     
  0.24837028197370664     
 -0.33597526787955179     
  0.81968224948590584     
  0.90112293603557814     
  0.10747970532469051     
 -0.90452531423529181     
   1.0687976531000913     
   9.6456839080951970E-002
 -0.98202699305246555     
  0.43262314957093451     
  0.33213745227207309     
  -1.1780256868925378     
  -1.2568051841182222     
   9.9216044843808887E-002
 -0.79300997907807536     
  0.33789126959774901     
  -1.5978928137552013     
  0.50296260323212671     
 -0.69752546490015543     
   1.1669636722688581     
  0.22433904240945052     
 -0.87910600748850154     
  0.20948329921874492     
   1.0641916566561931     
   1.5619769923584288     
   1.4974762767561596     
   1.0541253088310365     
  0.14105222661671241     
   3.6042083293964064E-002
  -1.2640443534310297     
 -0.63973042847347483     
  0.26182298291216799     
  0.99703792740099162     
  0.37489727605991807     
  0.16733109431243062     
  0.22771590119726653     
  -1.5420533043499129     
   1.1158331555448089     
 -0.60446954839312539     
  -1.2814623369004048     
  0.78392839418278304     
 -0.54939981160360540     
   1.3792793050536374     
 -0.89707983846970185     
 -0.76943060085678106     
   1.4107468521407249     
  0.79614121228981483     
 -0.52772136376070866     
   1.0877772311490528     
   1.3521010141153742     
 -0.42900767850881283     
   1.4743364378673216     
 -0.28031425395292914     
 -0.73445350307459556     
  -1.5786525933034907     
  0.36845248784677753     
  0.87796668557323887     
   1.7123919069116451     
   1.4749257049159887     
  -1.6040243063071795     
 -0.25774931847962779     
 -0.12326590342953853     
   1.3136686982250267     
 -0.96372744086687723     
   1.2951195937962974     
 -0.53251570911471069     
 -0.21082694091408594     
 -0.57186008559052204     
  0.88924551672288410     
   1.2752202262251018     
   1.4608384385711015     
   1.2302690978468764E-002
  0.80228603561056688     
   1.6992213743729225     
  0.93593972331263120     
  -1.1321376859857928     
   1.3545622353759250     
  0.24978126651852622     
  -1.4270468223224642     
 -0.59910276337806523     
  -1.5493757705729108     
  -4.0821674447662777E-002
 -0.57597982466973097     
   1.7464740254043716     
 -0.19831070533511325     
  0.87586673733938181     
  -1.2660413782738797     
 -0.62571991229609569     
   7.8800337754733774E-002
   1.5177281156132645     
  -1.4816156737506263     
 -0.36969433826437914     
 -0.84132196856174968     
 -0.48069547321935835     
  -1.4417969430633053     
 -0.54926997662729848     
  -1.3488848233665751     
 -0.34885024870130249     
   1.2474510109173067     
  -1.7032299435133222     
  0.96277640941372300     
   1.6006785186701036E-002
  0.22212300800068460     
 -0.26405366506508965     
   1.2496149276804904     
 -0.94360606475656550     
  -2.2537018837088731E-002
   1.0593410676119241     
 -0.59538600033277700     
   1.4955741066773809     
   1.6893174047791226     
  0.98440318829923246     
  0.36222599112804921     
 -0.21178698334844215     
  0.11999495988619500     
 -0.47272786701955549     
  -1.0215173079895530     
  0.67134491401530494     
 -0.15729272320778673     
  -1.5243314712122058     
   6.7803425161995501E-002
 -0.80076776396150251     
  0.63946865171390366     
 -0.66548671501941714     
  -1.3754938886891164     
   1.4988293275480424     
  -1.1494890235279847     
 -0.11553816401529417     
  0.76464571827026151     
 -0.47097124997088907     
 -0.64839427205801248     
  -1.1088304272352230     
   1.2016669396552573     
  0.48602691604116860     
  0.84258141965863753     
   1.3216715567116877     
  -1.5211451628377213     
  0.83408910268699776     
  0.93715891485937419     
 -0.30514156446177537     
 -0.30402244150884261     
   1.5882057785623473     
 -0.39535424794535423     
  -1.6745650130030085     
  -1.5550772968072526     
 -0.39063713969323088     
  -1.6078511484554836     
  -1.6616187260652171     
   1.4807690696033482     
  -1.6611518566738397     
  0.98905922901930043     
  0.73867945168866100     
   8.7725381180256218E-002
  -1.3117310131959474     
  -1.2722544548176418     
  -1.4877582300998706     
   1.3876768840142772     
   1.5274773072007815     
   1.6281812897388970     
 -0.88419265597831420     
   1.5147953138833485     
  0.11995463962610120     
 -0.18176837976659246     
 -0.68515997960120023     
 -0.73833230605362909     
 -0.65094607646263891     
  0.48342737766561156     
  -1.0685314807088413     
 -0.95143727999994010     
 -0.45075769007408989     
   1.0294601964154007     
 -0.36335180278110141     
   1.0314253290264557     
   1.2809285831044653E-002
   1.0027105162892760     
  -1.2397520893999010     
   1.3841296596682862     
 -0.54293031306070627     
 -0.87041394977377418     
  -1.0938293408707369     
   1.0704326406307156     
  -2.2360113605684111E-002
  -1.4873848470243083     
 -0.18364938442899881     
 -0.74467991993962168     
  0.10736439588793771     
   1.5023583694138873     
  -1.7175008294847089     
   1.5445879323615881     
  0.11119911698685188     
 -0.87753746469860139     
   1.2586643077508919     
  0.66410533391066040     
  -1.2364440195780162     
  -1.3630904023868791     
  0.86064169060578177     
 -0.57867005092023582     
 -0.59275628747702391     
 -0.20652305443554575     
   1.2885373566795726     
  -1.0013766981391166     
  -1.5963339277519737     
   1.1881481981531605     
   1.4817397279599152     
 -0.53599677224514397     
   1.0619863617390684     
   1.2513377349929526     
  -8.4136569456786339E-002
  -4.1016244638537237E-002
 -0.40541019102013803     
  -4.7163871896623362E-002
  0.19125702565282982     
 -0.35445216338727020     
  0.96008443689915801     
  0.51133264031469827     
  0.97635609412879376     
   1.3120964949788367     
  0.70969959224826673     
  -1.5504472838368264     
   1.6198000705267139     
  0.31577710516085300     
   1.1588641851434072     
   1.3418211249597298     
  -1.3824693120113383     
 -0.64989878330283379     
 -0.39645168675215581     
 -0.45885734304705489     
 -0.44275540931330498     
  0.53350869669324763     
  0.94153477259880791     
   1.5466741982177721     
   1.3454722525559901     
  0.81078709658739578     
   1.0963082282593202     
   1.0935886243252961     
 -0.70778039873544674     
  0.94634121188138209     
  -1.4417494275533114     
  -8.8927108012878710E-003
  0.14868154282281365     
   1.3284750432796582     
  0.67149612066036801     
  -1.2914412915613340     
  0.18295873473576249     
  0.65498468537224230     
 -0.37844616964865069     
   1.3197339245377733     
   1.5141454427235228     
 -0.40703528676569201     
   1.4798826740083928     
   1.2446237610125359     
  0.74865793620389343     
  -1.9056220209371762E-002
   1.0604172973045360     
  -1.6022199524536416     
   1.3877965014819365     
 -0.80077704186072318     
   1.0368550165119614     
 -0.58641074011297090     
  -1.6476690974534520     
  -1.0599479675119836     
   1.0310401934324682     
  0.73691465427130720     
  0.38720029186508587     
  0.87662418877622905     
  0.43932920633108535     
  -1.6478072024698209     
  0.71889982313134781     
  -1.3857342857898218     
  0.82752011115836410     
  0.49062605889680982     
 -0.86355695922697873     
  -1.2960551625198895     
   1.2621222827626990     
 -0.39708470897731113     
 -0.32430453973221857     
  0.57498652338929146     
   1.2243831202235083     
  -1.1055930539520897     
  0.95209344150940789     
  -1.3099794598437251     
  -1.6020097459854676     
  0.68311981810779632     
 -0.59060639171027551     
 -0.16345269898494297     
  -1.1087834406726291     
  -1.0387710883328505     
  -1.6055360221127579     
 -0.83134082534843146     
  -1.4408002742528689     
  -1.1648249623527362     
 -0.41979333977758598     
  0.75714626093549753     
  -1.0279200493204748     
  -1.3166517482013709     
 -0.88733901122978476     
  0.77682734989595636     
 -0.51516720569867880     
 -0.97893417383250991     
   1.7401549030478975     
  -1.0085050492395609     
 -0.93966393520265079     
   1.4644437399438202     
  0.69798326207224159     
 -0.29617907507279173     
   1.7020602035206212     
  0.40143343395817710     
  0.96730016798384422     
   1.5079526540320254     
  0.89306774842009506     
  0.46537327666822947     
  0.63193351948128429     
 -0.65103583303155965     
 -0.65493133066014075     
  0.65135112518405758     
  -7.8029677732708150E-002
   1.3790253657376714     
  0.41895405630358762     
  -1.5543182347572020     
  -1.2970868636171240     
  0.57683837509661273     
   1.4899341470151921     
   1.6878841299037968     
  0.60968486957078150     
   1.1788661620589533     
   4.9606625728590384E-002
  0.76759952859922520     
   5.2015343056380538E-002
 -0.15114438845126049     
  -1.3830192472539902     
  -4.9552915916967435E-002
  0.12745396833606115     
   1.1503337410814594     
  0.10018739231883550     
   1.2072616492897676     
  0.19691060405166061     
   4.4504062742104576E-002
  -1.0100579084053465     
 -0.29316266327009788     
 -0.40102278136551434     
  -1.0319063692133597     
 -0.92690422545259710     
  0.23158629867498379     
  0.47712799977422360     
 -0.24307847881209910     
  -1.6585052182158309     
 -0.83573290306431103     
   1.0702060334501116     
  0.99701554748945154     
  -1.4975519860432465     
 -0.93178998209489439     
  0.41025083451891148     
 -0.27903207595216728     
  -1.6543258422786105     
  -1.6082185727159961     
 -0.45338535758250464     
   1.6376087988253059     
 -0.81715934722276784     
 -0.65417542920632066     
  0.46454372186691179     
  -1.1795672501583938     
  0.20176810382474056     
  -1.6759268415036608     
  0.74219672137051351     
   1.3054692556820668     
  0.34847156791731132     
   1.6453366607131919E-003
   1.1125112893109721     
  0.94765025999173536     
  0.83899453497428478     
  0.50467541916518832     
  -3.5015172233202954E-002
  0.92046973693489897     
   1.1474575085502796     
  0.19237770225755885     
   1.6096420938368856     
  0.30962935060695773     
   1.4157028243283103     
 -0.66737682922933339     
 -0.35728215541629577     
  -1.1167793142460387     
   1.4828649885396474     
  0.20503217131559434     
  -1.2663997957963811     
   1.4671062596578404     
  -1.2594600087958305     
  -1.1271191319438028     
  -1.3352823785249901     
  -3.4014653163708122E-002
  0.92056317820692679     
  -1.3289444933065970     
 -0.33420063919322435     
   1.6805233492925213     
   9.3781086711257886E-002
  -1.7359830708567037     
  -1.5649617537664977     
  -1.0142447542101154     
  0.34577448721821391     
   1.5698995844249295     
   1.5423319752659899     
  0.12441990899282662     
 -0.44821547261976180     
 -0.45419577631972963     
  0.29219923444440377     
  0.11316233218699595     
  -1.6608046068922038     
  -1.1236707161195598     
  -1.3027790025584944     
  0.34552571093558382     
  0.34295147038929957     
   1.1446270249947887     
 -0.20312108549229702     
  0.51409378345138146     
  0.50072635283951850     
  0.76774098284316583     
  -1.5190127837466332     
  0.60352547848597349     
  0.68406989362697590     
  -1.2710124177123763     
   1.4268414685184343     
  -5.5313924268324467E-002
 -0.52047231007391437     
 -0.20874110459811007     
  -1.0367637720945251     
  0.53565252308355804     
   9.2094474576048760E-002
  0.83657603200450614     
  0.73780150214861262     
  0.14688181735394790     
 -0.86564559106229133     
  0.95831352105746204     
   1.4865182557453884     
  0.88615457197030723     
  0.90262843933687087     
   1.1349130253552620     
  -1.0588257634068070     
   1.0375827477790645     
   1.2951702976155288     
   1.7148744616698581     
  -1.4334188548430351     
 -0.48022487307652906     
 -0.76807535030892349     
  0.46944581189890788     
   1.2712946969934857     
  0.27324488478406916     
  0.86061474104623481     
 -0.31066318345495414     
 -0.25591723735394345     
   1.0828925936370104     
   1.3071671673226670     
  -2.4595514346058181E-002
 -0.37600908469726652     
  -1.1463493887386613     
  -1.5825463447304178     
  -1.7017610037631570     
 -0.55253568861839231     
 -0.75510686918735903     
 -0.15864688237381852     
 -0.76781528331380222     
   1.2150257684434940     
  0.11027467434587696     
  -1.2401259064861161     
  -1.1003022287440014     
  0.22886157253633832     
  -1.3300286195654198     
 -0.73080678333472082     
  0.86428335223092434     
   1.1146689893624067     
   1.4050795723090217     
  0.28946987377252886     
  -1.5041692020302320     
 -0.72644610841878454     
 -0.22992503776295514     
 -0.43495896998954353     
  -1.0414612720783707     
 -0.50060093752268953     
 -0.20915200702929748     
   1.5831519135695882     
 -0.85273527688508599     
  -1.7090928563820700     
 -0.72178236856627742     
  -1.3985228003613062     
   9.4069958598276285E-002
  -1.0985162391296359     
  -1.6512500294904635     
 -0.61608539756615854     
  0.19446408261771814     
   1.2325746251591156     
   1.2126939956183374     
 -0.82295682751362709     
  0.85132377893700362     
  -1.4728936378822615     
  -1.0832720269310823     
  0.41486473692589471     
  0.20871309410513000     
  0.72025175635246697     
  -1.7504452208011163     
  0.27831985425440481     
  -1.3774822103637328     
  -1.1869515615657729     
  0.45177591727428124     
 -0.97354402572700516     
  -1.4514791583207931     
   1.2156575522212811     
 -0.28897923144203930     
   1.4590929628741054     
  0.79147057123341868     
 -0.42456352488792892     
   1.2985317797487370     
  -1.2040026222945193     
  0.98635884912650529     
  0.41900681765336212     
   1.4797835199253213     
 -0.71435003674585995     
  0.53915948481151021     
   1.0868956593953656     
   4.6556838182632544E-002
 -0.86289202755501959     
  0.92865005784532739     
  0.80683332539605457     
  -1.1383683385649817     
   1.5671881633591318     
  -1.6630201361915646     
  -1.1043997633548992     
  0.68287361596852614     
   1.7125378063767682     
  -1.2811765257136152     
  0.46273677022992932     
  -1.1213300771260586     
  0.78922706751084948     
  -1.3054059237223439     
   1.5683536205844053     
  -1.4127766135798241     
   1.7310039690316825     
  -1.2912972950144772     
  -1.6994969991352191     
   4.5351472537422284E-002
 -0.31062109404851895     
  0.98673912754727855     
   1.6203908841965862     
 -0.70448663909800180     
   1.6377460671157353     
  0.75886809722450987     
   9.3127767485932586E-002
 -0.94565939105736785     
 -0.38263679576874976     
   1.1680914603896726     
  -1.3197294140738962     
  0.77118152592166722     
  -1.0867281342054886     
   3.6984402950699359E-002
  0.37355450733205409     
  0.85693665317808487     
  0.76110631978838583     
 -0.11685397810598543     
   1.7356674968125450     
 -0.30607395230429496     
  0.40498674190159906     
  0.99580040530735825     
  -2.6043728352949415E-003
   1.2435974374505923     
  0.52167221384846363     
  0.84254018528596641     
 -0.53181785216445532     
  -1.4869076745675838     
   1.1672676953582954     
  -1.4275369620279910     
  0.27201095987933793     
  0.98014003228201196     
   1.3389359676762306E-002
 -0.82554134179807170     
  0.49240603761313756     
  -7.9566534561939559E-002
   3.0775503485049267E-002
  0.46782955691457084     
   1.4632904594995595     
  -1.3616787625557460     
  0.64875693511839927     
   1.4371569684629775     
   1.7354882504297020     
   9.1439115526009918E-002
   1.4331373361055384     
   1.5195328796567731     
  0.47034578541498157     
   1.0785645614683679     
   8.3400279376645320E-002
  0.84779762074295761     
  -1.0956614686503858     
  -1.6932511751962316     
   1.2473475652120058     
  -1.5469166044387022     
   1.0229812804819012     
  0.30071160429359811     
  0.54871798213871137     
 -0.67192667036745080     
  0.20368793276508240     
 -0.28994505479474575     
 -0.70510398291304655     
 -0.76423813022893361     
  -1.2240443912342645     
   1.5606224166594231     
  -2.6564868250179285E-002
   1.6716958195499623     
 -0.51422106111484900     
  0.33572167197812580     
  -1.6870591419116505     
   1.4662395989242289     
  -4.4029974750377093E-002
  0.15843118872634265     
  -1.5160148293064688     
 -0.37504210169888752     
 -0.99104248783481308     
 -0.28026886959055580     
   1.6120279563927504     
 -0.53277451408450993     
 -0.42195436721592366     
   1.6146741217974367     
 -0.88408014933764978     
  0.97531600182635825     
 -0.13161553989298314     
  -1.2870324153318116     
 -0.28160944842775310     
  0.37328030695293785     
  0.15661416596755334     
 -0.41002090269912650     
 -0.90544763944304529     
  0.90220370525824312     
 -0.30659103975275609     
 -0.94507179083440862     
  0.40387722046016028     
 -0.22514740290589932     
  0.27025709044422169     
  0.73584754280365650     
  -1.4140644383123988     
 -0.68483302791121581     
  0.36843301012409907     
   1.3965905023074148     
   1.6143670880648251     
   1.3245209672000817     
  -9.1389911400877877E-002
  -1.1716795639156652     
  0.51855541558140883     
  -1.5498669148770419     
   1.3482610661786225     
  -1.0461399586537181     
   1.4194045679070024     
  -7.1416608496678774E-002
  0.83709398540865532     
  0.83035882254924842     
  -1.4444182887822790     
 -0.81363984619073726     
 -0.77529232710725549     
 -0.47839152531677726     
  0.54778040250625193     
  0.72261525609597610     
  -1.4369101993149425     
   1.4394786631225465     
  0.14369180317337024     
  -1.2537209496009485     
  0.85957297705580893     
  0.73699006359574248     
 -0.89364957664862166     
  -7.2404370366047535E-002
 -0.87466962687296534     
  -1.0933950834902637     
 -0.57022304149225311     
   1.5681887825681733     
 -0.11124729606550272     
  0.40008133271984248     
 -0.42721801522328740     
  -1.6052948856805345     
  -2.5935022031370804E-002
 -0.69090325147192788     
 -0.34080620306119702     
  0.57480028853201415     
  0.93789052959842190     
 -0.79815507718241485     
 -0.79519472308425132     
 -0.18176609564793689     
 -0.49093194220664449     
 -0.89552916308187902     
  -1.3414902768993895     
  0.67493622265287923     
   1.6251709896724968     
  -1.0480142978852129     
   1.1647281943618364     
  0.28038687783563865     
   1.3013436374323692     
  0.18700016090749982     
  0.34747473506801879     
  0.88667166230300298     
  -1.0465271231175326     
  -1.2187230980905945     
  -1.1807254876305322     
  -1.7043847270061967     
  0.29934384528349228     
 -0.31466388747625473     
  0.71100496843281036     
  -1.4962801686633118     
   6.2027467676934268E-002
   1.6784790085147372     
  -1.4244372815723776     
 -0.17905317418756420     
  -1.1663094868160329     
   1.4205279815861436     
 -0.85770656664485956     
  -1.3757157567788505     
 -0.33098850072315900     
 -0.61657443928372413     
   1.1278366993134668     
  0.43263777750202614     
 -0.63647031558476075     
 -0.75942129244682843     
   1.1461833990140324     
 -0.13271298708273016     
   1.3878650229558520     
 -0.32770067925288932     
  0.12980149302129720     
  0.38657670416732753     
  0.92671290280019369     
  0.84032512908855672     
 -0.26350159275438312     
  0.86714106761606069     
  0.74089610289282215     
  -1.6342601355931785     
 -0.42682311011336443     
  0.82256925286965243     
 -0.57434283474125403     
  0.39053579585945225     
  -1.1266418561119600     
  -1.7349893882456615     
   1.5623991274445164     
  0.43328485696441760     
 -0.20197006892929906     
  -1.4635985855560740     
  -1.1740975601581911     
   1.5430548985772008     
  -1.0201452788295327     
  -1.0848356238232015     
  0.62612631022889675     
  0.97549416932389943     
  0.54357192324042924     
 -0.49436066521675948     
 -0.66465774215324591     
  0.20789950550075156     
  0.36675666079589403     
 -0.56142446432116766     
 -0.52165872186512596     
  -1.2139722553957146     
 -0.82953355205378709     
  -1.3304866336945569     
  0.36599229305960157     
  0.33183651403214426     
  -1.4068610173977694     
  0.62347340512881844     
 -0.33004371051585840     
  -1.4101634402303007     
  0.97018999795649163     
 -0.65159925615912151     
   1.3015511067252099     
  -1.4327528695213227     
 -0.47151491076855967     
  -1.6223762306158995     
  -1.7437271346855738     
 -0.78620865019628183     
  0.93122696889453627     
  -1.3549922608800418     
 -0.72856467164265826     
  0.89232246725564490     
  0.97742577273656761     
  -1.0216455325035427     
  0.32819152168905974     
  -1.4351371071320815     
 -0.10736201382027329     
   1.0003924354273381     
  -1.0695750778261159     
   4.0003211676289362E-002
  0.72203355750347031     
   1.3809745575509822     
  -1.4685275314382265     
   1.6771106199233228     
  0.79990122747909442     
   1.4443870356080359     
  -1.3647552238707124     
  0.88845099876608935     
   1.2977486921051939     
   1.0073036019557755     
  0.85052516002181711     
  -1.0526926021719587     
 -0.28102147872316741     
 -0.15358603096762011     
  0.93945032936853889     
   1.2171903396127521     
  0.62009486375275857     
  -1.4026381611279515     
  0.44679195564337648     
  -1.4739195015409814     
  0.86065458240381276     
  0.65218153691134340     
  0.85922316794318343     
  -1.6685361876045572     
  0.49764824544446856     
  0.88014743230380388     
   1.6742340891329988     
   4.6920186643947398E-002
   1.2236395430182843     
   1.3857971925486203     
 -0.13074439167746210     
 -0.51076150318009839     
  -1.6276682618187270     
   1.5194856847655716     
 -0.48089869757294951     
  0.42415317141620340     
 -0.35684025862583485     
  0.78627407424467632     
 -0.57172440281256443     
   3.6692612726643599E-002
 -0.33505048033841794     
  -1.4398751927487945     
 -0.27216666561558134     
  0.85660907524853847     
 -0.74626889456118350     
 -0.32165382235633955     
 -0.29480788196582824     
  -1.4039722073885719     
  0.27920580064011180     
  0.50722923920646501     
   1.6768174622159717     
  0.63373474997415391     
 -0.51277194218686462     
 -0.35785448382620316     
   1.7299569972341884     
   1.6053313724460774     
  -1.3496577524020659     
  -1.2250419978334051     
 -0.48391022863986949     
   2.8923921492080062E-002
 -0.97341053993343707     
 -0.67121681508362130     
 -0.39503162023266014     
   1.1339396326102018     
  -3.8750549480325094E-002
   1.2772589407574164     
 -0.13560751148783343     
  -1.4957505390556722     
  -1.5459206292346515     
   1.5145816975332644     
 -0.31301143818716720     
 -0.42690802305122388     
 -0.44621744676147185     
  0.29499058137351719     
  0.52223136703552675     
   1.6973562215867362     
 -0.82146967725078635     
   1.3749935722442577     
  -4.0924142842862457E-002
  -6.7457555954284779E-002
  0.66198926020060422     
  0.77585791378978075     
   9.8967387790819816E-003
  -1.2096643415450437     
 -0.70839756565930256     
  -1.0009059001311091     
 -0.30387838851133969     
 -0.32928441625785748     
 -0.78346034619398930     
  0.64377278469380694     
   1.3824356471813650     
   1.2600034951963157     
  -1.6484488854603188     
   1.2648301332783851     
 -0.88570430313308290     
  0.69494730361360413     
   1.6718033660738092     
  0.91890101095747068     
  -1.0591930905637343     
 -0.16429477663752404     
   1.4870236439546050     
  -1.6651626856024258     
  -3.2022564582337494E-002
 -0.98088938781786550     
   1.0269279984499322     
  -1.4232626488265323     
  -1.3960275883666080     
  -1.1782588818709641     
  -1.0698584325607690     
 -0.67085067935795872     
  0.87279014024197543     
  -1.2849535479702530     
  0.45218836593967376     
  0.16167194104736854     
   1.7149697457078628     
 -0.20041091101499015     
   1.0883453930994789     
   1.3195717092572112     
   1.3855713969681294     
  0.36708296067268381     
   1.0265718143357145     
  0.48348470818725003     
   1.0796469730067002     
 -0.88720033453171232     
   1.0555270816736080     
 -0.39323676008206621     
  0.95750658901133157     
 -0.57264553344889868     
 -0.99279652311157440     
  -1.7161702381634043     
  0.59658403136549998     
  0.35855378763887930     
 -0.13535442995178748     
  0.77923087275879044     
 -0.71566226603643568     
   1.6718885517987550     
   1.1758270577452363     
  0.21962316484220251     
 -0.81084290240837165     
  -1.3225249959361782     
  -1.5460629687216001     
 -0.95260626895436784     
 -0.24583255511943949     
  0.79220586230608059     
  0.73612166949825730     
  0.55012220805475742     
  -3.0378706987487028E-002
   1.4879668772804033     
 -0.77699460678560039     
   1.7495698835607911     
 -0.20287213945350213     
  -1.3872839673127229     
  -1.5813747460383496     
  -1.0649396199534948     
  0.43983812359091762     
  -1.1207609658939341     
  0.95369498564677146     
   5.2491621325790883E-002
 -0.17951654993718535     
 -0.30942648917832510     
  0.54471274319261198     
  -1.2169911259924213     
  -1.5770880230936470     
 -0.10445527671580498     
 -0.25221326861520510     
  -1.5521190680026637     
  -1.6410067952292300     
  -1.1033663476745650     
 -0.33457045609720115     
 -0.80517622783117138     
 -0.50452593307407900     
  0.71856738964571609     
 -0.53399114141580273     
  -1.5247503647281226     
   1.0166290526785053     
 -0.42806692187798534     
 -0.90346037192983075     
  0.13420165073994517     
  0.15093192580544765     
  0.72100268462570483     
  -1.5498113107248788     
 -0.77550112135416316     
   6.7612887455941614E-002
  0.12298808356944214     
  0.92093125322968050     
 -0.64910503248736806     
  -1.0683761894746848     
  0.52144189559500753     
 -0.84956731730826474     
  0.25684684951574893     
  0.16788068469425904     
  -1.6799365704761626     
  0.48779688801912241     
  0.50159957832337754     
 -0.85648767609383980     
 -0.54904064970164634     
 -0.17900966404464289     
  0.97940690142633802     
   1.5472982080004909     
  -1.2307496559159394     
  -1.0103278547035299     
   1.4497009311330484     
 -0.66441914928824941     
  -1.1808965476943620     
  0.20157424207218747     
 -0.29899521928156481     
  -1.5318978076244325     
 -0.42184546940782819     
  -1.0689966176735695     
 -0.20320780439161074     
   1.1276066667523605     
  0.12151182284789497     
 -0.22866229991992798     
  -1.4080122297150430     
  -1.1253805516834514     
  0.21518726237639685     
 -0.97043067795490734     
  -1.0375080300997896     
 -0.42981864993900326     
   1.5883761927719096E-002
   1.6111355045647964     
  -1.5619962917980919     
   1.1813861064021569     
   1.0121178112777058     
  -1.3665262359348456     
  0.80675980021820604     
  -1.3226337475215668     
  -1.3848400569061750     
  -1.2175257314419214     
  0.42821669203120771     
 -0.18106298403600640     
 -0.23368143111012310     
  -1.2256280036131928     
 -0.14063057523675870     
 -0.46123810298851936     
  -7.5412310386946207E-002
  0.76125278065818547     
  -1.0508356366090541     
  -3.1405079067261615E-002
   1.3167615850449983     
 -0.51157481270078631     
  0.62780289861097383     
 -0.11843927838677996     
 -0.99149047338732355     
  -1.1319842117433587     
   1.1249088729807006     
  -1.6816378437590100     
  0.43369444928713119     
 -0.59321460348943200     
   1.7238930877189629     
  -1.2218093504729419     
  0.94765926789848576     
 -0.45459904758066166     
  -1.3407690984713612     
  -1.4899600972080371     
  0.28057808890551300     
  -1.4103884408166112     
  0.71438136726070323     
 -0.15428544440408251     
 -0.13957528151584289     
  -1.3999248748099802     
  0.95610844102402648     
  0.62615808844299270     
   1.6893487799241760     
  0.61062104759173008     
   1.3252680955687464     
   1.4481560758683012     
  -1.5462298851456160     
   8.8616703522281862E-002
  0.85655070164077685     
   1.7314331974987942     
 -0.75024560822268027     
   1.0344450851676443     
  -1.2981891162678365     
  0.81304474084273104     
 -0.51621973990633352     
  -1.6173412679679615     
  0.55823737136752460     
  0.55693095858607966     
 -0.35710440529955229     
   1.6199766488439489     
  -1.2055514621737462     
 -0.95712390458251506     
 -0.92213306723049171     
   1.0682748464294782     
  0.24474568636715466     
  -1.0741855533236300     
 -0.96065625738608640     
 -0.13579611157947721     
 -0.71148377352638059     
  -1.1605747172163838     
  0.95298431283690166     
  -1.3242051058700981     
   1.2048490559744698     
  -1.0629732666240996     
   6.3918873960918443E-002
  -1.6024338139575147     
  -1.3255481555613542     
  -1.0451367522348036     
   1.2097531939485677     
   1.7009703494040194     
  -1.2499114398208164     
 -0.57143658583765544     
   1.0710584874620470     
 -0.91878143190579387     
   1.3195209130055372     
  -5.6202189871415127E-002
   1.3249666928675559     
  -1.6104035543525330     
   1.6298854133353942     
   1.3088527733413204     
  -1.4393524658354862     
  0.14375685299042579     
  -1.2847236334896599     
 -0.86456262341097290     
  0.89361712406670135     
   1.2878557750110975     
 -0.50952595764837438     
  0.79336480151306432     
 -0.59050835183281536     
  -1.0060279280009548     
  0.77610942869448041     
  -1.0956876602054262     
 -0.41997306256730199     
   1.4049956081337172     
  -1.6863620799179511     
   1.7199404444687276     
  0.50751394511817460     
 -0.90206234050553014     
 -0.99738490637065091     
  -1.1244271947383710     
   1.6771355053417651     
 -0.21170102896252885     
   1.5156389812220461     
 -0.56938216894548122     
 -0.38995199084183008     
 -0.55907403508411335     
  -1.0868849748914591     
  -1.0248284010159663     
  0.92091099932305309     
 -0.46886046483029437     
   1.6719884828550013     
  0.70995624773441923     
 -0.19921047974146358     
 -0.67074929798257754     
  0.63518542358805996     
  0.91717611859156634     
   1.3864808241555806     
  -1.6819567892276066     
 -0.33339444501189303     
 -0.67924609514299417     
 -0.36082617941933215     
 -0.79069030936087370     
  -1.1404174544956547     
 -0.38427672368120741     
  0.84609310158691753     
  0.18294589059688782     
 -0.53841044711833375     
   1.0107051882638083     
  0.29025155020269428     
  -1.5143398531166944E-002
 -0.12411898221836007     
  0.44926873808097340     
   2.8094906912598416E-002
  -1.2406085663630173     
 -0.95614330715025209     
 -0.80200251307666071     
   7.1364034721845576E-002
 -0.61300524167778003     
  0.26526059800450397     
   1.3937957924272766     
   1.0739595651052101     
  -1.4865422107542730     
  0.31302975821313483     
 -0.27061808461486225     
 -0.97340069136336915     
 -0.98898490332404609     
  -1.6501284197993820     
   1.2380311308278886     
  -1.5998261543003884     
  0.95355325023313731     
  -1.4126239675797430     
  0.97888821841982421     
   1.2110864682691511     
   1.1443869043993253     
 -0.97591302334130470     
  -6.1239482800712272E-002
 -0.42128495156992946     
   6.1718912978509483E-002
   1.1210517147456571     
  -1.3756582187955764     
  -2.9164571408421300E-002
 -0.36835718935834250     
 -0.12483505606178570     
  0.37898070755443847     
   1.1871832196930090     
  -1.1600764187620503     
   1.3320662375112173     
   1.0551950131746326     
  0.29854317624641502     
   5.4337244336409282E-002
   1.3811865692469891     
  0.64084076140529211     
  0.95308809162084951     
  0.69788123001234936     
   1.4486277539365875     
 -0.20938070184472149     
  -1.5221013044028322     
  0.46904530345099898     
  0.83475168359729968     
  -1.1519106104062771     
  0.14734077439731441     
   1.0895495825656805     
 -0.12782811606336664     
  0.11160907638820536     
 -0.26152428919901899     
 -0.23623766057499046     
  -1.2476092744379590     
 -0.10691201438581924     
   1.2637750539001220     
 -0.34458048211370657     
   1.0278438845814910     
   1.2836596072274664E-002
 -0.77276599353165143     
  -1.6890512428428239     
   1.0271532088880713     
  -1.3286399653776571     
   1.5697228280223452     
  -1.4131925157534399E-002
   2.6339093441761295E-002
