           1   1.4848758798755854     
           2   1.2472809494277453     
           3   1.2472810280304372     
           4   1.2472811235791259     
           5   1.2472812394355126     
           6   1.2472813684353647     
           7   1.2472815395381700     
           8   1.2472817383438664     
           9   1.2472819544218618     
          10   1.2472821914406951     
          11   1.2472824329045906     
          12   1.2472826723975152     
          13   1.2472829017856530     
          14   1.2472831222264265     
          15   1.2472833035518098     
          16   1.2472834339038918     
          17   1.2472834862632760     
          18   1.2472834049921420     
          19   1.2472831696047482     
          20   1.2472826944446935     
          21   1.2472819120432845     
          22   1.2472807221162112     
          23   1.2472790011909851     
          24   1.2472765994436414     
          25   1.2472733453407234     
          26   1.2472690440041554     
          27   1.2472635502984977     
          28   1.2472567767362079     
          29   1.2472487718086178     
          30   1.2472397263650778     
          31   1.2472299649761884     
          32   1.2472197928087052     
          33   1.2472093581693182     
          34   1.2471986629648475     
          35   1.2471880663599935     
          36   1.2471788702209659     
          37   1.2471732759884682     
          38   1.2471731912633248     
          39   1.2471793275873813     
          40   1.2471909431788155     
          41   1.2472055054707387     
          42   1.2472182056415448     
          43   1.2472230641362019     
          44   1.2472168158654779     
          45   1.2472016183636767     
          46   1.2471835346646412     
          47   1.2471686406936140     
          48   1.2471599664527393     
          49   1.2471566182277034     
          50   1.2471554102607378     
          51   1.2471539093304433     
          52   1.2471520962676732     
          53   1.2471512108206961     
          54   1.2471518860416004     
          55   1.2471529900500775     
          56   1.2471518048486052     
          57   1.2471461843583953     
          58   1.2471374321615964     
          59   1.2471295659091097     
          60   1.2471259174248892     
          61   1.2471271477535264     
          62   1.2471320372637198     
          63   1.2471388521438702     
          64   1.2471460607538809     
          65   1.2471523907266029     
          66   1.2471568491001481     
          67   1.2471588454617053     
          68   1.2471582506293546     
          69   1.2471551050808691     
          70   1.2471491331066653     
          71   1.2471399133009800     
          72   1.2471280962184710     
          73   1.2471165903933978     
          74   1.2471099472570599     
          75   1.2471116010236933     
          76   1.2471206861422859     
          77   1.2471317288548771     
          78   1.2471382678917116     
          79   1.2471371390111292     
          80   1.2471296552159414     
          81   1.2471195049051542     
          82   1.2471108021115733     
          83   1.2471072259632581     
          84   1.2471109527338786     
          85   1.2471218732275891     
          86   1.2471377401306376     
          87   1.2471545073488781     
          88   1.2471666881211556     
          89   1.2471695650281573     
          90   1.2471630606508657     
          91   1.2471525617755201     
          92   1.2471442851828822     
          93   1.2471400887638908     
          94   1.2471371655458956     
          95   1.2471316972155970     
          96   1.2471227203877500     
          97   1.2471131926375092     
          98   1.2471079382284755     
          99   1.2471107506488393     
         100   1.2471220402843808     
         101   1.2471384122630504     
         102   1.2471528740260562     
         103   1.2471562117734407     
         104   1.2471418263216687     
         105   1.2471124842008852     
         106   1.2470803347533732     
         107   1.2470581431525112     
         108   1.2470515611168884     
         109   1.2470592405615679     
         110   1.2470776745802574     
         111   1.2471045946520016     
         112   1.2471379505400564     
         113   1.2471728988210613     
         114   1.2472013078129454     
         115   1.2472151249999563     
         116   1.2472114364569904     
         117   1.2471944405286957     
         118   1.2471726315115748     
         119   1.2471535555054039     
         120   1.2471401758803844     
         121   1.2471310437918985     
         122   1.2471230700766287     
         123   1.2471138557125032     
         124   1.2471019575560756     
         125   1.2470881088761987     
         126   1.2470762355305176     
         127   1.2470721214097220     
         128   1.2470797838557699     
         129   1.2470991144747563     
         130   1.2471260086461637     
         131   1.2471537395821004     
         132   1.2471746518836151     
         133   1.2471828908027462     
         134   1.2471772856947205     
         135   1.2471619654452990     
         136   1.2471432000359526     
         137   1.2471246536943372     
         138   1.2471056344002356     
         139   1.2470844793529392     
         140   1.2470633961886737     
         141   1.2470498697822376     
         142   1.2470537279561893     
         143   1.2470807370197641     
         144   1.2471230178341490     
         145   1.2471556610782430     
         146   1.2471582456708898     
         147   1.2471394361829571     
         148   1.2471227371343825     
         149   1.2471188047978379     
         150   1.2471235169021786     
         151   1.2471292502848419     
         152   1.2471310417032830     
         153   1.2471273324266434     
         154   1.2471197252670287     
         155   1.2471131047345465     
         156   1.2471139837217078     
         157   1.2471268422440336     
         158   1.2471500030255065     
         159   1.2471741432260219     
         160   1.2471865955498922     
         161   1.2471812291583702     
         162   1.2471637176448604     
         163   1.2471441080439578     
         164   1.2471257855072690     
         165   1.2471052682824502     
         166   1.2470808477657465     
         167   1.2470578484790775     
         168   1.2470452539904526     
         169   1.2470494549338380     
         170   1.2470707783035666     
         171   1.2471031966387343     
         172   1.2471367904516137     
         173   1.2471624610762797     
         174   1.2471761773695120     
         175   1.2471794261299598     
         176   1.2471769495413065     
         177   1.2471741853197056     
         178   1.2471744758613381     
         179   1.2471764226029867     
         180   1.2471747169175420     
         181   1.2471654105672989     
         182   1.2471502152876970     
         183   1.2471348261830846     
         184   1.2471234686573434     
         185   1.2471168473594332     
         186   1.2471140666569065     
         187   1.2471148761315294     
         188   1.2471198764449385     
         189   1.2471290659330521     
         190   1.2471405508204105     
         191   1.2471509339351059     
         192   1.2471570161461401     
         193   1.2471577324816492     
         194   1.2471546590938214     
         195   1.2471509886537286     
         196   1.2471500942478237     
         197   1.2471545649275615     
         198   1.2471651133192392     
         199   1.2471790921796808     
         200   1.2471899793647609     
         201   1.2471900215807739     
         202   1.2471750595766258     
         203   1.2471478221778627     
         204   1.2471172337961849     
         205   1.2470942744095481     
         206   1.2470866633163538     
         207   1.2470944157514545     
         208   1.2471101234802418     
         209   1.2471239766113134     
         210   1.2471299956699551     
         211   1.2471288873296844     
         212   1.2471263467934519     
         213   1.2471277114517549     
         214   1.2471327478637195     
         215   1.2471355720138424     
         216   1.2471303763197126     
         217   1.2471179469953140     
         218   1.2471055299371483     
         219   1.2471007961215441     
         220   1.2471066230289407     
         221   1.2471192271785299     
         222   1.2471294905264672     
         223   1.2471298500509644     
         224   1.2471225876982230     
         225   1.2471174096438271     
         226   1.2471211746172639     
         227   1.2471334023258902     
         228   1.2471498229247122     
         229   1.2471663350077442     
         230   1.2471797373133642     
         231   1.2471865456732665     
         232   1.2471834666814172     
         233   1.2471698977361307     
         234   1.2471493682657273     
         235   1.2471275139000055     
         236   1.2471089960351982     
         237   1.2470965593350289     
         238   1.2470918545852654     
         239   1.2470960628968291     
         240   1.2471091046079255     
         241   1.2471278434068656     
         242   1.2471452826042269     
         243   1.2471536244170847     
         244   1.2471493775422267     
         245   1.2471358734088471     
         246   1.2471211651534460     
         247   1.2471125989244967     
         248   1.2471110134652750     
         249   1.2471103379002995     
         250   1.2471048666144597     
         251   1.2470950064125841     
         252   1.2470860058433944     
         253   1.2470858014861670     
         254   1.2471022864808501     
         255   1.2471342193642114     
         256   1.2471635517790540     
         257   1.2471672869475041     
         258   1.2471426845528155     
         259   1.2471084510813322     
         260   1.2470812962813218     
         261   1.2470655722096846     
         262   1.2470608717450347     
         263   1.2470667289894779     
         264   1.2470806266607781     
         265   1.2470968885368410     
         266   1.2471096200663720     
         267   1.2471176654367426     
         268   1.2471269061377335     
         269   1.2471464272822492     
         270   1.2471773069394874     
         271   1.2472026442333766     
         272   1.2471971252784013     
         273   1.2471560483541047     
         274   1.2471037897766943     
         275   1.2470681582453800     
         276   1.2470594406580580     
         277   1.2470722669768755     
         278   1.2470958936418337     
         279   1.2471204989038296     
         280   1.2471395848660158     
         281   1.2471490176673632     
         282   1.2471456997633410     
         283   1.2471286292057622     
         284   1.2471016078374662     
         285   1.2470734666716137     
         286   1.2470545779022237     
         287   1.2470516604449529     
         288   1.2470620309593405     
         289   1.2470751060329639     
         290   1.2470876448682011     
         291   1.2471123917657225     
         292   1.2471577342147691     
         293   1.2472059746970008     
         294   1.2472271604673302     
         295   1.2472123633646639     
         296   1.2471766677607752     
         297   1.2471375338511348     
         298   1.2471065003811863     
         299   1.2470911960357893     
         300   1.2470941244453728     
         301   1.2471104865016867     
         302   1.2471295308065677     
         303   1.2471401326320930     
         304   1.2471378523828927     
         305   1.2471273963136027     
         306   1.2471180472569647     
         307   1.2471163664073259     
         308   1.2471217179458236     
         309   1.2471262689313796     
         310   1.2471215195535359     
         311   1.2471069841184268     
         312   1.2470918992258906     
         313   1.2470882725656198     
         314   1.2471032182759467     
         315   1.2471335269405710     
         316   1.2471625076546369     
         317   1.2471686969108697     
         318   1.2471485399655595     
         319   1.2471214184984714     
         320   1.2471066922551532     
         321   1.2471080031392137     
         322   1.2471181773788793     
         323   1.2471287456346951     
         324   1.2471344655845376     
         325   1.2471322120676707     
         326   1.2471199916629068     
         327   1.2471009149930281     
         328   1.2470846685899721     
         329   1.2470792691060510     
         330   1.2470835076940969     
         331   1.2470904432205829     
         332   1.2470948271182849     
         333   1.2470955177116227     
         334   1.2470939514460606     
         335   1.2470924788371620     
         336   1.2470903308817736     
         337   1.2470836154554736     
         338   1.2470771024530523     
         339   1.2470831574277867     
         340   1.2470960528400217     
         341   1.2470960340068893     
         342   1.2470835467209129     
         343   1.2470730702406532     
         344   1.2470692178666920     
         345   1.2470700963845960     
         346   1.2470758476148238     
         347   1.2470878548448874     
         348   1.2471063749510247     
         349   1.2471288086699288     
         350   1.2471482894360326     
         351   1.2471553442420560     
         352   1.2471441034397530     
         353   1.2471181713891588     
         354   1.2470894487019830     
         355   1.2470709362225221     
         356   1.2470702399959703     
         357   1.2470866262381031     
         358   1.2471104979698275     
         359   1.2471285185909786     
         360   1.2471341078453451     
         361   1.2471306235718866     
         362   1.2471229442362564     
         363   1.2471134234533310     
         364   1.2471051812082043     
         365   1.2471018521300739     
         366   1.2471030846583597     
         367   1.2471042053008499     
         368   1.2471011657222424     
         369   1.2470948742158310     
         370   1.2470903081167148     
         371   1.2470907611598725     
         372   1.2470935191770975     
         373   1.2470929034455585     
         374   1.2470882245870618     
         375   1.2470845138371365     
         376   1.2470846084626546     
         377   1.2470863927210236     
         378   1.2470891466899372     
         379   1.2470958941963963     
         380   1.2471089885588889     
         381   1.2471275592994870     
         382   1.2471492439200893     
         383   1.2471716817142708     
         384   1.2471908027932526     
         385   1.2471989137045179     
         386   1.2471885835602796     
         387   1.2471600711742827     
         388   1.2471236224922468     
         389   1.2470933083747255     
         390   1.2470780852493761     
         391   1.2470782671599694     
         392   1.2470884586953708     
         393   1.2471023070768550     
         394   1.2471152854098417     
         395   1.2471247303352095     
         396   1.2471293093668505     
         397   1.2471289076079075     
         398   1.2471249399118962     
         399   1.2471201599617827     
         400   1.2471177172261694     
         401   1.2471201768331515     
         402   1.2471289662291052     
         403   1.2471441064033759     
         404   1.2471636247781266     
         405   1.2471824556999711     
         406   1.2471930269402383     
         407   1.2471895556285317     
         408   1.2471738382450366     
         409   1.2471540504742000     
         410   1.2471368402978724     
         411   1.2471222229674419     
         412   1.2471068910513683     
         413   1.2470912987575580     
         414   1.2470822654740581     
         415   1.2470877993357044     
         416   1.2471087046250982     
         417   1.2471349422086702     
         418   1.2471507906193884     
         419   1.2471458434582328     
         420   1.2471225505093195     
         421   1.2470946357190011     
         422   1.2470785816652405     
         423   1.2470847972389749     
         424   1.2471127709929950     
         425   1.2471509883105254     
         426   1.2471823553667085     
         427   1.2471942041429238     
         428   1.2471863800222993     
         429   1.2471671846665116     
         430   1.2471434227383917     
         431   1.2471184457927447     
         432   1.2470965042625424     
         433   1.2470825766030478     
         434   1.2470785335828229     
         435   1.2470816508332714     
         436   1.2470869297111740     
         437   1.2470913954149538     
         438   1.2470962086597506     
         439   1.2471039492276195     
         440   1.2471138090578504     
         441   1.2471213225699898     
         442   1.2471247270781423     
         443   1.2471293190407731     
         444   1.2471441400410783     
         445   1.2471732675706155     
         446   1.2472040567077087     
         447   1.2472075074200917     
         448   1.2471691405956280     
         449   1.2471119998995557     
         450   1.2470699840709685     
         451   1.2470572737255115     
         452   1.2470700831475097     
         453   1.2470988374776946     
         454   1.2471332826849411     
         455   1.2471630810414052     
         456   1.2471796987605566     
         457   1.2471807047859125     
         458   1.2471709074020469     
         459   1.2471581126760873     
         460   1.2471469580816654     
         461   1.2471372518935324     
         462   1.2471269474224382     
         463   1.2471159430281356     
         464   1.2471060345970186     
         465   1.2470979751148699     
         466   1.2470898067530407     
         467   1.2470808203054555     
         468   1.2470760772766540     
         469   1.2470831959105881     
         470   1.2471029627265624     
         471   1.2471281544787729     
         472   1.2471526234665387     
         473   1.2471734614668444     
         474   1.2471814221228277     
         475   1.2471620944157857     
         476   1.2471154691640880     
         477   1.2470632364416647     
         478   1.2470307979873192     
         479   1.2470328769216978     
         480   1.2470696056920341     
         481   1.2471204002161285     
         482   1.2471492868574987     
         483   1.2471365369695606     
         484   1.2471031327278346     
         485   1.2470827033638954     
         486   1.2470799728860094     
         487   1.2470770312476622     
         488   1.2470629581178878     
         489   1.2470418783425359     
         490   1.2470228339902831     
         491   1.2470128053549594     
         492   1.2470177274506253     
         493   1.2470429119152775     
         494   1.2470876613191844     
         495   1.2471386832922873     
         496   1.2471729830358484     
         497   1.2471728993946063     
         498   1.2471428254890309     
         499   1.2471083749247820     
         500   1.2470915536634051     
         501   1.2470910169851228     
         502   1.2470925990893600     
         503   1.2470911360153023     
         504   1.2470933079394317     
         505   1.2471041278316251     
         506   1.2471194825277723     
         507   1.2471301996927215     
         508   1.2471295855672382     
         509   1.2471173045824715     
         510   1.2470986436148976     
         511   1.2470805664780773     
         512   1.2470677966438894     
         513   1.2470606653375129     
         514   1.2470564502257335     
         515   1.2470566491089925     
         516   1.2470769718769523     
         517   1.2471389573369542     
         518   1.2472199895518021     
         519   1.2472396320927821     
         520   1.2471803644674981     
         521   1.2471178717208966     
         522   1.2470933987830413     
         523   1.2470914677158356     
         524   1.2470914019525035     
         525   1.2470854678561980     
         526   1.2470739092048637     
         527   1.2470601093244369     
         528   1.2470501330834889     
         529   1.2470523407299399     
         530   1.2470732956636332     
         531   1.2471111254745870     
         532   1.2471528757048713     
         533   1.2471830112681794     
         534   1.2471980446222255     
         535   1.2472076947687452     
         536   1.2472147880850342     
         537   1.2472034002335586     
         538   1.2471631289999221     
         539   1.2471122250627840     
         540   1.2470778830669123     
         541   1.2470686236432464     
         542   1.2470753143491458     
         543   1.2470859005854529     
         544   1.2470937745788531     
         545   1.2470976734399000     
         546   1.2470980928419835     
         547   1.2470946858186447     
         548   1.2470863569725679     
         549   1.2470723793498806     
         550   1.2470540736006086     
         551   1.2470357652431243     
         552   1.2470247770178404     
         553   1.2470286294079589     
         554   1.2470512992769098     
         555   1.2470925215125468     
         556   1.2471491801528791     
         557   1.2472085503102788     
         558   1.2472412119725982     
         559   1.2472245150028423     
         560   1.2471740702289991     
         561   1.2471260504803572     
         562   1.2471000151706026     
         563   1.2470930951527932     
         564   1.2470921244067461     
         565   1.2470836961778611     
         566   1.2470627302775221     
         567   1.2470398386311297     
         568   1.2470362086269917     
         569   1.2470604843185920     
         570   1.2470901506547465     
         571   1.2470991924494110     
         572   1.2470987918901935     
         573   1.2471124602766381     
         574   1.2471391023295519     
         575   1.2471632902671290     
         576   1.2471738088461786     
         577   1.2471672355472103     
         578   1.2471463132732608     
         579   1.2471168953189644     
         580   1.2470847377814800     
         581   1.2470550605124071     
         582   1.2470336342887829     
         583   1.2470252660594554     
         584   1.2470305553341887     
         585   1.2470446730071094     
         586   1.2470603932355231     
         587   1.2470740764588022     
         588   1.2470883548475387     
         589   1.2471061200612792     
         590   1.2471216773033791     
         591   1.2471239683870190     
         592   1.2471138300286106     
         593   1.2471097657560573     
         594   1.2471278874247997     
         595   1.2471579236964394     
         596   1.2471673963867187     
         597   1.2471383580768092     
         598   1.2470890692149883     
         599   1.2470506749519936     
         600   1.2470398336836854     
         601   1.2470549871885865     
         602   1.2470830138243412     
         603   1.2471069793072271     
         604   1.2471156313960325     
         605   1.2471094180583160     
         606   1.2470981571856099     
         607   1.2470929084277067     
         608   1.2470994851382984     
         609   1.2471165767974912     
         610   1.2471362524542751     
         611   1.2471475765602498     
         612   1.2471449047058027     
         613   1.2471327223698476     
         614   1.2471196506686142     
         615   1.2471099841531825     
         616   1.2471029331199897     
         617   1.2470971738752827     
         618   1.2470944677371698     
         619   1.2470991492692380     
         620   1.2471138916862916     
         621   1.2471364066703008     
         622   1.2471600543164203     
         623   1.2471763966373983     
         624   1.2471769429514183     
         625   1.2471577503024540     
         626   1.2471257561135669     
         627   1.2470957371061249     
         628   1.2470791421395047     
         629   1.2470780622393249     
         630   1.2470871432028632     
         631   1.2470986529762231     
         632   1.2471072328089874     
         633   1.2471122578847003     
         634   1.2471166593631233     
         635   1.2471227790233290     
         636   1.2471292487863397     
         637   1.2471333056550566     
         638   1.2471356689067723     
         639   1.2471394403009513     
         640   1.2471428886186025     
         641   1.2471384830331544     
         642   1.2471220064675930     
         643   1.2470992132160168     
         644   1.2470812471470718     
         645   1.2470758862570828     
         646   1.2470836356979751     
         647   1.2470988625590649     
         648   1.2471134605028564     
         649   1.2471211980255466     
         650   1.2471200081289049     
         651   1.2471119216705073     
         652   1.2471022947178525     
         653   1.2470981801753906     
         654   1.2471041921384205     
         655   1.2471192648413578     
         656   1.2471374584344501     
         657   1.2471519362754702     
         658   1.2471582713992873     
         659   1.2471546120199561     
         660   1.2471405031618386     
         661   1.2471184222605884     
         662   1.2470952524136543     
         663   1.2470784863403963     
         664   1.2470700820103771     
         665   1.2470675010542591     
         666   1.2470705469091592     
         667   1.2470829382678583     
         668   1.2471041892050194     
         669   1.2471224629790303     
         670   1.2471225598959814     
         671   1.2471021137478604     
         672   1.2470742123282506     
         673   1.2470537283791203     
         674   1.2470463857537215     
         675   1.2470498507085384     
         676   1.2470600986724616     
         677   1.2470755806323346     
         678   1.2470968345818547     
         679   1.2471218932825396     
         680   1.2471414489257953     
         681   1.2471446482677528     
         682   1.2471326347687461     
         683   1.2471183537734380     
         684   1.2471115149442666     
         685   1.2471119361053216     
         686   1.2471156840621744     
         687   1.2471184374906181     
         688   1.2471133920476647     
         689   1.2470951540363902     
         690   1.2470681458045214     
         691   1.2470459901647715     
         692   1.2470401968497864     
         693   1.2470523516266272     
         694   1.2470760071886873     
         695   1.2471020928445640     
         696   1.2471227762847990     
         697   1.2471335647064450     
         698   1.2471334058284347     
         699   1.2471235954751956     
         700   1.2471068971783845     
         701   1.2470882940532109     
         702   1.2470753359907878     
         703   1.2470773162802367     
         704   1.2471025243812899     
         705   1.2471496352349609     
         706   1.2471989905334038     
         707   1.2472228856318082     
         708   1.2472117382429353     
         709   1.2471794843738695     
         710   1.2471437980879696     
         711   1.2471127701728353     
         712   1.2470887932180408     
         713   1.2470746857951767     
         714   1.2470721564428153     
         715   1.2470788504953196     
         716   1.2470890652101989     
         717   1.2470968719673861     
         718   1.2470999869522248     
         719   1.2471020487949345     
         720   1.2471092940226658     
         721   1.2471241192588729     
         722   1.2471426396509695     
         723   1.2471582604337623     
         724   1.2471658387856084     
         725   1.2471625280475021     
         726   1.2471479897634965     
         727   1.2471264927366470     
         728   1.2471068169845176     
         729   1.2470972798661957     
         730   1.2471003819871744     
         731   1.2471120555643118     
         732   1.2471250964756480     
         733   1.2471341565921636     
         734   1.2471383808025136     
         735   1.2471402252416040     
         736   1.2471418789343307     
         737   1.2471431498732399     
         738   1.2471420982884780     
         739   1.2471375642997660     
         740   1.2471306108970563     
         741   1.2471232147290801     
         742   1.2471161289370833     
         743   1.2471093952581795     
         744   1.2471042135598438     
         745   1.2471030863914216     
         746   1.2471065627952613     
         747   1.2471108261726100     
         748   1.2471098775073326     
         749   1.2471013316852040     
         750   1.2470907694598545     
         751   1.2470904790340547     
         752   1.2471122134658499     
         753   1.2471539955171336     
         754   1.2471903222327234     
         755   1.2471894056304400     
         756   1.2471480655021154     
         757   1.2470924436637754     
         758   1.2470488931923240     
         759   1.2470291050895634     
         760   1.2470322058202274     
         761   1.2470506365289733     
         762   1.2470758523320282     
         763   1.2471018979833608     
         764   1.2471253230171617     
         765   1.2471427296543052     
         766   1.2471493587278832     
         767   1.2471419833950785     
         768   1.2471235218131245     
         769   1.2471029987055944     
         770   1.2470893000435503     
         771   1.2470857381878804     
         772   1.2470901318646814     
         773   1.2470981239597836     
         774   1.2471055884759181     
         775   1.2471104000771560     
         776   1.2471132864208681     
         777   1.2471168339875107     
         778   1.2471225442689509     
         779   1.2471283072205734     
         780   1.2471289137652533     
         781   1.2471206032460542     
         782   1.2471048868905390     
         783   1.2470868791305096     
         784   1.2470706749906915     
         785   1.2470571197647775     
         786   1.2470454112730347     
         787   1.2470363217225877     
         788   1.2470347054618898     
         789   1.2470505432553058     
         790   1.2470940340173899     
         791   1.2471590295759303     
         792   1.2472047316239889     
         793   1.2471841893454640     
         794   1.2471074065483880     
         795   1.2470253679217045     
         796   1.2469701097854760     
         797   1.2469514527161341     
         798   1.2469696110939057     
         799   1.2470118633903322     
         800   1.2470580592244316     
         801   1.2470973406792241     
         802   1.2471264171343217     
         803   1.2471386681479504     
         804   1.2471329534849755     
         805   1.2471182569557508     
         806   1.2471029631796706     
         807   1.2470916196668833     
         808   1.2470876429443427     
         809   1.2470921694090646     
         810   1.2471027384263573     
         811   1.2471149901280745     
         812   1.2471239040861359     
         813   1.2471233413434120     
         814   1.2471095287702259     
         815   1.2470885489352463     
         816   1.2470752742024858     
         817   1.2470799705466236     
         818   1.2470982707028218     
         819   1.2471153871001368     
         820   1.2471187116210061     
         821   1.2471060417743485     
         822   1.2470834901365828     
         823   1.2470582380726802     
         824   1.2470352361926658     
         825   1.2470208991593137     
         826   1.2470269234894493     
         827   1.2470638406730989     
         828   1.2471246140166057     
         829   1.2471777890644566     
         830   1.2471934888439951     
         831   1.2471743326151810     
         832   1.2471435030806688     
         833   1.2471174088215946     
         834   1.2471024779885056     
         835   1.2471015267755643     
         836   1.2471129735288089     
         837   1.2471273320012721     
         838   1.2471317490044003     
         839   1.2471212692938645     
         840   1.2471016308698224     
         841   1.2470816172492523     
         842   1.2470670935577866     
         843   1.2470590868389277     
         844   1.2470534635902868     
         845   1.2470465336099239     
         846   1.2470428456313927     
         847   1.2470540557135106     
         848   1.2470873521035739     
         849   1.2471350908220979     
         850   1.2471758633238292     
         851   1.2471895570132794     
         852   1.2471727374799264     
         853   1.2471378442940586     
         854   1.2471027107188815     
         855   1.2470832281298152     
         856   1.2470855346564453     
         857   1.2471021177111050     
         858   1.2471205150364690     
         859   1.2471342119003181     
         860   1.2471419161944866     
         861   1.2471421711662609     
         862   1.2471339680818803     
         863   1.2471201812648460     
         864   1.2471069143984215     
         865   1.2470996314071421     
         866   1.2471008006845568     
         867   1.2471096838383136     
         868   1.2471232527676328     
         869   1.2471376046145846     
         870   1.2471493587401052     
         871   1.2471566947075532     
         872   1.2471598833963515     
         873   1.2471610777409787     
         874   1.2471630416510835     
         875   1.2471670559478532     
         876   1.2471716439263885     
         877   1.2471734694099688     
         878   1.2471698721766669     
         879   1.2471613143832905     
         880   1.2471516882688842     
         881   1.2471462818418906     
         882   1.2471482437924872     
         883   1.2471554972143677     
         884   1.2471609692816545     
         885   1.2471590818789773     
         886   1.2471526782945437     
         887   1.2471511011762004     
         888   1.2471591098742816     
         889   1.2471700225782443     
         890   1.2471712305190090     
         891   1.2471576224629932     
         892   1.2471365095586506     
         893   1.2471195323507089     
         894   1.2471135333950714     
         895   1.2471193727337915     
         896   1.2471344315029913     
         897   1.2471532754233823     
         898   1.2471678405621700     
         899   1.2471710605657109     
         900   1.2471625668764128     
         901   1.2471483578209055     
         902   1.2471340372544644     
         903   1.2471210556198167     
         904   1.2471096464747142     
         905   1.2471016635763366     
         906   1.2470995279547645     
         907   1.2471043204185359     
         908   1.2471147187191192     
         909   1.2471274835007460     
         910   1.2471399644582233     
         911   1.2471529199859608     
         912   1.2471694979184420     
         913   1.2471890237994545     
         914   1.2472031852959704     
         915   1.2472024948215537     
         916   1.2471865426366040     
         917   1.2471632700482358     
         918   1.2471398189058618     
         919   1.2471183165158548     
         920   1.2470990481622213     
         921   1.2470835764610353     
         922   1.2470750944151110     
         923   1.2470762304210687     
         924   1.2470868494041520     
         925   1.2471029979735997     
         926   1.2471186281960496     
         927   1.2471295387023229     
         928   1.2471365528857246     
         929   1.2471449083051587     
         930   1.2471598713186500     
         931   1.2471807053037327     
         932   1.2471971516558411     
         933   1.2471943748364935     
         934   1.2471657855304494     
         935   1.2471207129498953     
         936   1.2470780886296393     
         937   1.2470539399141349     
         938   1.2470541674666316     
         939   1.2470720986290762     
         940   1.2470903819791157     
         941   1.2470926830596150     
         942   1.2470772214515384     
         943   1.2470554192969274     
         944   1.2470398843852268     
         945   1.2470388192995658     
         946   1.2470574559051344     
         947   1.2470957168178294     
         948   1.2471414528253533     
         949   1.2471719780981754     
         950   1.2471697161047650     
         951   1.2471371764448396     
         952   1.2470951729348134     
         953   1.2470674113328282     
         954   1.2470649006931638     
         955   1.2470815733668248     
         956   1.2471027623224653     
         957   1.2471173997991283     
         958   1.2471232594738901     
         959   1.2471232660306719     
         960   1.2471195641833765     
         961   1.2471116578526633     
         962   1.2470992663204323     
         963   1.2470857364628758     
         964   1.2470781463048528     
         965   1.2470829096398686     
         966   1.2470990421212429     
         967   1.2471161027433550     
         968   1.2471234592686224     
         969   1.2471214022424715     
         970   1.2471181541042111     
         971   1.2471191436896873     
         972   1.2471238783936545     
         973   1.2471295259095228     
         974   1.2471342830551753     
         975   1.2471379154633004     
         976   1.2471412541866056     
         977   1.2471454515443998     
         978   1.2471510452891219     
         979   1.2471565332213093     
         980   1.2471579826155064     
         981   1.2471522696758250     
         982   1.2471427293774573     
         983   1.2471389029138626     
         984   1.2471460970986721     
         985   1.2471559969996024     
         986   1.2471524255037290     
         987   1.2471285586615668     
         988   1.2470954701266805     
         989   1.2470712974846951     
         990   1.2470649592518619     
         991   1.2470707014643589     
         992   1.2470778528486222     
         993   1.2470850492376937     
         994   1.2471013524389991     
         995   1.2471333007578140     
         996   1.2471751684373271     
         997   1.2472118031251926     
         998   1.2472295490117573     
         999   1.2472237422689223     
        1000   1.2471987176353652     
        1001   1.2471636374665303     
        1002   1.2471270885116217     
        1003   1.2470933098775800     
        1004   1.2470629480012345     
        1005   1.2470366621819946     
        1006   1.2470176219874287     
        1007   1.2470112048644941     
        1008   1.2470227238463827     
        1009   1.2470540288103984     
        1010   1.2471009332795739     
        1011   1.2471530310193599     
        1012   1.2471942163146066     
        1013   1.2472058239405321     
        1014   1.2471797360046808     
        1015   1.2471293423335497     
        1016   1.2470783151564491     
        1017   1.2470426892681679     
        1018   1.2470265235839344     
        1019   1.2470277875575517     
        1020   1.2470436034955681     
        1021   1.2470707812927682     
        1022   1.2471050974673659     
        1023   1.2471412432576368     
        1024   1.2471715960883749     
        1025   1.2471873452050195     
        1026   1.2471845414170686     
        1027   1.2471682156047597     
        1028   1.2471483997833577     
        1029   1.2471322212806388     
        1030   1.2471211584859403     
        1031   1.2471146668946442     
        1032   1.2471121945538175     
        1033   1.2471112632921570     
        1034   1.2471069079020229     
        1035   1.2470961615480305     
        1036   1.2470817776973808     
        1037   1.2470694239957079     
        1038   1.2470628886525841     
        1039   1.2470633329919147     
        1040   1.2470708320599566     
        1041   1.2470853042489214     
        1042   1.2471067558546620     
        1043   1.2471361648405697     
        1044   1.2471728103269146     
        1045   1.2472058905870655     
        1046   1.2472140303959818     
        1047   1.2471871882785788     
        1048   1.2471438198322589     
        1049   1.2471121209028473     
        1050   1.2471051028242075     
        1051   1.2471189187545590     
        1052   1.2471428696910363     
        1053   1.2471667689077619     
        1054   1.2471834344612516     
        1055   1.2471887077746682     
        1056   1.2471811185823101     
        1057   1.2471621147243033     
        1058   1.2471374630917123     
        1059   1.2471160543821593     
        1060   1.2471039727765421     
        1061   1.2470991214307201     
        1062   1.2470953048907290     
        1063   1.2470907507023496     
        1064   1.2470879694681214     
        1065   1.2470889041181299     
        1066   1.2470945981824633     
        1067   1.2471067605171702     
        1068   1.2471260412789109     
        1069   1.2471491346101296     
        1070   1.2471689154993011     
        1071   1.2471784663649008     
        1072   1.2471756652542390     
        1073   1.2471635363294140     
        1074   1.2471467188498393     
        1075   1.2471289659998614     
        1076   1.2471130783772579     
        1077   1.2471003149385971     
        1078   1.2470895810802931     
        1079   1.2470794354446268     
        1080   1.2470725112735170     
        1081   1.2470761610193015     
        1082   1.2470948365298373     
        1083   1.2471202054155857     
        1084   1.2471323244083459     
        1085   1.2471161122519467     
        1086   1.2470788840200584     
        1087   1.2470481168213057     
        1088   1.2470501559536213     
        1089   1.2470899047462309     
        1090   1.2471416699201918     
        1091   1.2471635860400954     
        1092   1.2471410055019887     
        1093   1.2471004115374518     
        1094   1.2470710991975769     
        1095   1.2470611458264953     
        1096   1.2470656831621596     
        1097   1.2470778210634381     
        1098   1.2470929068650660     
        1099   1.2471098033616355     
        1100   1.2471294558998891     
        1101   1.2471500317088862     
        1102   1.2471632807361721     
        1103   1.2471588904292505     
        1104   1.2471341604911523     
        1105   1.2470984851791327     
        1106   1.2470671909917699     
        1107   1.2470519334827777     
        1108   1.2470564488308336     
        1109   1.2470778306793278     
        1110   1.2471090962168652     
        1111   1.2471404413613958     
        1112   1.2471609859339079     
        1113   1.2471637713209274     
        1114   1.2471509339074078     
        1115   1.2471322797407085     
        1116   1.2471180557023684     
        1117   1.2471129563647954     
        1118   1.2471150409642613     
        1119   1.2471181599274539     
        1120   1.2471165408022735     
        1121   1.2471093872992034     
        1122   1.2471017460929037     
        1123   1.2471010167138437     
        1124   1.2471129694136665     
        1125   1.2471383693420592     
        1126   1.2471691846886332     
        1127   1.2471881171540371     
        1128   1.2471804646554401     
        1129   1.2471496705874392     
        1130   1.2471150862855795     
        1131   1.2470947266103911     
        1132   1.2470933637921933     
        1133   1.2471030424799181     
        1134   1.2471114572038040     
        1135   1.2471114507796919     
        1136   1.2471053153627811     
        1137   1.2471013162916007     
        1138   1.2471058005948776     
        1139   1.2471159422338356     
        1140   1.2471193881661140     
        1141   1.2471050360746125     
        1142   1.2470760699654320     
        1143   1.2470496432989528     
        1144   1.2470437664422778     
        1145   1.2470655923164573     
        1146   1.2471069598374358     
        1147   1.2471475554388900     
        1148   1.2471676914602374     
        1149   1.2471636933273273     
        1150   1.2471484452095527     
        1151   1.2471364702185066     
        1152   1.2471322864877707     
        1153   1.2471319620180665     
        1154   1.2471323804519678     
        1155   1.2471368266264444     
        1156   1.2471480661540575     
        1157   1.2471581598553700     
        1158   1.2471532177720721     
        1159   1.2471299320537619     
        1160   1.2470990128713833     
        1161   1.2470736367046240     
        1162   1.2470604062505468     
        1163   1.2470579643120123     
        1164   1.2470601947352347     
        1165   1.2470617826244299     
        1166   1.2470627010080773     
        1167   1.2470676461279102     
        1168   1.2470811283052958     
        1169   1.2471020258587679     
        1170   1.2471231227914812     
        1171   1.2471361505635097     
        1172   1.2471378450586785     
        1173   1.2471303949845418     
        1174   1.2471182139842747     
        1175   1.2471063637841269     
        1176   1.2471007225309543     
        1177   1.2471067309420225     
        1178   1.2471231120875257     
        1179   1.2471345868352031     
        1180   1.2471206253029181     
        1181   1.2470809871836028     
        1182   1.2470392356826603     
        1183   1.2470166077210076     
        1184   1.2470166761665109     
        1185   1.2470307636837006     
        1186   1.2470468018483771     
        1187   1.2470557658170707     
        1188   1.2470570492703277     
        1189   1.2470600440515267     
        1190   1.2470781821952670     
        1191   1.2471166608094744     
        1192   1.2471617467200575     
        1193   1.2471858703209753     
        1194   1.2471710335262696     
        1195   1.2471249450156490     
        1196   1.2470702157638542     
        1197   1.2470253839464704     
        1198   1.2469986210277026     
        1199   1.2469935047048422     
        1200   1.2470137682870670     
        1201   1.2470587942399689     
        1202   1.2471137412132789     
        1203   1.2471487740175515     
        1204   1.2471390827845381     
        1205   1.2470924457646695     
        1206   1.2470452171572557     
        1207   1.2470270528668523     
        1208   1.2470425125427351     
        1209   1.2470793038796226     
        1210   1.2471187103222579     
        1211   1.2471419401112263     
        1212   1.2471414579754878     
        1213   1.2471275992127850     
        1214   1.2471145042651008     
        1215   1.2471054917028224     
        1216   1.2470980123371116     
        1217   1.2470924881117562     
        1218   1.2470921886500936     
        1219   1.2470993005892987     
        1220   1.2471129771417975     
        1221   1.2471296236516822     
        1222   1.2471450270721389     
        1223   1.2471575080783877     
        1224   1.2471686584782424     
        1225   1.2471787160306853     
        1226   1.2471815103112736     
        1227   1.2471693057407618     
        1228   1.2471435293215687     
        1229   1.2471155700779306     
        1230   1.2470959782261251     
        1231   1.2470869106399096     
        1232   1.2470843817730994     
        1233   1.2470846127632937     
        1234   1.2470873281795076     
        1235   1.2470943497008893     
        1236   1.2471057710036506     
        1237   1.2471184822715555     
        1238   1.2471279333781986     
        1239   1.2471310181302278     
        1240   1.2471280905123749     
        1241   1.2471224675475496     
        1242   1.2471159270975365     
        1243   1.2471059986255690     
        1244   1.2470947875071967     
        1245   1.2470965474413607     
        1246   1.2471176566914242     
        1247   1.2471342195830306     
        1248   1.2471210801405022     
        1249   1.2470909896656552     
        1250   1.2470680593627148     
        1251   1.2470559095660647     
        1252   1.2470494547394320     
        1253   1.2470485535734395     
        1254   1.2470558650675063     
        1255   1.2470707488343202     
        1256   1.2470876867945153     
        1257   1.2471000313845162     
        1258   1.2471046358727342     
        1259   1.2471033013901462     
        1260   1.2471014088748462     
        1261   1.2471055063031007     
        1262   1.2471188143314458     
        1263   1.2471365915250852     
        1264   1.2471474762928523     
        1265   1.2471436155035374     
        1266   1.2471284892167565     
        1267   1.2471120775396964     
        1268   1.2471009658101915     
        1269   1.2470957338789170     
        1270   1.2470951877362870     
        1271   1.2470999704536205     
        1272   1.2471114051241883     
        1273   1.2471269493964021     
        1274   1.2471382391554688     
        1275   1.2471361400933942     
        1276   1.2471186020470708     
        1277   1.2470936294880035     
        1278   1.2470757378771462     
        1279   1.2470787488436261     
        1280   1.2471048155978535     
        1281   1.2471346019794318     
        1282   1.2471391569005497     
        1283   1.2471114295368513     
        1284   1.2470741003446395     
        1285   1.2470547558717284     
        1286   1.2470672326832737     
        1287   1.2471054656891094     
        1288   1.2471448060062684     
        1289   1.2471628056363639     
        1290   1.2471583899845227     
        1291   1.2471396305867222     
        1292   1.2471081040492800     
        1293   1.2470678693880686     
        1294   1.2470319705774213     
        1295   1.2470124190320213     
        1296   1.2470130654664164     
        1297   1.2470315793522015     
        1298   1.2470630599156847     
        1299   1.2471022613398317     
        1300   1.2471446443437264     
        1301   1.2471843224206349     
        1302   1.2472110659995326     
        1303   1.2472135409174858     
        1304   1.2471896742030018     
        1305   1.2471505864687249     
        1306   1.2471111448956655     
        1307   1.2470791499699634     
        1308   1.2470548734491447     
        1309   1.2470378762541183     
        1310   1.2470301586976948     
        1311   1.2470334820938476     
        1312   1.2470462263376665     
        1313   1.2470633940634941     
        1314   1.2470792359907656     
        1315   1.2470907454152655     
        1316   1.2470993290216774     
        1317   1.2471081136891693     
        1318   1.2471188840206680     
        1319   1.2471328842869145     
        1320   1.2471521367995955     
        1321   1.2471747138285441     
        1322   1.2471890807546946     
        1323   1.2471816198630292     
        1324   1.2471524937539196     
        1325   1.2471168314922014     
        1326   1.2470900876943096     
        1327   1.2470782324842913     
        1328   1.2470791207094194     
        1329   1.2470871207943459     
        1330   1.2470963342391892     
        1331   1.2471029270725187     
        1332   1.2471059356338183     
        1333   1.2471056412372072     
        1334   1.2471020225564438     
        1335   1.2470951609624503     
        1336   1.2470867993988253     
        1337   1.2470819196745722     
        1338   1.2470888355191190     
        1339   1.2471150092337084     
        1340   1.2471564979190635     
        1341   1.2471899950924126     
        1342   1.2471900718899629     
        1343   1.2471576042768033     
        1344   1.2471175591275143     
        1345   1.2470934088472774     
        1346   1.2470918938050060     
        1347   1.2471051827361039     
        1348   1.2471209587825514     
        1349   1.2471305558289529     
        1350   1.2471318051399125     
        1351   1.2471272002820215     
        1352   1.2471205332340141     
        1353   1.2471149749817605     
        1354   1.2471126136108872     
        1355   1.2471140953006070     
        1356   1.2471181475054425     
        1357   1.2471222696482189     
        1358   1.2471250788758170     
        1359   1.2471283099074317     
        1360   1.2471360165500749     
        1361   1.2471502791723714     
        1362   1.2471673930770755     
        1363   1.2471794543028509     
        1364   1.2471802921485058     
        1365   1.2471699184774372     
        1366   1.2471524679727120     
        1367   1.2471321883083242     
        1368   1.2471124452102931     
        1369   1.2470966234100953     
        1370   1.2470878854846210     
        1371   1.2470879973071765     
        1372   1.2470966365037250     
        1373   1.2471114150331584     
        1374   1.2471282579986922     
        1375   1.2471428468877348     
        1376   1.2471523354646350     
        1377   1.2471568596442411     
        1378   1.2471585644474326     
        1379   1.2471592455327551     
        1380   1.2471582906206928     
        1381   1.2471532014841293     
        1382   1.2471426658822704     
        1383   1.2471293513270334     
        1384   1.2471181785235956     
        1385   1.2471107619544286     
        1386   1.2471030235148937     
        1387   1.2470907507845905     
        1388   1.2470762283995549     
        1389   1.2470677640401786     
        1390   1.2470717598967962     
        1391   1.2470861279851151     
        1392   1.2471022462154178     
        1393   1.2471141185379380     
        1394   1.2471241575104883     
        1395   1.2471334236559364     
        1396   1.2471281802345127     
        1397   1.2470972155451157     
        1398   1.2470613667858204     
        1399   1.2470509189737622     
        1400   1.2470671937874582     
        1401   1.2470907365744264     
        1402   1.2471092768578085     
        1403   1.2471239521704480     
        1404   1.2471379617202980     
        1405   1.2471501303616039     
        1406   1.2471571625019271     
        1407   1.2471565058832632     
        1408   1.2471477493329801     
        1409   1.2471327072562963     
        1410   1.2471153254594887     
        1411   1.2471009980875984     
        1412   1.2470947485535817     
        1413   1.2470990414817773     
        1414   1.2471122321776154     
        1415   1.2471289194106674     
        1416   1.2471424118321257     
        1417   1.2471481749087083     
        1418   1.2471456654127779     
        1419   1.2471372107073577     
        1420   1.2471257592480782     
        1421   1.2471147219256413     
        1422   1.2471098081190237     
        1423   1.2471175666710184     
        1424   1.2471362798352246     
        1425   1.2471489132252098     
        1426   1.2471388116374049     
        1427   1.2471128897820649     
        1428   1.2470928801666750     
        1429   1.2470904637498768     
        1430   1.2471016427298096     
        1431   1.2471161881443731     
        1432   1.2471262849039786     
        1433   1.2471296616565259     
        1434   1.2471280372918538     
        1435   1.2471241666016823     
        1436   1.2471203962447264     
        1437   1.2471184781134790     
        1438   1.2471187371330816     
        1439   1.2471190113701738     
        1440   1.2471163799020575     
        1441   1.2471111511330926     
        1442   1.2471075564723755     
        1443   1.2471088993620416     
        1444   1.2471123100842378     
        1445   1.2471113309669160     
        1446   1.2471040424676350     
        1447   1.2470954562686480     
        1448   1.2470916956312599     
        1449   1.2470952601479395     
        1450   1.2471047341732051     
        1451   1.2471157763215075     
        1452   1.2471220866140023     
        1453   1.2471176871443079     
        1454   1.2470997008279767     
        1455   1.2470714119122774     
        1456   1.2470443047199100     
        1457   1.2470354353671973     
        1458   1.2470584385555796     
        1459   1.2471075197683632     
        1460   1.2471478483207630     
        1461   1.2471469450025348     
        1462   1.2471183236471739     
        1463   1.2470978467732659     
        1464   1.2470979127528938     
        1465   1.2471089329142564     
        1466   1.2471202488112265     
        1467   1.2471292950429218     
        1468   1.2471393683807643     
        1469   1.2471520385696326     
        1470   1.2471615531576279     
        1471   1.2471598619123490     
        1472   1.2471468385341162     
        1473   1.2471299127734599     
        1474   1.2471157916737323     
        1475   1.2471065912627317     
        1476   1.2471009514334290     
        1477   1.2470958937570604     
        1478   1.2470893876496834     
        1479   1.2470831028483125     
        1480   1.2470819161143791     
        1481   1.2470882965511039     
        1482   1.2470984963022311     
        1483   1.2471058438371492     
        1484   1.2471070243895075     
        1485   1.2471050514188353     
        1486   1.2471067902173778     
        1487   1.2471173224252703     
        1488   1.2471351781038309     
        1489   1.2471519367437569     
        1490   1.2471581159427028     
        1491   1.2471512877031312     
        1492   1.2471382171491590     
        1493   1.2471288150955682     
        1494   1.2471282422710745     
        1495   1.2471337207400859     
        1496   1.2471374115511744     
        1497   1.2471330825848521     
        1498   1.2471214444240648     
        1499   1.2471078855557738     
        1500   1.2470959370850494     
        1501   1.2470853407212434     
        1502   1.2470752698634606     
        1503   1.2470684958853751     
        1504   1.2470738396876717     
        1505   1.2471029187347815     
        1506   1.2471542158467293     
        1507   1.2471980629727188     
        1508   1.2471969529134730     
        1509   1.2471504467869612     
        1510   1.2470963060229727     
        1511   1.2470679042742212     
        1512   1.2470707500885394     
        1513   1.2470889422282805     
        1514   1.2470997854679027     
        1515   1.2470902870666638     
        1516   1.2470663750553630     
        1517   1.2470452242256183     
        1518   1.2470425715128273     
        1519   1.2470667504931479     
        1520   1.2471155368995079     
        1521   1.2471717484233065     
        1522   1.2472088427734760     
        1523   1.2472101891669491     
        1524   1.2471822261969572     
        1525   1.2471447501621831     
        1526   1.2471102417231736     
        1527   1.2470786662019231     
        1528   1.2470502003426334     
        1529   1.2470335273118978     
        1530   1.2470387936907157     
        1531   1.2470675899437225     
        1532   1.2471075756342280     
        1533   1.2471359257204595     
        1534   1.2471353986863032     
        1535   1.2471107392998055     
        1536   1.2470851503195803     
        1537   1.2470815711779415     
        1538   1.2471052897507393     
        1539   1.2471355572335263     
        1540   1.2471438228840892     
        1541   1.2471272720630551     
        1542   1.2471067029896241     
        1543   1.2470973456697183     
        1544   1.2470993584931462     
        1545   1.2471054723885286     
        1546   1.2471086772520272     
        1547   1.2471066742353760     
        1548   1.2471030488496422     
        1549   1.2471043015717218     
        1550   1.2471155492765753     
        1551   1.2471364689421880     
        1552   1.2471592229481563     
        1553   1.2471723012238858     
        1554   1.2471693613229879     
        1555   1.2471516010770183     
        1556   1.2471226122602219     
        1557   1.2470867575113851     
        1558   1.2470516106410734     
        1559   1.2470266138782735     
        1560   1.2470191015840628     
        1561   1.2470318976567540     
        1562   1.2470621819283578     
        1563   1.2471015894283168     
        1564   1.2471388813570401     
        1565   1.2471622932647128     
        1566   1.2471631872809816     
        1567   1.2471458940221252     
        1568   1.2471277317455953     
        1569   1.2471215069880135     
        1570   1.2471238483875307     
        1571   1.2471215286686559     
        1572   1.2471048651488883     
        1573   1.2470756631942619     
        1574   1.2470459346193685     
        1575   1.2470300373919185     
        1576   1.2470347148146579     
        1577   1.2470517414776729     
        1578   1.2470631860092505     
        1579   1.2470607228856070     
        1580   1.2470546590340992     
        1581   1.2470596292267233     
        1582   1.2470806106108885     
        1583   1.2471116852226407     
        1584   1.2471413738003818     
        1585   1.2471597432204238     
        1586   1.2471627346097152     
        1587   1.2471509698281777     
        1588   1.2471268022176019     
        1589   1.2470944321936224     
        1590   1.2470619307135640     
        1591   1.2470400808713009     
        1592   1.2470364415699040     
        1593   1.2470501788967603     
        1594   1.2470731994820219     
        1595   1.2470965064020072     
        1596   1.2471152221888051     
        1597   1.2471275561340458     
        1598   1.2471315746042315     
        1599   1.2471260576982170     
        1600   1.2471135599591112     
        1601   1.2471005157081410     
        1602   1.2470940194147049     
        1603   1.2470976998563572     
        1604   1.2471097140135270     
        1605   1.2471234720093787     
        1606   1.2471314815235224     
        1607   1.2471298589648612     
        1608   1.2471205698719268     
        1609   1.2471096519745761     
        1610   1.2471028864197562     
        1611   1.2471021489934215     
        1612   1.2471045695396548     
        1613   1.2471055441964283     
        1614   1.2471030255195958     
        1615   1.2470988931785569     
        1616   1.2470968578016550     
        1617   1.2471008040845950     
        1618   1.2471131321132018     
        1619   1.2471319234929659     
        1620   1.2471501499444582     
        1621   1.2471599957513393     
        1622   1.2471582728192359     
        1623   1.2471474247901939     
        1624   1.2471326421267988     
        1625   1.2471190773174605     
        1626   1.2471104974585239     
        1627   1.2471084005118314     
        1628   1.2471116325730365     
        1629   1.2471168958415788     
        1630   1.2471203419370678     
        1631   1.2471196790974668     
        1632   1.2471173854322739     
        1633   1.2471223678928209     
        1634   1.2471437594516817     
        1635   1.2471756526659621     
        1636   1.2471923001963980     
        1637   1.2471730152589915     
        1638   1.2471278102961654     
        1639   1.2470829505814065     
        1640   1.2470554368432332     
        1641   1.2470499904511070     
        1642   1.2470650044197380     
        1643   1.2470923261568818     
        1644   1.2471187705170252     
        1645   1.2471350282913327     
        1646   1.2471405988562956     
        1647   1.2471390096255228     
        1648   1.2471323194812640     
        1649   1.2471217875948266     
        1650   1.2471125107128471     
        1651   1.2471141064698119     
        1652   1.2471323214993615     
        1653   1.2471612630531606     
        1654   1.2471867920034032     
        1655   1.2471975047326689     
        1656   1.2471912070865314     
        1657   1.2471716068093901     
        1658   1.2471434581189649     
        1659   1.2471129651270076     
        1660   1.2470875215347326     
        1661   1.2470721847163901     
        1662   1.2470680128038683     
        1663   1.2470737581415852     
        1664   1.2470874104794483     
        1665   1.2471054629798113     
        1666   1.2471222180396220     
        1667   1.2471338003929047     
        1668   1.2471442776603465     
        1669   1.2471594987325958     
        1670   1.2471714309856279     
        1671   1.2471614855155249     
        1672   1.2471268708747389     
        1673   1.2470880324146361     
        1674   1.2470650350807595     
        1675   1.2470617691623913     
        1676   1.2470729744796578     
        1677   1.2470931550887161     
        1678   1.2471163662629419     
        1679   1.2471343087062445     
        1680   1.2471397503757571     
        1681   1.2471317122559908     
        1682   1.2471156888883979     
        1683   1.2470991604854937     
        1684   1.2470886843645910     
        1685   1.2470893697291570     
        1686   1.2471018104049705     
        1687   1.2471175490505422     
        1688   1.2471233646543713     
        1689   1.2471142161819495     
        1690   1.2470981670126364     
        1691   1.2470881651124739     
        1692   1.2470941701317646     
        1693   1.2471176654381584     
        1694   1.2471440545576185     
        1695   1.2471493468388597     
        1696   1.2471288867917893     
        1697   1.2471029923709362     
        1698   1.2470870829666783     
        1699   1.2470793292939675     
        1700   1.2470746934223982     
        1701   1.2470750691627071     
        1702   1.2470848350768520     
        1703   1.2471029596438865     
        1704   1.2471228445899918     
        1705   1.2471383343871962     
        1706   1.2471452912073859     
        1707   1.2471402673263916     
        1708   1.2471255397073564     
        1709   1.2471098176159634     
        1710   1.2470984089132942     
        1711   1.2470906935691770     
        1712   1.2470852525244509     
        1713   1.2470804845542849     
        1714   1.2470752669039198     
        1715   1.2470711107538519     
        1716   1.2470705742679393     
        1717   1.2470739966041953     
        1718   1.2470792396464634     
        1719   1.2470837861698389     
        1720   1.2470861658818029     
        1721   1.2470859109674810     
        1722   1.2470830449563275     
        1723   1.2470780193339426     
        1724   1.2470711811438353     
        1725   1.2470623525506992     
        1726   1.2470536768391316     
        1727   1.2470530318442292     
        1728   1.2470695475877611     
        1729   1.2471056181789746     
        1730   1.2471525393178262     
        1731   1.2471894688900163     
        1732   1.2471935135421954     
        1733   1.2471602141470062     
        1734   1.2471090804215517     
        1735   1.2470652604129240     
        1736   1.2470417431750307     
        1737   1.2470366410871287     
        1738   1.2470417308881960     
        1739   1.2470509543608159     
        1740   1.2470628396920673     
        1741   1.2470776277415474     
        1742   1.2470938793972883     
        1743   1.2471087959599925     
        1744   1.2471216847046369     
        1745   1.2471344587330702     
        1746   1.2471465586325639     
        1747   1.2471516031152494     
        1748   1.2471418686725191     
        1749   1.2471175214720485     
        1750   1.2470896866314940     
        1751   1.2470715535999988     
        1752   1.2470675994358746     
        1753   1.2470726239420507     
        1754   1.2470794042911773     
        1755   1.2470856795138818     
        1756   1.2470951047421175     
        1757   1.2471128438115575     
        1758   1.2471396104659114     
        1759   1.2471668723319198     
        1760   1.2471770603070935     
        1761   1.2471549623942186     
        1762   1.2471055937996776     
        1763   1.2470584136957110     
        1764   1.2470513867982671     
        1765   1.2471051804720530     
        1766   1.2471895766034784     
        1767   1.2472228035445838     
        1768   1.2471638318371325     
        1769   1.2470719218396833     
        1770   1.2470175707395668     
        1771   1.2470131079980036     
        1772   1.2470388088821969     
        1773   1.2470756191359191     
        1774   1.2471114597936492     
        1775   1.2471392280075180     
        1776   1.2471565159265685     
        1777   1.2471661744943017     
        1778   1.2471733066751225     
        1779   1.2471792752663520     
        1780   1.2471792711702756     
        1781   1.2471674017788481     
        1782   1.2471433438648871     
        1783   1.2471143191335448     
        1784   1.2470935188674008     
        1785   1.2470942158557943     
        1786   1.2471146164422795     
        1787   1.2471274236851149     
        1788   1.2471075726657843     
        1789   1.2470686581309249     
        1790   1.2470417420237254     
        1791   1.2470391239328835     
        1792   1.2470565517487731     
        1793   1.2470880138180971     
        1794   1.2471286390333070     
        1795   1.2471698356315364     
        1796   1.2471989109636850     
        1797   1.2472077999946061     
        1798   1.2471988857404164     
        1799   1.2471792192085291     
        1800   1.2471545344808046     
        1801   1.2471312804603905     
        1802   1.2471199196049474     
        1803   1.2471297190261330     
        1804   1.2471544917957207     
        1805   1.2471678918309266     
        1806   1.2471483189118802     
        1807   1.2471044413124392     
        1808   1.2470611984625422     
        1809   1.2470330600260673     
        1810   1.2470211204502750     
        1811   1.2470233549498211     
        1812   1.2470385806757567     
        1813   1.2470644709248870     
        1814   1.2470958656201661     
        1815   1.2471268961601334     
        1816   1.2471538017073531     
        1817   1.2471745716906053     
        1818   1.2471868006319755     
        1819   1.2471900152681896     
        1820   1.2471883828342218     
        1821   1.2471851766406461     
        1822   1.2471774933706192     
        1823   1.2471610982322781     
        1824   1.2471365437366768     
        1825   1.2471087371390994     
        1826   1.2470836290437262     
        1827   1.2470661474583027     
        1828   1.2470594596588023     
        1829   1.2470652435530185     
        1830   1.2470834617503936     
        1831   1.2471093742252597     
        1832   1.2471307635360809     
        1833   1.2471343018338172     
        1834   1.2471170928113893     
        1835   1.2470877957631477     
        1836   1.2470575856636792     
        1837   1.2470344365166228     
        1838   1.2470246619140128     
        1839   1.2470369086280839     
        1840   1.2470790601642090     
        1841   1.2471404938452837     
        1842   1.2471839437153909     
        1843   1.2471831319137459     
        1844   1.2471529224279991     
        1845   1.2471174895146255     
        1846   1.2470882227755105     
        1847   1.2470736779292539     
        1848   1.2470766128184871     
        1849   1.2470845261432042     
        1850   1.2470787412519519     
        1851   1.2470548140368900     
        1852   1.2470285830509202     
        1853   1.2470193338140578     
        1854   1.2470323684199944     
        1855   1.2470586904725192     
        1856   1.2470866882374876     
        1857   1.2471107185458257     
        1858   1.2471296369658496     
        1859   1.2471433303111450     
        1860   1.2471536833580883     
        1861   1.2471635407811654     
        1862   1.2471710077515010     
        1863   1.2471685213059054     
        1864   1.2471516248486827     
        1865   1.2471265319477711     
        1866   1.2471059447313766     
        1867   1.2470985257950336     
        1868   1.2471039613629933     
        1869   1.2471157478441763     
        1870   1.2471265917731365     
        1871   1.2471319821623381     
        1872   1.2471313561787993     
        1873   1.2471273683416131     
        1874   1.2471242074995819     
        1875   1.2471252369623551     
        1876   1.2471307453986840     
        1877   1.2471372300812709     
        1878   1.2471399571247934     
        1879   1.2471371337615484     
        1880   1.2471314610516371     
        1881   1.2471281856136218     
        1882   1.2471316171000164     
        1883   1.2471421600176122     
        1884   1.2471543995567647     
        1885   1.2471584767261961     
        1886   1.2471471283669349     
        1887   1.2471238875288884     
        1888   1.2471023472014053     
        1889   1.2470948368390060     
        1890   1.2471029385221826     
        1891   1.2471189953274373     
        1892   1.2471335800731733     
        1893   1.2471408766251779     
        1894   1.2471399102795981     
        1895   1.2471341756627674     
        1896   1.2471294109740212     
        1897   1.2471291289230892     
        1898   1.2471321408012492     
        1899   1.2471347457655659     
        1900   1.2471343932133618     
        1901   1.2471304620700920     
        1902   1.2471220722078735     
        1903   1.2471075297804439     
        1904   1.2470874922736366     
        1905   1.2470690182222639     
        1906   1.2470659306940068     
        1907   1.2470931711322002     
        1908   1.2471521665816416     
        1909   1.2472141493090811     
        1910   1.2472319102790093     
        1911   1.2471890359258992     
        1912   1.2471207206150052     
        1913   1.2470682331470533     
        1914   1.2470414744758198     
        1915   1.2470299372644436     
        1916   1.2470241057794755     
        1917   1.2470237175288856     
        1918   1.2470367871951982     
        1919   1.2470751077249842     
        1920   1.2471428154328683     
        1921   1.2472177492149532     
        1922   1.2472496416028773     
        1923   1.2472085242364481     
        1924   1.2471264301523624     
        1925   1.2470568300143903     
        1926   1.2470228502123075     
        1927   1.2470196709629988     
        1928   1.2470365810084494     
        1929   1.2470664242955496     
        1930   1.2471026338758386     
        1931   1.2471346140829178     
        1932   1.2471517374279157     
        1933   1.2471525086792825     
        1934   1.2471446613238828     
        1935   1.2471370735307707     
        1936   1.2471341589006191     
        1937   1.2471360512521068     
        1938   1.2471413763979342     
        1939   1.2471483841203879     
        1940   1.2471533145611944     
        1941   1.2471500895680125     
        1942   1.2471339251360924     
        1943   1.2471057406583856     
        1944   1.2470731567704307     
        1945   1.2470469580374774     
        1946   1.2470355429922344     
        1947   1.2470411064814249     
        1948   1.2470594494743543     
        1949   1.2470831573610406     
        1950   1.2471063502390085     
        1951   1.2471262483823009     
        1952   1.2471379643936562     
        1953   1.2471330735345223     
        1954   1.2471102998773418     
        1955   1.2470816217213598     
        1956   1.2470635071108958     
        1957   1.2470671252082881     
        1958   1.2470959688140679     
        1959   1.2471412507530837     
        1960   1.2471720508189637     
        1961   1.2471554047743678     
        1962   1.2471058617566260     
        1963   1.2470708257829015     
        1964   1.2470693127829000     
        1965   1.2470801056798382     
        1966   1.2470778924185439     
        1967   1.2470681532164631     
        1968   1.2470760792209163     
        1969   1.2471068074977651     
        1970   1.2471357326745678     
        1971   1.2471388396596474     
        1972   1.2471185140864565     
        1973   1.2470938134850513     
        1974   1.2470789626949190     
        1975   1.2470759328890770     
        1976   1.2470789607003794     
        1977   1.2470820531740132     
        1978   1.2470836863630876     
        1979   1.2470865044744910     
        1980   1.2470942093684334     
        1981   1.2471085991395539     
        1982   1.2471272503719986     
        1983   1.2471439867913066     
        1984   1.2471526038446146     
        1985   1.2471505113551316     
        1986   1.2471396994577049     
        1987   1.2471268344814790     
        1988   1.2471201277517299     
        1989   1.2471231110507666     
        1990   1.2471321244283309     
        1991   1.2471403652316713     
        1992   1.2471427710301759     
        1993   1.2471387218884007     
        1994   1.2471327789688780     
        1995   1.2471329252867611     
        1996   1.2471440335336181     
        1997   1.2471608761284680     
        1998   1.2471699836044381     
        1999   1.2471614658498109     
        2000   1.2471376127975426     
