           1   1.4848758798755854     
           2   1.4850456723721865     
           3   1.4854880336681837     
           4   1.4861286972888810     
           5   1.4869689732305233     
           6   1.4880104451638070     
           7   1.4892550411391599     
           8   1.4907051173541694     
           9   1.4923634432852522     
          10   1.4942330280398108     
          11   1.4963170717116314     
          12   1.4986189505787473     
          13   1.5011420995991749     
          14   1.5038899020166743     
          15   1.5068655667931916     
          16   1.5100719623127339     
          17   1.5135113348144582     
          18   1.5171849795784513     
          19   1.5210927651232458     
          20   1.5252325501618025     
          21   1.5295994268204285     
          22   1.5341847665946968     
          23   1.5389749919500624     
          24   1.5439500930947081     
          25   1.5490819109331455     
          26   1.5543321332480233     
          27   1.5596504135306974     
          28   1.5649730837374025     
          29   1.5702231379114819     
          30   1.5753120940129111     
          31   1.5801440935236220     
          32   1.5846216760791165     
          33   1.5886512731143467     
          34   1.5921463248239824     
          35   1.5950292662033110     
          36   1.5972387872997582     
          37   1.5987490604355366     
          38   1.5995985425835391     
          39   1.5999145602060005     
          40   1.5999201040335032     
          41   1.5999175368724994     
          42   1.6002447163200464     
          43   1.6012007457574209     
          44   1.6029624434126870     
          45   1.6055402658648334     
          46   1.6088067768963519     
          47   1.6125790001419460     
          48   1.6167032717481298     
          49   1.6210993240232228     
          50   1.6257514436973779     
          51   1.6306686711711793     
          52   1.6358530698302338     
          53   1.6412972792057567     
          54   1.6469990468022002     
          55   1.6529676631914338     
          56   1.6592067136770785     
          57   1.6656779069759271     
          58   1.6722767115561092     
          59   1.6788518919758619     
          60   1.6852602495183864     
          61   1.6914147309927698     
          62   1.6972988284338191     
          63   1.7029529573196918     
          64   1.7084509486972592     
          65   1.7138776598491108     
          66   1.7193103450420737     
          67   1.7248042127706287     
          68   1.7303836765870679     
          69   1.7360393376689409     
          70   1.7417265989040978     
          71   1.7473610797556349     
          72   1.7528148275259987     
          73   1.7579290231303832     
          74   1.7625563539123417     
          75   1.7666228203910286     
          76   1.7701709049983565     
          77   1.7733446641429798     
          78   1.7763154490580069     
          79   1.7791949272568501     
          80   1.7819913787689396     
          81   1.7846262494134726     
          82   1.7869877924450237     
          83   1.7889936115749026     
          84   1.7906441966052731     
          85   1.7920524772777398     
          86   1.7934387884042262     
          87   1.7950915794077356     
          88   1.7972996307566018     
          89   1.8002677051817109     
          90   1.8040504036882301     
          91   1.8085515901752176     
          92   1.8135959515924114     
          93   1.8190145564797422     
          94   1.8246786438122375     
          95   1.8304729244234867     
          96   1.8362533395941580     
          97   1.8418393257032570     
          98   1.8470557050290832     
          99   1.8517998085985601     
         100   1.8560926085233469     
         101   1.8600828720370084     
         102   1.8639936905478434     
         103   1.8680162013476331     
         104   1.8721786261067226     
         105   1.8762617185529802     
         106   1.8798417202661415     
         107   1.8824561821725683     
         108   1.8837835597300920     
         109   1.8837344334223576     
         110   1.8824463039648893     
         111   1.8802386121983143     
         112   1.8775716887838636     
         113   1.8750012420823361     
         114   1.8730956266490573     
         115   1.8723130672595028     
         116   1.8728866236636232     
         117   1.8747821501579471     
         118   1.8777551893839002     
         119   1.8814692328218052     
         120   1.8856050979088688     
         121   1.8899110798459555     
         122   1.8941926063677632     
         123   1.8982762138099523     
         124   1.9019781692666076     
         125   1.9050901830015443     
         126   1.9073960902091449     
         127   1.9087293647765085     
         128   1.9090509921807606     
         129   1.9085025420526647     
         130   1.9074016773343616     
         131   1.9061791535060357     
         132   1.9052762929004343     
         133   1.9050313249628792     
         134   1.9055941464393318     
         135   1.9069078593837530     
         136   1.9087628687481166     
         137   1.9108814543436310     
         138   1.9129729794171206     
         139   1.9147385408385371     
         140   1.9158656647726904     
         141   1.9160722810673105     
         142   1.9152171477817637     
         143   1.9134318278368054     
         144   1.9111758042196763     
         145   1.9090923515353473     
         146   1.9076672686189826     
         147   1.9069713101721804     
         148   1.9067576414638798     
         149   1.9067605879443617     
         150   1.9068675400652269     
         151   1.9070945377449819     
         152   1.9074893243080453     
         153   1.9080571126025070     
         154   1.9087341101741833     
         155   1.9094108225208450     
         156   1.9100014731112336     
         157   1.9105332385030760     
         158   1.9112021706998095     
         159   1.9123406885462524     
         160   1.9142819709777048     
         161   1.9171877867418046     
         162   1.9209652848608831     
         163   1.9253333866751676     
         164   1.9299492486752161     
         165   1.9344641777956562     
         166   1.9384995884090013     
         167   1.9416417272687772     
         168   1.9435201727659277     
         169   1.9439331611271453     
         170   1.9429382023725796     
         171   1.9408554557380970     
         172   1.9381787851558734     
         173   1.9354312832747194     
         174   1.9330317470326153     
         175   1.9312294026962107     
         176   1.9301167953439915     
         177   1.9296921970260048     
         178   1.9299325370558924     
         179   1.9308348092656991     
         180   1.9323949100457400     
         181   1.9345400890850737     
         182   1.9370815996915522     
         183   1.9397405448403622     
         184   1.9422257956256579     
         185   1.9442999167068555     
         186   1.9458013059201449     
         187   1.9466408418916883     
         188   1.9468008769669447     
         189   1.9463406021071143     
         190   1.9453912738474617     
         191   1.9441267816883248     
         192   1.9427148489303434     
         193   1.9412722603403971     
         194   1.9398488239248404     
         195   1.9384476198158309     
         196   1.9370685947362540     
         197   1.9357556730404422     
         198   1.9346308325059700     
         199   1.9338981558448127     
         200   1.9337988823327730     
         201   1.9345164892108067     
         202   1.9360701812045735     
         203   1.9382607700175598     
         204   1.9407124632571640     
         205   1.9430003491151244     
         206   1.9448061115676623     
         207   1.9460249747922098     
         208   1.9467673765014561     
         209   1.9472593054293972     
         210   1.9477090019285974     
         211   1.9482227268593999     
         212   1.9488102180676594     
         213   1.9494561149037679     
         214   1.9501859458559700     
         215   1.9510610905801453     
         216   1.9521034104959958     
         217   1.9532246384373926     
         218   1.9542398142967481     
         219   1.9549644406016664     
         220   1.9553198370918126     
         221   1.9553727223529282     
         222   1.9552796382119702     
         223   1.9551628676959372     
         224   1.9550148442814714     
         225   1.9547270115907718     
         226   1.9542139300772301     
         227   1.9535100773775631     
         228   1.9527751467978987     
         229   1.9522403668713040     
         230   1.9521466227914763     
         231   1.9526894366988248     
         232   1.9539634801278005     
         233   1.9559160937451994     
         234   1.9583411498374483     
         235   1.9609287918287732     
         236   1.9633464061465944     
         237   1.9653117325435077     
         238   1.9666412640273541     
         239   1.9672801575691699     
         240   1.9673191445665930     
         241   1.9669871719297047     
         242   1.9665977668703973     
         243   1.9664461292895461     
         244   1.9666991483683445     
         245   1.9673448966653639     
         246   1.9682355219890413     
         247   1.9691947343335146     
         248   1.9701147016988811     
         249   1.9709689441114346     
         250   1.9717413649876421     
         251   1.9723581902120653     
         252   1.9726955476925556     
         253   1.9726580328937671     
         254   1.9722934731440185     
         255   1.9718843171846168     
         256   1.9718974867813088     
         257   1.9727260953993273     
         258   1.9743951189123849     
         259   1.9765231277935160     
         260   1.9785575259729797     
         261   1.9800186972672840     
         262   1.9806009947432721     
         263   1.9801878900531937     
         264   1.9788437291404706     
         265   1.9767734733904339     
         266   1.9742429365796454     
         267   1.9714999170429690     
         268   1.9687584221537691     
         269   1.9662709531311324     
         270   1.9644261980540823     
         271   1.9637253151269287     
         272   1.9645350715614947     
         273   1.9667700315550554     
         274   1.9698444460401894     
         275   1.9729865497360948     
         276   1.9756220073672459     
         277   1.9775479147770807     
         278   1.9788857249904626     
         279   1.9799359364939828     
         280   1.9810331502133876     
         281   1.9824398568588650     
         282   1.9842752049322179     
         283   1.9864675186344751     
         284   1.9887459289980116     
         285   1.9907017705039034     
         286   1.9919183087676406     
         287   1.9921200273546946     
         288   1.9912632296926389     
         289   1.9894988213075924     
         290   1.9870473921750877     
         291   1.9841679556251450     
         292   1.9812928578604787     
         293   1.9790910203116470     
         294   1.9782244043369899     
         295   1.9789716466134639     
         296   1.9810994324881157     
         297   1.9840426521204555     
         298   1.9871605981149696     
         299   1.9899288942248985     
         300   1.9920602014703226     
         301   1.9935408980810694     
         302   1.9945623754762198     
         303   1.9953702549962633     
         304   1.9961110108059767     
         305   1.9967687476596085     
         306   1.9972233628727778     
         307   1.9973717365958945     
         308   1.9972155339575364     
         309   1.9968500056051066     
         310   1.9963603250225299     
         311   1.9957137157757188     
         312   1.9947563913497346     
         313   1.9933367179389347     
         314   1.9914683811452032     
         315   1.9894221971481594     
         316   1.9876635691853790     
         317   1.9866135244183174     
         318   1.9863757684439691     
         319   1.9866954173844582     
         320   1.9871992634535256     
         321   1.9876582882920018     
         322   1.9880639508932783     
         323   1.9885479692962462     
         324   1.9892656543011027     
         325   1.9903102497961482     
         326   1.9916577612822790     
         327   1.9931422135713250     
         328   1.9945050568543510     
         329   1.9955232221720185     
         330   1.9961163523352670     
         331   1.9963432490602289     
         332   1.9963194700905975     
         333   1.9961453596534753     
         334   1.9958842312381690     
         335   1.9955785255655725     
         336   1.9952725069730270     
         337   1.9949962811627460     
         338   1.9947315915468735     
         339   1.9944754046097739     
         340   1.9943507708198456     
         341   1.9945169991352811     
         342   1.9949510477046033     
         343   1.9954429981692510     
         344   1.9957710895474319     
         345   1.9957988294835793     
         346   1.9954791436306747     
         347   1.9948583204578429     
         348   1.9940904806544810     
         349   1.9934333613533171     
         350   1.9932002124990458     
         351   1.9936552342974607     
         352   1.9948821826679473     
         353   1.9967083121994857     
         354   1.9987560087532557     
         355   2.0006066944546048     
         356   2.0019840833249494     
         357   2.0028639716016365     
         358   2.0034609981142357     
         359   2.0040931383413176     
         360   2.0050023014835743     
         361   2.0062595454326786     
         362   2.0077928439827613     
         363   2.0094523153003654     
         364   2.0110575301189915     
         365   2.0124484911921257     
         366   2.0135338788033499     
         367   2.0142894105113913     
         368   2.0147035389473986     
         369   2.0147294800811837     
         370   2.0142974891670318     
         371   2.0133743848626406     
         372   2.0119997310590225     
         373   2.0102486441517660     
         374   2.0081622008715985     
         375   2.0057350177133446     
         376   2.0029681405419240     
         377   1.9999028501077600     
         378   1.9966041454771857     
         379   1.9931557640542115     
         380   1.9896958544584133     
         381   1.9864475376651489     
         382   1.9837095843494705     
         383   1.9818207287684719     
         384   1.9811129396179303     
         385   1.9818367397687091     
         386   1.9840483325915306     
         387   1.9875142697697050     
         388   1.9917252355556798     
         389   1.9960444759686424     
         390   1.9999097357724092     
         391   2.0029716267879700     
         392   2.0051143132594471     
         393   2.0063903237608929     
         394   2.0069324190973790     
         395   2.0068831863009406     
         396   2.0063510130698230     
         397   2.0053876666282635     
         398   2.0039863981546362     
         399   2.0021029916691222     
         400   1.9996955288190774     
         401   1.9967699429523347     
         402   1.9934172286114249     
         403   1.9898326482078859     
         404   1.9863107750097515     
         405   1.9832071284266879     
         406   1.9808563673204931     
         407   1.9794620235680203     
         408   1.9790199496813110     
         409   1.9793409380021922     
         410   1.9801558222962137     
         411   1.9812075027908618     
         412   1.9822652733642840     
         413   1.9830981488102100     
         414   1.9834923664118984     
         415   1.9833427477461543     
         416   1.9827514537741877     
         417   1.9820286514042342     
         418   1.9815513664663513     
         419   1.9815527743094883     
         420   1.9819843804648365     
         421   1.9825508996905041     
         422   1.9828979125844342     
         423   1.9828388475698462     
         424   1.9824972889474293     
         425   1.9822922727319841     
         426   1.9827681418103984     
         427   1.9843512019973752     
         428   1.9871725663274784     
         429   1.9910554688572206     
         430   1.9956231897831231     
         431   2.0004090327084758     
         432   2.0049306109029743     
         433   2.0087635982027314     
         434   2.0116147950124166     
         435   2.0133524163855663     
         436   2.0139742296123169     
         437   2.0135445256080664     
         438   2.0121538884751455     
         439   2.0099263012920181     
         440   2.0070407696643882     
         441   2.0037129308693467     
         442   2.0001395640983546     
         443   1.9964803726017195     
         444   1.9929272707030525     
         445   1.9898146192511752     
         446   1.9876413059227036     
         447   1.9868634994382894     
         448   1.9875181452798782     
         449   1.9890578834430988     
         450   1.9906416175025556     
         451   1.9915904192474962     
         452   1.9916264545759512     
         453   1.9908578145921088     
         454   1.9896497753815412     
         455   1.9884685319798343     
         456   1.9877237162026340     
         457   1.9876443729630187     
         458   1.9882397692322449     
         459   1.9893586145413671     
         460   1.9907912823220313     
         461   1.9923384171714402     
         462   1.9938195560105521     
         463   1.9950566186073024     
         464   1.9958762841121613     
         465   1.9961335492835197     
         466   1.9957217315074369     
         467   1.9945560193808409     
         468   1.9925765675713922     
         469   1.9898173770660075     
         470   1.9864940601166794     
         471   1.9830049439221249     
         472   1.9798342543536664     
         473   1.9774537508066761     
         474   1.9762446045173192     
         475   1.9763534996494831     
         476   1.9775229528010614     
         477   1.9791169517559235     
         478   1.9804174163708910     
         479   1.9809870009737987     
         480   1.9808890626635454     
         481   1.9806676691763099     
         482   1.9810324044708905     
         483   1.9823751584794165     
         484   1.9845231749874828     
         485   1.9869875421550898     
         486   1.9893802902229398     
         487   1.9915211228407443     
         488   1.9932583356327114     
         489   1.9943358506440143     
         490   1.9944385529944695     
         491   1.9933172060803930     
         492   1.9908988992211356     
         493   1.9873747166898970     
         494   1.9832565321411213     
         495   1.9793319292805276     
         496   1.9764472472292736     
         497   1.9751740007718759     
         498   1.9755671465488698     
         499   1.9772258806375593     
         500   1.9796272131751720     
         501   1.9824245686457203     
         502   1.9854688223028241     
         503   1.9886589683133142     
         504   1.9918763231447869     
         505   1.9950529616089114     
         506   1.9982291592550325     
         507   2.0015021206145547     
         508   2.0049083262866731     
         509   2.0083352909236076     
         510   2.0115193137741239     
         511   2.0141205423927664     
         512   2.0158242984875958     
         513   2.0164133587350088     
         514   2.0157830756568074     
         515   2.0139252687868847     
         516   2.0109799142404308     
         517   2.0074477989472141     
         518   2.0043656363961579     
         519   2.0028702968059018     
         520   2.0032349390705635     
         521   2.0046755405101808     
         522   2.0062150039605164     
         523   2.0073148076748404     
         524   2.0078041252593279     
         525   2.0076202697601171     
         526   2.0066770082063785     
         527   2.0048504376053371     
         528   2.0020239961893416     
         529   1.9981743862598638     
         530   1.9934817443502524     
         531   1.9884047266845479     
         532   1.9836361778871450     
         533   1.9799183342498703     
         534   1.9778339055086194     
         535   1.9777440495913201     
         536   1.9798694744901699     
         537   1.9842867753984357     
         538   1.9907386710039419     
         539   1.9985379766018889     
         540   2.0068103226291893     
         541   2.0148609309084629     
         542   2.0223307389730185     
         543   2.0291117857737402     
         544   2.0351933097189958     
         545   2.0405632559951772     
         546   2.0451789821711031     
         547   2.0489668922410744     
         548   2.0518183055969859     
         549   2.0535780745761394     
         550   2.0540419934757161     
         551   2.0529833470704442     
         552   2.0502217190782965     
         553   2.0457269184734583     
         554   2.0397195587706003     
         555   2.0327203452194138     
         556   2.0255352094249499     
         557   2.0191711890518156     
         558   2.0146012983477606     
         559   2.0123562929133461     
         560   2.0122515960554321     
         561   2.0135841583779044     
         562   2.0156049800573386     
         563   2.0178244909660474     
         564   2.0200188319140362     
         565   2.0220698010934539     
         566   2.0237931342229727     
         567   2.0248874101428243     
         568   2.0250841694266017     
         569   2.0244042484859541     
         570   2.0232244326427642     
         571   2.0219829659872999     
         572   2.0208735207611230     
         573   2.0199481838672413     
         574   2.0193888723723155     
         575   2.0195276644149573     
         576   2.0206636262572077     
         577   2.0229017156556348     
         578   2.0260967620080121     
         579   2.0298885187377143     
         580   2.0337860486894512     
         581   2.0372600933555982     
         582   2.0398322809018072     
         583   2.0411650808077080     
         584   2.0411314594100562     
         585   2.0398235617418612     
         586   2.0374867266947843     
         587   2.0344221594307412     
         588   2.0309330332884397     
         589   2.0273412575155989     
         590   2.0240001298034169     
         591   2.0212078221033947     
         592   2.0190785713838695     
         593   2.0175681036559570     
         594   2.0167017280761845     
         595   2.0167538179590130     
         596   2.0180944623257062     
         597   2.0207833658701371     
         598   2.0243537149990161     
         599   2.0280396793448774     
         600   2.0311957656904442     
         601   2.0335545346173340     
         602   2.0352271331000780     
         603   2.0365245295555949     
         604   2.0377222000302426     
         605   2.0389018371410561     
         606   2.0399510675564705     
         607   2.0406915615792158     
         608   2.0410308655997227     
         609   2.0410458119960109     
         610   2.0409618860901459     
         611   2.0410386163517518     
         612   2.0414215035844183     
         613   2.0420673366898030     
         614   2.0427981575681611     
         615   2.0434140289507963     
         616   2.0437607884428743     
         617   2.0437330077169538     
         618   2.0432644708403918     
         619   2.0423526489180523     
         620   2.0411104477962523     
         621   2.0397935980651352     
         622   2.0387612959816894     
         623   2.0383756271053057     
         624   2.0388722794267871     
         625   2.0402402375345310     
         626   2.0421797674668496     
         627   2.0442058816987028     
         628   2.0458525355861634     
         629   2.0468399622554561     
         630   2.0471177906086946     
         631   2.0468003260999685     
         632   2.0460620122358413     
         633   2.0450596781716781     
         634   2.0439155936405404     
         635   2.0427454861830139     
         636   2.0416794624972709     
         637   2.0408412921140591     
         638   2.0403143251316163     
         639   2.0401467330488767     
         640   2.0403800646515347     
         641   2.0410239732463409     
         642   2.0419707888282113     
         643   2.0429543307660012     
         644   2.0436298925477936     
         645   2.0437233752443489     
         646   2.0431407355883833     
         647   2.0419792053454993     
         648   2.0404503840789086     
         649   2.0387665755870086     
         650   2.0370505916332875     
         651   2.0353036923602361     
         652   2.0334346350255861     
         653   2.0313384393412623     
         654   2.0289941642660518     
         655   2.0265271289154576     
         656   2.0241941754438995     
         657   2.0223015894134209     
         658   2.0211062562497175     
         659   2.0207445291507615     
         660   2.0211966166149464     
         661   2.0222806043557102     
         662   2.0236929807045398     
         663   2.0251060265303664     
         664   2.0262707341183872     
         665   2.0270553145408394     
         666   2.0274288869636838     
         667   2.0274632203777525     
         668   2.0273644110740321     
         669   2.0274400511037647     
         670   2.0279334461130984     
         671   2.0288315353560509     
         672   2.0298384852796576     
         673   2.0305467007274021     
         674   2.0306445550022811     
         675   2.0300147918180835     
         676   2.0287195211839300     
         677   2.0269483285105898     
         678   2.0249866006948425     
         679   2.0232023971172803     
         680   2.0219960793789959     
         681   2.0216695031710272     
         682   2.0222951662171278     
         683   2.0237325171468012     
         684   2.0257833965506573     
         685   2.0283194507648301     
         686   2.0312929409961984     
         687   2.0346851445738356     
         688   2.0384369929658686     
         689   2.0423601421498234     
         690   2.0460829092265262     
         691   2.0491235760659672     
         692   2.0510761923496403     
         693   2.0517731204838658     
         694   2.0513203404822034     
         695   2.0500166717580002     
         696   2.0482257212535360     
         697   2.0462593167459331     
         698   2.0443043414014110     
         699   2.0423987173055926     
         700   2.0404447893180730     
         701   2.0382526504038503     
         702   2.0356191381728519     
         703   2.0324436785834532     
         704   2.0288635251083349     
         705   2.0253523728967080     
         706   2.0226647781423051     
         707   2.0215459888513161     
         708   2.0223629785476493     
         709   2.0249653422932936     
         710   2.0288489293157852     
         711   2.0334006604054982     
         712   2.0380451556778083     
         713   2.0423108991839269     
         714   2.0458815460762581     
         715   2.0486237613241487     
         716   2.0505586421461754     
         717   2.0517844874111515     
         718   2.0523946587773652     
         719   2.0524447444637999     
         720   2.0519941257675991     
         721   2.0511788960976123     
         722   2.0502370823358360     
         723   2.0494544622961848     
         724   2.0490712500049097     
         725   2.0492036933045079     
         726   2.0498005575402156     
         727   2.0506444984220167     
         728   2.0514192234953481     
         729   2.0518328181120946     
         730   2.0517327472455560     
         731   2.0511445337003145     
         732   2.0502206278943160     
         733   2.0491446343090405     
         734   2.0480564153261729     
         735   2.0470349856119507     
         736   2.0461249927252347     
         737   2.0453636808101208     
         738   2.0447792885230403     
         739   2.0443682932087501     
         740   2.0440813611521214     
         741   2.0438354684687403     
         742   2.0435376357085859     
         743   2.0430975244152512     
         744   2.0424333429051607     
         745   2.0414923887990439     
         746   2.0402827238861811     
         747   2.0388778529683131     
         748   2.0373669872756102     
         749   2.0357814250976918     
         750   2.0340714032299965     
         751   2.0321870810056328     
         752   2.0302424199765920     
         753   2.0286503128518092     
         754   2.0280515316289538     
         755   2.0289534790001809     
         756   2.0313266050602263     
         757   2.0345600302974987     
         758   2.0377982448481551     
         759   2.0403227548931180     
         760   2.0417508843831724     
         761   2.0420480581903488     
         762   2.0414330817245694     
         763   2.0402580357986806     
         764   2.0389143490877073     
         765   2.0377691198905490     
         766   2.0371034647073274     
         767   2.0370413975178638     
         768   2.0375076840561195     
         769   2.0382690760344606     
         770   2.0390547149632767     
         771   2.0396784640391967     
         772   2.0400907737126608     
         773   2.0403548024294773     
         774   2.0405859211202872     
         775   2.0408931099178695     
         776   2.0413481088172092     
         777   2.0419934862863030     
         778   2.0428738267383424     
         779   2.0440512462379665     
         780   2.0455738930512282     
         781   2.0474090772063689     
         782   2.0493987556542637     
         783   2.0512831835604226     
         784   2.0527728425841185     
         785   2.0536117013776551     
         786   2.0536015487325026     
         787   2.0526052376859494     
         788   2.0505704590876865     
         789   2.0476086127935251     
         790   2.0441291052404380     
         791   2.0409379096180214     
         792   2.0390700698984769     
         793   2.0392074901376378     
         794   2.0411049124554004     
         795   2.0437012670837178     
         796   2.0457652579871364     
         797   2.0464099330145045     
         798   2.0453001487016924     
         799   2.0426590976754722     
         800   2.0390873435730832     
         801   2.0352882787742077     
         802   2.0318823716365069     
         803   2.0293143304844747     
         804   2.0277681674493655     
         805   2.0271609479723214     
         806   2.0272551828755834     
         807   2.0277849776722396     
         808   2.0285391287299679     
         809   2.0294150531165980     
         810   2.0304351510003213     
         811   2.0317138685674374     
         812   2.0333922789813283     
         813   2.0355565274595810     
         814   2.0381500214694963     
         815   2.0409339525288459     
         816   2.0435784207127772     
         817   2.0458570381310262     
         818   2.0477799476502221     
         819   2.0495395302612320     
         820   2.0513179695922852     
         821   2.0531167147641640     
         822   2.0547200044289311     
         823   2.0557746691551118     
         824   2.0558979368233468     
         825   2.0547689564447817     
         826   2.0522397656289240     
         827   2.0484932913267957     
         828   2.0441498924944450     
         829   2.0401233791475031     
         830   2.0371894087992093     
         831   2.0356000891451256     
         832   2.0350960093270714     
         833   2.0352040154676034     
         834   2.0354978101395771     
         835   2.0357244591418722     
         836   2.0358484782380004     
         837   2.0360139026086208     
         838   2.0364027762884729     
         839   2.0370620432510358     
         840   2.0378335897027018     
         841   2.0384250358631086     
         842   2.0385347894942139     
         843   2.0379433707379739     
         844   2.0365331873406500     
         845   2.0342435670673056     
         846   2.0310363632925688     
         847   2.0269622836878205     
         848   2.0223041891568316     
         849   2.0176508065793715     
         850   2.0137703731757322     
         851   2.0113105858405658     
         852   2.0105219810635471     
         853   2.0111971568944371     
         854   2.0128310583544970     
         855   2.0148769869478489     
         856   2.0169753413384082     
         857   2.0190464054377397     
         858   2.0212073698206932     
         859   2.0236165300751905     
         860   2.0263737029339413     
         861   2.0294860277749578     
         862   2.0328475316198680     
         863   2.0362345981840426     
         864   2.0393511411773999     
         865   2.0419147365982941     
         866   2.0437367583140658     
         867   2.0447613800399900     
         868   2.0450572687914033     
         869   2.0447745154695229     
         870   2.0440876030460573     
         871   2.0431453376478457     
         872   2.0420433859133222     
         873   2.0408269039469831     
         874   2.0395190620166437     
         875   2.0381565095100247     
         876   2.0368045689961050     
         877   2.0355367445571315     
         878   2.0343905079905085     
         879   2.0333335808834043     
         880   2.0322722558390862     
         881   2.0311052613957514     
         882   2.0297941238063775     
         883   2.0284015703608325     
         884   2.0270581150185363     
         885   2.0258692489194803     
         886   2.0248467142970190     
         887   2.0239463967042015     
         888   2.0231813315274696     
         889   2.0226760495313636     
         890   2.0225781383797505     
         891   2.0229014782421126     
         892   2.0234625101561390     
         893   2.0239738649544941     
         894   2.0242019473939425     
         895   2.0240713917735040     
         896   2.0236855584414979     
         897   2.0232861448260642     
         898   2.0231664405683740     
         899   2.0235522917873121     
         900   2.0245044905784124     
         901   2.0259090619850131     
         902   2.0275505913754279     
         903   2.0291904390030404     
         904   2.0306016526722410     
         905   2.0315858983814099     
         906   2.0320042112640890     
         907   2.0318129844622068     
         908   2.0310797616107967     
         909   2.0299650026480989     
         910   2.0286781982550290     
         911   2.0274419409959981     
         912   2.0264959408926804     
         913   2.0261214437374631     
         914   2.0266132487533719     
         915   2.0281635063000700     
         916   2.0307410783651987     
         917   2.0340850943994107     
         918   2.0378076522053785     
         919   2.0414992667656771     
         920   2.0447778815340043     
         921   2.0473082691546591     
         922   2.0488324368151778     
         923   2.0492157953638368     
         924   2.0484831744125165     
         925   2.0468134620570368     
         926   2.0444816627947855     
         927   2.0417733657411441     
         928   2.0389238665451450     
         929   2.0361228231109516     
         930   2.0335764000179224     
         931   2.0315665889522183     
         932   2.0304271713310582     
         933   2.0303991355047666     
         934   2.0314396716160847     
         935   2.0331458640362978     
         936   2.0348868197887033     
         937   2.0360660672715061     
         938   2.0363524931079544     
         939   2.0357661629691517     
         940   2.0345801663925074     
         941   2.0330837265602728     
         942   2.0313658335600073     
         943   2.0292847470695512     
         944   2.0266140286471654     
         945   2.0232235007504857     
         946   2.0192080514351565     
         947   2.0149559339312781     
         948   2.0111193772478178     
         949   2.0084205931937258     
         950   2.0073358408230981     
         951   2.0078607713287435     
         952   2.0095439030647819     
         953   2.0117683928212560     
         954   2.0140802070803883     
         955   2.0163519810818027     
         956   2.0187184161028866     
         957   2.0213879724177222     
         958   2.0244892043584160     
         959   2.0280276658185916     
         960   2.0319159295025675     
         961   2.0360033112376792     
         962   2.0400785653842379     
         963   2.0438776271777073     
         964   2.0471374471733634     
         965   2.0496933807018620     
         966   2.0515581345042007     
         967   2.0528976760474946     
         968   2.0538920219631267     
         969   2.0546001226840462     
         970   2.0549581067465335     
         971   2.0548817922855669     
         972   2.0543476839407555     
         973   2.0533996751627641     
         974   2.0521176252859075     
         975   2.0505915571203093     
         976   2.0489152726104853     
         977   2.0471937257425217     
         978   2.0455530214578745     
         979   2.0441381036748454     
         980   2.0430814583898798     
         981   2.0424447106590327     
         982   2.0421812539515427     
         983   2.0421853882957692     
         984   2.0424122400446461     
         985   2.0429382346810017     
         986   2.0438549711310201     
         987   2.0450731757973797     
         988   2.0462458996746156     
         989   2.0469119936013165     
         990   2.0467317617140579     
         991   2.0456091263940888     
         992   2.0436289695897383     
         993   2.0409303454015602     
         994   2.0376866134582583     
         995   2.0342069861347358     
         996   2.0310069017117964     
         997   2.0287219711859454     
         998   2.0278984354505583     
         999   2.0287969034428142     
        1000   2.0313161316578445     
        1001   2.0350486115180253     
        1002   2.0394123531440580     
        1003   2.0437827118779386     
        1004   2.0475724436832907     
        1005   2.0502639007792767     
        1006   2.0514356260113193     
        1007   2.0508163347993769     
        1008   2.0483633203436358     
        1009   2.0443320219807948     
        1010   2.0392907408213379     
        1011   2.0340454649079227     
        1012   2.0294671576895205     
        1013   2.0262361034770784     
        1014   2.0245753034925542     
        1015   2.0241482777730155     
        1016   2.0242397197977180     
        1017   2.0240869111305049     
        1018   2.0231339520059652     
        1019   2.0211271256210188     
        1020   2.0181079819113310     
        1021   2.0143713549439677     
        1022   2.0104064283720438     
        1023   2.0068169811844241     
        1024   2.0042179779226381     
        1025   2.0031033890285661     
        1026   2.0037136437590970     
        1027   2.0059804649771436     
        1028   2.0095963401652184     
        1029   2.0141569841441060     
        1030   2.0192759803333540     
        1031   2.0246298125017019     
        1032   2.0299648518653091     
        1033   2.0350907029352565     
        1034   2.0398452829572178     
        1035   2.0440339348136067     
        1036   2.0473967975490135     
        1037   2.0496465957732815     
        1038   2.0505460899917853     
        1039   2.0499679346522504     
        1040   2.0479197423300515     
        1041   2.0445490271483955     
        1042   2.0401400551180524     
        1043   2.0351097565555634     
        1044   2.0300043771288432     
        1045   2.0254518272551008     
        1046   2.0219790054535935     
        1047   2.0197295578193115     
        1048   2.0183522900306721     
        1049   2.0172414436872050     
        1050   2.0159171231919872     
        1051   2.0142340881283793     
        1052   2.0123580263676613     
        1053   2.0106244624897776     
        1054   2.0093875403135582     
        1055   2.0089053685730667     
        1056   2.0092707076299883     
        1057   2.0103858185671397     
        1058   2.0119874466827654     
        1059   2.0137316518301143     
        1060   2.0153136772446616     
        1061   2.0165446669442826     
        1062   2.0173278291618071     
        1063   2.0175858824380155     
        1064   2.0172363132993434     
        1065   2.0162225794365276     
        1066   2.0145487778738542     
        1067   2.0123037034264972     
        1068   2.0096837872927167     
        1069   2.0069948557594541     
        1070   2.0046002056235448     
        1071   2.0028196490396306     
        1072   2.0018326833771183     
        1073   2.0016434499268270     
        1074   2.0021146939401882     
        1075   2.0030308888044792     
        1076   2.0041564893297594     
        1077   2.0052800507384747     
        1078   2.0062353269142164     
        1079   2.0068934385678605     
        1080   2.0071545726742013     
        1081   2.0069890581336085     
        1082   2.0065254065859923     
        1083   2.0060850909544659     
        1084   2.0060503072849643     
        1085   2.0065965298944284     
        1086   2.0075064231905202     
        1087   2.0082793019660428     
        1088   2.0085023483900764     
        1089   2.0082059696963315     
        1090   2.0079137629807482     
        1091   2.0082775548543070     
        1092   2.0095406390152308     
        1093   2.0113490680771355     
        1094   2.0130667070207910     
        1095   2.0141788925736734     
        1096   2.0144537441866937     
        1097   2.0139049765688668     
        1098   2.0126991995759584     
        1099   2.0110834871605885     
        1100   2.0093556401545429     
        1101   2.0078556385149979     
        1102   2.0069185106079308     
        1103   2.0067527974020614     
        1104   2.0073047617352371     
        1105   2.0082294531201090     
        1106   2.0090218888376081     
        1107   2.0092311712219137     
        1108   2.0086317645353802     
        1109   2.0072854695690818     
        1110   2.0055023304351578     
        1111   2.0037342091499282     
        1112   2.0024265193257840     
        1113   2.0018634293627384     
        1114   2.0020754143008586     
        1115   2.0028691892599149     
        1116   2.0039594210112655     
        1117   2.0051105939652545     
        1118   2.0062079010777571     
        1119   2.0072370677819946     
        1120   2.0082064915935511     
        1121   2.0090745952232796     
        1122   2.0097415176028339     
        1123   2.0101162660853156     
        1124   2.0102162520548297     
        1125   2.0102414244616180     
        1126   2.0105710969585915     
        1127   2.0116359751164934     
        1128   2.0136834830870556     
        1129   2.0165941565505050     
        1130   2.0199278783089700     
        1131   2.0231738826304362     
        1132   2.0259970335717332     
        1133   2.0283171989700435     
        1134   2.0302158975653679     
        1135   2.0317786478304454     
        1136   2.0329999648535289     
        1137   2.0338093102194379     
        1138   2.0341748511644115     
        1139   2.0341785241414887     
        1140   2.0339695494294823     
        1141   2.0336037938219422     
        1142   2.0329100269270928     
        1143   2.0315396996110548     
        1144   2.0291950003077108     
        1145   2.0258714303936651     
        1146   2.0219506575800752     
        1147   2.0180772000855187     
        1148   2.0148738127443591     
        1149   2.0126748166224027     
        1150   2.0114685411432465     
        1151   2.0110566879845173     
        1152   2.0112512995572089     
        1153   2.0119547360628345     
        1154   2.0131290854771082     
        1155   2.0147653704595969     
        1156   2.0169139052656750     
        1157   2.0196957855454980     
        1158   2.0231896485655132     
        1159   2.0272620080322810     
        1160   2.0315289128548306     
        1161   2.0354955684999179     
        1162   2.0387410282297793     
        1163   2.0410211736007500     
        1164   2.0422606037431219     
        1165   2.0424763487865780     
        1166   2.0417092629222693     
        1167   2.0400208740096670     
        1168   2.0375490553958113     
        1169   2.0345573838561508     
        1170   2.0314117359675312     
        1171   2.0284783761564622     
        1172   2.0260103316823486     
        1173   2.0240971987556007     
        1174   2.0226906072791540     
        1175   2.0216694048578230     
        1176   2.0209189288088969     
        1177   2.0204177975263344     
        1178   2.0203016464652435     
        1179   2.0208170906166760     
        1180   2.0221005250875295     
        1181   2.0239243159589395     
        1182   2.0257061138740937     
        1183   2.0268151737737239     
        1184   2.0268747704415273     
        1185   2.0258432614460662     
        1186   2.0239094643189528     
        1187   2.0213250058606258     
        1188   2.0182784386242001     
        1189   2.0148873044213507     
        1190   2.0113212893933281     
        1191   2.0079675122453144     
        1192   2.0054701983073451     
        1193   2.0045201470885785     
        1194   2.0054829842520800     
        1195   2.0081614866235613     
        1196   2.0118888387293583     
        1197   2.0158368253991221     
        1198   2.0192979490576892     
        1199   2.0218390190330742     
        1200   2.0233744038901320     
        1201   2.0242075474022467     
        1202   2.0249833894159770     
        1203   2.0264443414265307     
        1204   2.0290156107823161     
        1205   2.0324957664892960     
        1206   2.0361715334098087     
        1207   2.0392924533890882     
        1208   2.0414886992480978     
        1209   2.0428711238032622     
        1210   2.0438723939527641     
        1211   2.0449743947117538     
        1212   2.0464464256279524     
        1213   2.0482438844690205     
        1214   2.0501274735668633     
        1215   2.0518415351297512     
        1216   2.0531812725300704     
        1217   2.0539811504675618     
        1218   2.0541246472177010     
        1219   2.0535861364466923     
        1220   2.0524599426378005     
        1221   2.0509475609372290     
        1222   2.0493068233174694     
        1223   2.0477929491530800     
        1224   2.0466297170256658     
        1225   2.0460151173808723     
        1226   2.0461052748097277     
        1227   2.0469287055912755     
        1228   2.0482952309366418     
        1229   2.0498223157817228     
        1230   2.0510861917583516     
        1231   2.0517709535943021     
        1232   2.0517154481353423     
        1233   2.0508757118165160     
        1234   2.0492794690870508     
        1235   2.0470189319425360     
        1236   2.0442665137630640     
        1237   2.0412691240716971     
        1238   2.0383021942287605     
        1239   2.0356054837233439     
        1240   2.0333389753519069     
        1241   2.0315849915773474     
        1242   2.0303839506492318     
        1243   2.0297489426080260     
        1244   2.0296431400572166     
        1245   2.0300234620372346     
        1246   2.0309963475691046     
        1247   2.0328426954186902     
        1248   2.0357138355399593     
        1249   2.0393471895251118     
        1250   2.0432063658282029     
        1251   2.0467955036242680     
        1252   2.0497728847482874     
        1253   2.0519232990579521     
        1254   2.0531548201374616     
        1255   2.0535214344856021     
        1256   2.0532044168540655     
        1257   2.0524334393132579     
        1258   2.0513933817919319     
        1259   2.0501773533861258     
        1260   2.0488079973272852     
        1261   2.0473099280021625     
        1262   2.0457934667747648     
        1263   2.0444864438469557     
        1264   2.0436593915248733     
        1265   2.0434745474728362     
        1266   2.0438846536003799     
        1267   2.0446733976831419     
        1268   2.0455844899989075     
        1269   2.0464210182943514     
        1270   2.0470718040215434     
        1271   2.0475077963855988     
        1272   2.0477914526896148     
        1273   2.0480842857539838     
        1274   2.0486004150008421     
        1275   2.0494904932705196     
        1276   2.0507235432458502     
        1277   2.0520663960275205     
        1278   2.0531998895983592     
        1279   2.0539228424572156     
        1280   2.0543315222458052     
        1281   2.0548184239890452     
        1282   2.0557974218726467     
        1283   2.0573368495011919     
        1284   2.0590733146465392     
        1285   2.0605011170337391     
        1286   2.0613553574378343     
        1287   2.0618119794084366     
        1288   2.0623931751045501     
        1289   2.0636336355135128     
        1290   2.0657776135729411     
        1291   2.0687272945340180     
        1292   2.0721293666330109     
        1293   2.0754334111247217     
        1294   2.0779841277343469     
        1295   2.0792071091151163     
        1296   2.0787833876779529     
        1297   2.0767174325385711     
        1298   2.0733097899696968     
        1299   2.0690821917411255     
        1300   2.0646911224601778     
        1301   2.0608418064121841     
        1302   2.0581785101124983     
        1303   2.0571259385626375     
        1304   2.0577364741448334     
        1305   2.0596667569796234     
        1306   2.0623257019764876     
        1307   2.0650812599569952     
        1308   2.0673888444303259     
        1309   2.0688245243000893     
        1310   2.0690959115750229     
        1311   2.0680718742799789     
        1312   2.0658042315404703     
        1313   2.0625035778345735     
        1314   2.0584680702591007     
        1315   2.0540011099647160     
        1316   2.0493649927281981     
        1317   2.0447891399644695     
        1318   2.0405034230086376     
        1319   2.0367606749738192     
        1320   2.0338514166948896     
        1321   2.0321134875189357     
        1322   2.0318790932609603     
        1323   2.0333125892014547     
        1324   2.0362431322218613     
        1325   2.0401746534440020     
        1326   2.0444880357922068     
        1327   2.0486644895959527     
        1328   2.0523932086034060     
        1329   2.0555605784558266     
        1330   2.0581778300441207     
        1331   2.0602985137138328     
        1332   2.0619619039687609     
        1333   2.0631731158455291     
        1334   2.0639034890055812     
        1335   2.0640930197039804     
        1336   2.0636576525551540     
        1337   2.0625217121598101     
        1338   2.0606938567655599     
        1339   2.0583784483624536     
        1340   2.0560518878462832     
        1341   2.0543643306019308     
        1342   2.0538092728474902     
        1343   2.0543959667228404     
        1344   2.0556561130186206     
        1345   2.0569700301568048     
        1346   2.0579022401113454     
        1347   2.0583248984918519     
        1348   2.0583349682028338     
        1349   2.0580922537181929     
        1350   2.0576957447444011     
        1351   2.0571449735674063     
        1352   2.0563676174388856     
        1353   2.0552711600366833     
        1354   2.0537893924121233     
        1355   2.0519125710648072     
        1356   2.0496949846837222     
        1357   2.0472362354494411     
        1358   2.0446480577934691     
        1359   2.0420361690783047     
        1360   2.0395208063504833     
        1361   2.0372816333717121     
        1362   2.0355727605777192     
        1363   2.0346641057349046     
        1364   2.0347319715455279     
        1365   2.0357757117462025     
        1366   2.0376139282857451     
        1367   2.0399414538007563     
        1368   2.0423976847644743     
        1369   2.0446271351459941     
        1370   2.0463370344575371     
        1371   2.0473474422672449     
        1372   2.0476193307103703     
        1373   2.0472508778358569     
        1374   2.0464411555875905     
        1375   2.0454303095730699     
        1376   2.0444360143785780     
        1377   2.0436123778878579     
        1378   2.0430479420214525     
        1379   2.0427916205368546     
        1380   2.0428743204473583     
        1381   2.0433010352236205     
        1382   2.0440207983987211     
        1383   2.0449136756462973     
        1384   2.0458265249211136     
        1385   2.0466330768882397     
        1386   2.0472520847589371     
        1387   2.0476008065120617     
        1388   2.0475490672881644     
        1389   2.0469543878832397     
        1390   2.0457694546281662     
        1391   2.0441235108260565     
        1392   2.0422951777810323     
        1393   2.0406018866698683     
        1394   2.0393172990266648     
        1395   2.0386720631108530     
        1396   2.0388204403597148     
        1397   2.0396616056420629     
        1398   2.0407421328176714     
        1399   2.0415240300341377     
        1400   2.0417641802535105     
        1401   2.0415713301101506     
        1402   2.0411889223898991     
        1403   2.0408257340520555     
        1404   2.0406438681511840     
        1405   2.0407906532965945     
        1406   2.0413862684691013     
        1407   2.0424801852038788     
        1408   2.0440160256225095     
        1409   2.0458260224158615     
        1410   2.0476596913760572     
        1411   2.0492432435741081     
        1412   2.0503573707733818     
        1413   2.0509078285679982     
        1414   2.0509578627116847     
        1415   2.0507026299857372     
        1416   2.0503913242927556     
        1417   2.0502321602158022     
        1418   2.0503269188326585     
        1419   2.0506599982971596     
        1420   2.0511298113361671     
        1421   2.0515962024558902     
        1422   2.0519395674692125     
        1423   2.0521433791183092     
        1424   2.0523655715897906     
        1425   2.0528839719424941     
        1426   2.0538659435238062     
        1427   2.0551695526351961     
        1428   2.0564294328095158     
        1429   2.0573332466350434     
        1430   2.0577953850695452     
        1431   2.0579267266711807     
        1432   2.0579030191180090     
        1433   2.0578536065380941     
        1434   2.0578220425137768     
        1435   2.0577844859926504     
        1436   2.0576885634346369     
        1437   2.0574894882034869     
        1438   2.0571753254411362     
        1439   2.0567697198939929     
        1440   2.0563038440342365     
        1441   2.0557822702153556     
        1442   2.0551877907908209     
        1443   2.0545297260548749     
        1444   2.0538750224625661     
        1445   2.0533053151497227     
        1446   2.0528355755997021     
        1447   2.0523903797026271     
        1448   2.0518677344637939     
        1449   2.0512243989485572     
        1450   2.0505167782313314     
        1451   2.0498840143783652     
        1452   2.0494844728942061     
        1453   2.0494051909151656     
        1454   2.0495775919603316     
        1455   2.0497427227465224     
        1456   2.0495100902455672     
        1457   2.0485299903875358     
        1458   2.0467322266483743     
        1459   2.0444891732680199     
        1460   2.0424890277113432     
        1461   2.0412660691887177     
        1462   2.0408073586865725     
        1463   2.0407019464646265     
        1464   2.0405885663265999     
        1465   2.0403699688314161     
        1466   2.0401324112855974     
        1467   2.0400089945608451     
        1468   2.0401303664869208     
        1469   2.0406472855801563     
        1470   2.0417311457261960     
        1471   2.0434925360230927     
        1472   2.0458821133193728     
        1473   2.0486876501030395     
        1474   2.0516284356520416     
        1475   2.0544514931217646     
        1476   2.0569705823502744     
        1477   2.0590538217245289     
        1478   2.0605880629029061     
        1479   2.0614566951298539     
        1480   2.0615648292248840     
        1481   2.0608986661149840     
        1482   2.0595521584550425     
        1483   2.0576780940628612     
        1484   2.0554029768886428     
        1485   2.0527846117700146     
        1486   2.0498516139950147     
        1487   2.0466923573711528     
        1488   2.0435177362030172     
        1489   2.0406342218163949     
        1490   2.0383266202193528     
        1491   2.0367299290684162     
        1492   2.0357932814259874     
        1493   2.0353643179194369     
        1494   2.0353191382867353     
        1495   2.0356339178200327     
        1496   2.0363520075807675     
        1497   2.0374840801044156     
        1498   2.0389300595448363     
        1499   2.0404885131154442     
        1500   2.0419284297388396     
        1501   2.0430453204200916     
        1502   2.0436721212558853     
        1503   2.0436820774503173     
        1504   2.0430376104339958     
        1505   2.0419115777763599     
        1506   2.0408113442117468     
        1507   2.0404987879370799     
        1508   2.0415713427415598     
        1509   2.0439962180118751     
        1510   2.0471096133775557     
        1511   2.0500963684573121     
        1512   2.0524574787916285     
        1513   2.0541263036392197     
        1514   2.0552710429677949     
        1515   2.0559937129956860     
        1516   2.0561574038503676     
        1517   2.0554585790965398     
        1518   2.0536592203354131     
        1519   2.0508123257618314     
        1520   2.0473760368104421     
        1521   2.0441552868668325     
        1522   2.0420360335199774     
        1523   2.0416124454687528     
        1524   2.0429554518551365     
        1525   2.0456833243589712     
        1526   2.0492157703910436     
        1527   2.0529625307530419     
        1528   2.0563695688911019     
        1529   2.0589562844821643     
        1530   2.0604389781320407     
        1531   2.0608648515851686     
        1532   2.0606219990942947     
        1533   2.0602555843950769     
        1534   2.0601556726570047     
        1535   2.0603337084049369     
        1536   2.0604858212831254     
        1537   2.0602997757789328     
        1538   2.0597595904962902     
        1539   2.0591971443648189     
        1540   2.0590114096907977     
        1541   2.0593110990860639     
        1542   2.0598651198265827     
        1543   2.0603522710194944     
        1544   2.0605815798145719     
        1545   2.0605242731532671     
        1546   2.0602281042683761     
        1547   2.0597230318556980     
        1548   2.0589884347149532     
        1549   2.0579985063533859     
        1550   2.0568080992347513     
        1551   2.0556167950061037     
        1552   2.0547538085976589     
        1553   2.0545625267994856     
        1554   2.0552431730102021     
        1555   2.0567595601643633     
        1556   2.0588449082935458     
        1557   2.0610571979675885     
        1558   2.0628601294315416     
        1559   2.0637444545102550     
        1560   2.0633698880972688     
        1561   2.0616754516673148     
        1562   2.0589189393985627     
        1563   2.0556270573511690     
        1564   2.0524626687863603     
        1565   2.0500453730522761     
        1566   2.0487680459832660     
        1567   2.0486826639935165     
        1568   2.0495658221470734     
        1569   2.0511433578596501     
        1570   2.0532656172670833     
        1571   2.0558827863815603     
        1572   2.0588865789494770     
        1573   2.0619893180922930     
        1574   2.0647522686206456     
        1575   2.0667506638726008     
        1576   2.0677670098261864     
        1577   2.0678719291494634     
        1578   2.0673061369202417     
        1579   2.0662501084825595     
        1580   2.0647162631391609     
        1581   2.0626677130001672     
        1582   2.0602069678423685     
        1583   2.0576502392581162     
        1584   2.0554508063474741     
        1585   2.0540408107530852     
        1586   2.0536883355896767     
        1587   2.0544293933193596     
        1588   2.0560679847799621     
        1589   2.0582128026691504     
        1590   2.0603497147101701     
        1591   2.0619671618926478     
        1592   2.0627109865072182     
        1593   2.0624912717469099     
        1594   2.0614756574998498     
        1595   2.0599826762375466     
        1596   2.0583550685517005     
        1597   2.0568783020504204     
        1598   2.0557400602981013     
        1599   2.0549999609645679     
        1600   2.0545780950366317     
        1601   2.0542951257616133     
        1602   2.0539641420745260     
        1603   2.0534899937484647     
        1604   2.0529213202441676     
        1605   2.0524251099900881     
        1606   2.0521962572102157     
        1607   2.0523540434807832     
        1608   2.0528867082415778     
        1609   2.0536742521623106     
        1610   2.0545668202934695     
        1611   2.0554618766972683     
        1612   2.0563302897019033     
        1613   2.0571809591927153     
        1614   2.0580022274314769     
        1615   2.0587344816937354     
        1616   2.0592931970323325     
        1617   2.0596213920608868     
        1618   2.0597441362310236     
        1619   2.0597973689046620     
        1620   2.0599964118590641     
        1621   2.0605405800591785     
        1622   2.0615102903093945     
        1623   2.0628242991345873     
        1624   2.0642725838182194     
        1625   2.0655914533362294     
        1626   2.0665422459394063     
        1627   2.0669699325058941     
        1628   2.0668280490380138     
        1629   2.0661648183975010     
        1630   2.0650788862948257     
        1631   2.0636666077346981     
        1632   2.0619947982942364     
        1633   2.0601396631036484     
        1634   2.0582987968591389     
        1635   2.0568773140286618     
        1636   2.0563683130735710     
        1637   2.0570097097977889     
        1638   2.0585303192996576     
        1639   2.0602713157997772     
        1640   2.0615371618419620     
        1641   2.0618657066412509     
        1642   2.0611289306759106     
        1643   2.0595128154775737     
        1644   2.0573947415785097     
        1645   2.0551601024583093     
        1646   2.0530675020845104     
        1647   2.0512253453799967     
        1648   2.0496296044337083     
        1649   2.0481952454080243     
        1650   2.0467854504328038     
        1651   2.0452898547933995     
        1652   2.0437489334645140     
        1653   2.0424216643087569     
        1654   2.0417042226721609     
        1655   2.0419409920626053     
        1656   2.0432648188238627     
        1657   2.0455527774362836     
        1658   2.0484697989421621     
        1659   2.0515458788772811     
        1660   2.0542770938706729     
        1661   2.0562383120144481     
        1662   2.0571652834458831     
        1663   2.0569828629010263     
        1664   2.0557947129754073     
        1665   2.0538523277159539     
        1666   2.0514981226422520     
        1667   2.0490837910781829     
        1668   2.0469187748371920     
        1669   2.0453040269393252     
        1670   2.0445656322104448     
        1671   2.0449255629378693     
        1672   2.0462760195413581     
        1673   2.0481537118857087     
        1674   2.0499965309770123     
        1675   2.0514212116056263     
        1676   2.0523139541186559     
        1677   2.0527821123091146     
        1678   2.0530736287389235     
        1679   2.0534811281712368     
        1680   2.0542222093595210     
        1681   2.0553406674413548     
        1682   2.0566916861223734     
        1683   2.0580153147069136     
        1684   2.0590458844386808     
        1685   2.0596137505265544     
        1686   2.0597162999209382     
        1687   2.0595130008487006     
        1688   2.0592045361892564     
        1689   2.0588635209464550     
        1690   2.0583727274192585     
        1691   2.0575324571486648     
        1692   2.0562436618865423     
        1693   2.0546470931436218     
        1694   2.0531198189286823     
        1695   2.0520550694044419     
        1696   2.0515563567281738     
        1697   2.0513753990045531     
        1698   2.0511490790777498     
        1699   2.0506155164880155     
        1700   2.0496349981005646     
        1701   2.0481478944617262     
        1702   2.0461963114271939     
        1703   2.0439707275620287     
        1704   2.0417903251486340     
        1705   2.0400113299676335     
        1706   2.0389276578926951     
        1707   2.0386937363186806     
        1708   2.0392769470888128     
        1709   2.0404907439339515     
        1710   2.0421021185233448     
        1711   2.0439088965864012     
        1712   2.0457474649756571     
        1713   2.0474761784120550     
        1714   2.0489573556689780     
        1715   2.0500513213030924     
        1716   2.0506412294091629     
        1717   2.0506695850228658     
        1718   2.0501481254332417     
        1719   2.0491343495574341     
        1720   2.0476984212516220     
        1721   2.0459003044821196     
        1722   2.0437800467491432     
        1723   2.0413561155779187     
        1724   2.0386277454041650     
        1725   2.0355746219947943     
        1726   2.0321562487741671     
        1727   2.0283495058121250     
        1728   2.0242545431948344     
        1729   2.0202112444063571     
        1730   2.0168199809467366     
        1731   2.0147966479260520     
        1732   2.0146685564097719     
        1733   2.0164682875168669     
        1734   2.0196786045866881     
        1735   2.0234912988168858     
        1736   2.0271609028949982     
        1737   2.0302124065235971     
        1738   2.0324480388839468     
        1739   2.0338512626741170     
        1740   2.0345021081884869     
        1741   2.0345442924136123     
        1742   2.0341755645002859     
        1743   2.0336219232821700     
        1744   2.0330995975539929     
        1745   2.0328022189931167     
        1746   2.0329128796513301     
        1747   2.0335834592893751     
        1748   2.0348464447967594     
        1749   2.0365203027262209     
        1750   2.0382216176314460     
        1751   2.0395153209485843     
        1752   2.0400938032493956     
        1753   2.0398495658043068     
        1754   2.0388219618814603     
        1755   2.0371090064082282     
        1756   2.0348364301620450     
        1757   2.0321999659339154     
        1758   2.0295240146114306     
        1759   2.0272535785201531     
        1760   2.0258178758048890     
        1761   2.0253874312792162     
        1762   2.0256888210190946     
        1763   2.0260983027524908     
        1764   2.0260582921517760     
        1765   2.0255927787839183     
        1766   2.0255233412390035     
        1767   2.0269709146410535     
        1768   2.0303082236214958     
        1769   2.0346768199469536     
        1770   2.0386842223532438     
        1771   2.0413488897461369     
        1772   2.0423959153278179     
        1773   2.0420576931476631     
        1774   2.0407997261786672     
        1775   2.0391226037133410     
        1776   2.0374406113793451     
        1777   2.0360350869577593     
        1778   2.0350811284283932     
        1779   2.0347036548895536     
        1780   2.0349889647223756     
        1781   2.0359257207852592     
        1782   2.0373354288423866     
        1783   2.0388762683390582     
        1784   2.0401525675769001     
        1785   2.0409013741568187     
        1786   2.0411520793902453     
        1787   2.0411634724549534     
        1788   2.0410706211594758     
        1789   2.0405965410701712     
        1790   2.0392110309575080     
        1791   2.0365245569275667     
        1792   2.0324965045585905     
        1793   2.0274158697131881     
        1794   2.0218156583775424     
        1795   2.0163768084946132     
        1796   2.0117821057701590     
        1797   2.0085318042163824     
        1798   2.0068269069790077     
        1799   2.0065880262713613     
        1800   2.0075513504229350     
        1801   2.0093681208324075     
        1802   2.0117167594791838     
        1803   2.0144499033630288     
        1804   2.0176941006363074     
        1805   2.0217331722071958     
        1806   2.0266619956406000     
        1807   2.0321216121234347     
        1808   2.0374034996001087     
        1809   2.0417775733434991     
        1810   2.0447236849918640     
        1811   2.0459884320928508     
        1812   2.0455703900729549     
        1813   2.0436967658107368     
        1814   2.0407788203598134     
        1815   2.0373318723238896     
        1816   2.0338845826699803     
        1817   2.0309118265135835     
        1818   2.0287883216188822     
        1819   2.0277477563309039     
        1820   2.0278749228000312     
        1821   2.0291511662588273     
        1822   2.0314922811282479     
        1823   2.0347228846585121     
        1824   2.0385355000901928     
        1825   2.0425064405912874     
        1826   2.0461703074954314     
        1827   2.0491128653889437     
        1828   2.0510502570400093     
        1829   2.0518812484936406     
        1830   2.0517117771920503     
        1831   2.0508423649961132     
        1832   2.0496810468280597     
        1833   2.0485657799641253     
        1834   2.0475863122789266     
        1835   2.0465440498120411     
        1836   2.0450684102518930     
        1837   2.0427851136366444     
        1838   2.0394547492776032     
        1839   2.0350871008482634     
        1840   2.0300630668763633     
        1841   2.0251927316755056     
        1842   2.0215007328966936     
        1843   2.0197208662150969     
        1844   2.0199528151696606     
        1845   2.0218049009976728     
        1846   2.0247218565128482     
        1847   2.0282031022131890     
        1848   2.0319389911842998     
        1849   2.0358370267196779     
        1850   2.0398600060822800     
        1851   2.0437977916671612     
        1852   2.0472196234983771     
        1853   2.0496772407910586     
        1854   2.0509590440826444     
        1855   2.0511728766651167     
        1856   2.0506388364928694     
        1857   2.0497319374466221     
        1858   2.0487880668958618     
        1859   2.0480727417565228     
        1860   2.0477766106100526     
        1861   2.0480363170066358     
        1862   2.0489592429479333     
        1863   2.0505901327361489     
        1864   2.0528190853895407     
        1865   2.0553354808248048     
        1866   2.0577154334189611     
        1867   2.0595927565866061     
        1868   2.0607840100835051     
        1869   2.0612964653999764     
        1870   2.0612472493811937     
        1871   2.0607636472498432     
        1872   2.0599177098326478     
        1873   2.0587146075505918     
        1874   2.0571266598014795     
        1875   2.0551486293043904     
        1876   2.0528409308526445     
        1877   2.0503298456538848     
        1878   2.0477587591418107     
        1879   2.0452251288770342     
        1880   2.0427549776642033     
        1881   2.0403365626099141     
        1882   2.0379891751365600     
        1883   2.0358195362823950     
        1884   2.0340209661377240     
        1885   2.0327920064854337     
        1886   2.0322021110876185     
        1887   2.0321004813464723     
        1888   2.0321685694745804     
        1889   2.0321001889176413     
        1890   2.0317679016535610     
        1891   2.0312540621299582     
        1892   2.0307549205249855     
        1893   2.0304521080901172     
        1894   2.0304280445631306     
        1895   2.0306506257302135     
        1896   2.0310211588175471     
        1897   2.0314502433912636     
        1898   2.0319052087831997     
        1899   2.0323985110830947     
        1900   2.0329421699460455     
        1901   2.0335131898021475     
        1902   2.0340413156962303     
        1903   2.0343983339033223     
        1904   2.0343858204805971     
        1905   2.0337610103680723     
        1906   2.0323477621436346     
        1907   2.0302304443718668     
        1908   2.0279341238955024     
        1909   2.0263835127443768     
        1910   2.0264683035191071     
        1911   2.0284286969285561     
        1912   2.0316549640123287     
        1913   2.0351236052022776     
        1914   2.0379621721983345     
        1915   2.0396597565120183     
        1916   2.0399821005147385     
        1917   2.0388565777264747     
        1918   2.0363646064681320     
        1919   2.0328436580248752     
        1920   2.0290206379511169     
        1921   2.0260025228670138     
        1922   2.0249018629351343     
        1923   2.0261665605488193     
        1924   2.0292210482805517     
        1925   2.0328630369262939     
        1926   2.0359757707552282     
        1927   2.0379179921807102     
        1928   2.0385271004079382     
        1929   2.0379875157118801     
        1930   2.0367110658151866     
        1931   2.0352148226871796     
        1932   2.0339575228437288     
        1933   2.0331921556209220     
        1934   2.0329392341346337     
        1935   2.0330848076305812     
        1936   2.0335053681342719     
        1937   2.0341398167359377     
        1938   2.0350007796114533     
        1939   2.0361559917703254     
        1940   2.0376946035808365     
        1941   2.0396660448882153     
        1942   2.0419954749611571     
        1943   2.0444237584621159     
        1944   2.0465279815921233     
        1945   2.0478337205237627     
        1946   2.0479702781945175     
        1947   2.0467926645311101     
        1948   2.0444165089235096     
        1949   2.0411615350337375     
        1950   2.0374471856227117     
        1951   2.0337011877359070     
        1952   2.0302958257384303     
        1953   2.0274625613244206     
        1954   2.0251886779865331     
        1955   2.0232170646518970     
        1956   2.0212140345857930     
        1957   2.0190025944831356     
        1958   2.0167285715624845     
        1959   2.0148950959360064     
        1960   2.0141865505850491     
        1961   2.0150261657983095     
        1962   2.0171902342854433     
        1963   2.0199983562864832     
        1964   2.0228979456652501     
        1965   2.0257434721530121     
        1966   2.0285726402889073     
        1967   2.0313084821542331     
        1968   2.0338094666188553     
        1969   2.0361462017974685     
        1970   2.0386514722006233     
        1971   2.0416209171289590     
        1972   2.0450127392060193     
        1973   2.0484605723528677     
        1974   2.0515141008787592     
        1975   2.0538449564123931     
        1976   2.0552965727990924     
        1977   2.0558223115951972     
        1978   2.0554108796172401     
        1979   2.0540647512106545     
        1980   2.0518325112688163     
        1981   2.0488557611598979     
        1982   2.0453859328578674     
        1983   2.0417413722495481     
        1984   2.0382147808096547     
        1985   2.0349822956461203     
        1986   2.0320634538980848     
        1987   2.0293514518784912     
        1988   2.0267073373096487     
        1989   2.0240699569774612     
        1990   2.0215047746106438     
        1991   2.0191606196085421     
        1992   2.0171792387822918     
        1993   2.0156249755012534     
        1994   2.0144757317942608     
        1995   2.0136856854579288     
        1996   2.0132871894052320     
        1997   2.0134433315822697     
        1998   2.0143693644897258     
        1999   2.0161561599605493     
        2000   2.0186419265144608     
