           1   0.0000000000000000     
           2 -0.23776472294444118     
           3 -0.23820700563774647     
           4 -0.23884757370975512     
           5 -0.23968773379501068     
           6 -0.24072907672844224     
           7 -0.24197350160098988     
           8 -0.24342337901030306     
           9 -0.24508148886339023     
          10 -0.24695083659911587     
          11 -0.24903463880704091     
          12 -0.25133627818123200     
          13 -0.25385919781352184     
          14 -0.25660677979024787     
          15 -0.25958226324138189     
          16 -0.26278852840884209     
          17 -0.26622784855118214     
          18 -0.26990157458630942     
          19 -0.27380959551849759     
          20 -0.27794985571710890     
          21 -0.28231751477714390     
          22 -0.28690404447848555     
          23 -0.29169599075907721     
          24 -0.29667349365106671     
          25 -0.30180856559242214     
          26 -0.30706308924386788     
          27 -0.31238686323219983     
          28 -0.31771630700119452     
          29 -0.32297436610286417     
          30 -0.32807236764783310     
          31 -0.33291412854743346     
          32 -0.33740188327041126     
          33 -0.34144191494502851     
          34 -0.34494766185913495     
          35 -0.34784119984331763     
          36 -0.35005991707879225     
          37 -0.35157578444706850     
          38 -0.35242535132021435     
          39 -0.35273523261861933     
          40 -0.35272916085468770     
          41 -0.35271203140176055     
          42 -0.35302651067850160     
          43 -0.35397768162121906     
          44 -0.35574562754720901     
          45 -0.35833864750115663     
          46 -0.36162324223171066     
          47 -0.36541035944833200     
          48 -0.36954330529539053     
          49 -0.37394270579551930     
          50 -0.37859603343664006     
          51 -0.38351476184073596     
          52 -0.38870097356256061     
          53 -0.39414606838506061     
          54 -0.39984716076059984     
          55 -0.40581467314135639     
          56 -0.41205490882847340     
          57 -0.41853172261753185     
          58 -0.42513927939451279     
          59 -0.43172232606675226     
          60 -0.43813433209349711     
          61 -0.44428758323924350     
          62 -0.45016679117009922     
          63 -0.45581410517582155     
          64 -0.46130488794337843     
          65 -0.46672526912250778     
          66 -0.47215349594192552     
          67 -0.47764536730892349     
          68 -0.48322542595771334     
          69 -0.48888423258807184     
          70 -0.49457746579743239     
          71 -0.50022116645465498     
          72 -0.50568673130752761     
          73 -0.51081243273698540     
          74 -0.51544640665528185     
          75 -0.51951121936733524     
          76 -0.52305021885607061     
          77 -0.52621293528810265     
          78 -0.52917718116629531     
          79 -0.53205778824572103     
          80 -0.53486172355299821     
          81 -0.53750674450831848     
          82 -0.53987699033345038     
          83 -0.54188638561164459     
          84 -0.54353324387139434     
          85 -0.54493060405015070     
          86 -0.54630104827358872     
          87 -0.54793707205885744     
          88 -0.55013294263544632     
          89 -0.55309814015355352     
          90 -0.55688734303736454     
          91 -0.56139902839969757     
          92 -0.56645166640952915     
          93 -0.57187446771585126     
          94 -0.57754147826634183     
          95 -0.58334122720788972     
          96 -0.58913061920640797     
          97 -0.59472613306574795     
          98 -0.59994776680060780     
          99 -0.60468905794972083     
         100 -0.60897056823896600     
         101 -0.61294445977395806     
         102 -0.61684081652178702     
         103 -0.62085998957419242     
         104 -0.62503679978505389     
         105 -0.62914923435209502     
         106 -0.63276138551276828     
         107 -0.63539803902005709     
         108 -0.63673199861320373     
         109 -0.63667519286078966     
         110 -0.63536862938463190     
         111 -0.63313401754631282     
         112 -0.63043373824380711     
         113 -0.62782834326127479     
         114 -0.62589431883611180     
         115 -0.62509794225954651     
         116 -0.62567518720663284     
         117 -0.62758770962925159     
         118 -0.63058255787232542     
         119 -0.63431567731640148     
         120 -0.63846492202848448     
         121 -0.64278003605405709     
         122 -0.64706953629113451     
         123 -0.65116235809744905     
         124 -0.65487621171053212     
         125 -0.65800207412534562     
         126 -0.66031985467862719     
         127 -0.66165724336678633     
         128 -0.66197120832499079     
         129 -0.66140342757790838     
         130 -0.66027566868819787     
         131 -0.65902541392393521     
         132 -0.65810164101681923     
         133 -0.65784843416013283     
         134 -0.65841686074461125     
         135 -0.65974589393845384     
         136 -0.66161966871216393     
         137 -0.66375680064929388     
         138 -0.66586734501688505     
         139 -0.66765406148559781     
         140 -0.66880226858401681     
         141 -0.66902241128507289     
         142 -0.66816341982557437     
         143 -0.66635109081704136     
         144 -0.66405278638552712     
         145 -0.66193669045710435     
         146 -0.66050902294809277     
         147 -0.65983187398922338     
         148 -0.65963490432949723     
         149 -0.65964178314652377     
         150 -0.65974402316304814     
         151 -0.65996528746014016     
         152 -0.66035828260476215     
         153 -0.66092978017586368     
         154 -0.66161438490715452     
         155 -0.66229771778629853     
         156 -0.66288748938952569     
         157 -0.66340639625904241     
         158 -0.66405216767430308     
         159 -0.66516654532023045     
         160 -0.66709537542781261     
         161 -0.67000655758343441     
         162 -0.67380156721602280     
         163 -0.67818927863120981     
         164 -0.68282346316794695     
         165 -0.68735890951320600     
         166 -0.69141874064325470     
         167 -0.69458387878969963     
         168 -0.69647491877547507     
         169 -0.69688370619330731     
         170 -0.69586742406901303     
         171 -0.69375225909936278     
         172 -0.69104199470425975     
         173 -0.68826882219843954     
         174 -0.68585556966310324     
         175 -0.68404997656625099     
         176 -0.68293984580268507     
         177 -0.68251801170629933     
         178 -0.68275806119455429     
         179 -0.68365838666271239     
         180 -0.68522019312819793     
         181 -0.68737467851777478     
         182 -0.68993138440385515     
         183 -0.69260571865727760     
         184 -0.69510232696831453     
         185 -0.69718306934742236     
         186 -0.69868723926323828     
         187 -0.69952596576015880     
         188 -0.69968100052200621     
         189 -0.69921153617406240     
         190 -0.69825072302705105     
         191 -0.69697584775321886     
         192 -0.69555783278420324     
         193 -0.69411452785874794     
         194 -0.69269416483101898     
         195 -0.69129663116210238     
         196 -0.68991850048843018     
         197 -0.68860110811288067     
         198 -0.68746571918673094     
         199 -0.68671906366513202     
         200 -0.68660890296801214     
         201 -0.68732646763003269     
         202 -0.68889512162794764     
         203 -0.69111294783969701     
         204 -0.69359522946097907     
         205 -0.69590607470557642     
         206 -0.69771944825130860     
         207 -0.69893055904075529     
         208 -0.69965725302121440     
         209 -0.70013532881808394     
         210 -0.70057900625864233     
         211 -0.70109383952971549     
         212 -0.70168387127420739     
         213 -0.70232840345201297     
         214 -0.70305319799225063     
         215 -0.70392551856630292     
         216 -0.70497303417628321     
         217 -0.70610669144207860     
         218 -0.70713428435959991     
         219 -0.70786364448012229     
         220 -0.70821321406287185     
         221 -0.70825349517439851     
         222 -0.70815014768550288     
         223 -0.70803301764497262     
         224 -0.70789225658324839     
         225 -0.70760960194694456     
         226 -0.70709275545996619     
         227 -0.70637667505167279     
         228 -0.70562532387318644     
         229 -0.70507403186355988     
         230 -0.70496688547811226     
         231 -0.70550289102555830     
         232 -0.70678001344638330     
         233 -0.70874619600906863     
         234 -0.71119178157172103     
         235 -0.71380127792876780     
         236 -0.71623741011139608     
         237 -0.71821517320847861     
         238 -0.71954940944208856     
         239 -0.72018409467234068     
         240 -0.72021003995866750     
         241 -0.71985932852283918     
         242 -0.71945248426617037     
         243 -0.71929250487246155     
         244 -0.71954977082611771     
         245 -0.72020902325651692     
         246 -0.72111435683559533     
         247 -0.72208213540901800     
         248 -0.72300368823360628     
         249 -0.72385860621113518     
         250 -0.72463649837318234     
         251 -0.72526318379948129     
         252 -0.72560954184916127     
         253 -0.72557223140759997     
         254 -0.72519118666316851     
         255 -0.72475009782040534     
         256 -0.72473393500225491     
         257 -0.72555880845182319     
         258 -0.72725243435956932     
         259 -0.72941467671218385     
         260 -0.73147622969165793     
         261 -0.73295312505759946     
         262 -0.73354012299823745     
         263 -0.73312116106371594     
         264 -0.73176310247969245     
         265 -0.72967658485359299     
         266 -0.72713331651327329     
         267 -0.72438225160622638     
         268 -0.72163151601603559     
         269 -0.71912452584888320     
         270 -0.71724889111459478     
         271 -0.71652267089355226     
         272 -0.71733794628309322     
         273 -0.71961398320095082     
         274 -0.72274065626349515     
         275 -0.72591839149071480     
         276 -0.72856256670918795     
         277 -0.73047564780020513     
         278 -0.73178983134862874     
         279 -0.73281543759015311     
         280 -0.73389356534737182     
         281 -0.73529083919150184     
         282 -0.73712950516887688     
         283 -0.73933888942871306     
         284 -0.74164432116054546     
         285 -0.74362830383228962     
         286 -0.74486373086541702     
         287 -0.74506836690974187     
         288 -0.74420119873329826     
         289 -0.74242371527462847     
         290 -0.73995974730688663     
         291 -0.73705556385942261     
         292 -0.73413512364570965     
         293 -0.73188504561464618     
         294 -0.73099724386965981     
         295 -0.73175928324880013     
         296 -0.73392276472734042     
         297 -0.73690511826932081     
         298 -0.74005409773378339     
         299 -0.74283769818910916     
         300 -0.74496607702494966     
         301 -0.74643041157938272     
         302 -0.74743284466965199     
         303 -0.74823012236417030     
         304 -0.74897315842308398     
         305 -0.74964135134600596     
         306 -0.75010531561581306     
         307 -0.75025537018856847     
         308 -0.75009381601171277     
         309 -0.74972373667372705     
         310 -0.74923880546899402     
         311 -0.74860673165729186     
         312 -0.74766449212384400     
         313 -0.74624844537331492     
         314 -0.74436516286925658     
         315 -0.74228867020758837     
         316 -0.74050106153074224     
         317 -0.73944482750744778     
         318 -0.73922722847840971     
         319 -0.73957399888598696     
         320 -0.74009257119837235     
         321 -0.74055028515278798     
         322 -0.74094577351439894     
         323 -0.74141922366155111     
         324 -0.74213118871656514     
         325 -0.74317803772847746     
         326 -0.74453776961937224     
         327 -0.74604129857829704     
         328 -0.74742038826437884     
         329 -0.74844395306596745     
         330 -0.74903284464117015     
         331 -0.74925280583964604     
         332 -0.74922464297231262     
         333 -0.74904984194185253     
         334 -0.74879027979210844     
         335 -0.74848604672841046     
         336 -0.74818217609125359     
         337 -0.74791266570727233     
         338 -0.74765448909382137     
         339 -0.74739224718198716     
         340 -0.74725471797982390     
         341 -0.74742096512839196     
         342 -0.74786750098369026     
         343 -0.74836992792859780     
         344 -0.74870187168073987     
         345 -0.74872873309898336     
         346 -0.74840329601585098     
         347 -0.74777046561295546     
         348 -0.74698410570345630     
         349 -0.74630455268338824     
         350 -0.74605192306301327     
         351 -0.74649989005540462     
         352 -0.74773807922819424     
         353 -0.74959014081032682     
         354 -0.75166656005127253     
         355 -0.75353575823208263     
         356 -0.75491384332897904     
         357 -0.75577734536353358     
         358 -0.75635050014440819     
         359 -0.75696461975033902     
         360 -0.75786819363822910     
         361 -0.75912892186079195     
         362 -0.76066989974650479     
         363 -0.76233889184703441     
         364 -0.76395234891078723     
         365 -0.76534663906205180     
         366 -0.76643079414499016     
         367 -0.76718520521054134     
         368 -0.76760237322515612     
         369 -0.76763460586535259     
         370 -0.76720718105031682     
         371 -0.76628362370276815     
         372 -0.76490621188192498     
         373 -0.76315574070620751     
         374 -0.76107397628453666     
         375 -0.75865050387620814     
         376 -0.75588353207926928     
         377 -0.75281645738673653     
         378 -0.74951499878724848     
         379 -0.74605986985781503     
         380 -0.74258686589952438     
         381 -0.73931997836566177     
         382 -0.73656034042938123     
         383 -0.73464904705420109     
         384 -0.73392213682467777     
         385 -0.73463782606419126     
         386 -0.73685974903125095     
         387 -0.74035419859542229     
         388 -0.74460161306343309     
         389 -0.74895116759391689     
         390 -0.75283165052303291     
         391 -0.75589335962800075     
         392 -0.75802585456407623     
         393 -0.75928801668403778     
         394 -0.75981713368753723     
         395 -0.75975845596573111     
         396 -0.75922170370297237     
         397 -0.75825875902035589     
         398 -0.75686145824274009     
         399 -0.75498283170733960     
         400 -0.75257781159290804     
         401 -0.74964976611918321     
         402 -0.74628826238231971     
         403 -0.74268854180450983     
         404 -0.73914715023162481     
         405 -0.73602467272671679     
         406 -0.73366334038025482     
         407 -0.73227246793948864     
         408 -0.73184611143627443     
         409 -0.73218688752799221     
         410 -0.73301898199834115     
         411 -0.73408527982341987     
         412 -0.73515838231291586     
         413 -0.73600685005265198     
         414 -0.73641010093784043     
         415 -0.73625494841045003     
         416 -0.73564274914908945     
         417 -0.73489370919556407     
         418 -0.73440057584696294     
         419 -0.73440693085125563     
         420 -0.73486182995551708     
         421 -0.73545626397150288     
         422 -0.73581933091919349     
         423 -0.73575405033087116     
         424 -0.73538451795443427     
         425 -0.73514128442145876     
         426 -0.73558578644368977     
         427 -0.73715699785445155     
         428 -0.73998618630517909     
         429 -0.74388828419070918     
         430 -0.74847976704473151     
         431 -0.75329058691573114     
         432 -0.75783410664043194     
         433 -0.76168102159968376     
         434 -0.76453626142959374     
         435 -0.76627076555229490     
         436 -0.76688729990114290     
         437 -0.76645313019311256     
         438 -0.76505767981539496     
         439 -0.76282235206439863     
         440 -0.75992696060653775     
         441 -0.75659160829935679     
         442 -0.75301483702021232     
         443 -0.74935105356094656     
         444 -0.74578313066197421     
         445 -0.74264135168055978     
         446 -0.74043724921499476     
         447 -0.73965599201819787     
         448 -0.74034900468425036     
         449 -0.74194588354354307     
         450 -0.74357163343158716     
         451 -0.74453314552198491     
         452 -0.74455637142844155     
         453 -0.74375897711441419     
         454 -0.74251649269660003     
         455 -0.74130545093842926     
         456 -0.74054401744207754     
         457 -0.74046366817710607     
         458 -0.74106886183019793     
         459 -0.74220050186527975     
         460 -0.74364432424036597     
         461 -0.74520116527790781     
         462 -0.74669260858811382     
         463 -0.74794067557916699     
         464 -0.74877024951514271     
         465 -0.74903557416864985     
         466 -0.74863192475439611     
         467 -0.74747519907538540     
         468 -0.74550049029473819     
         469 -0.74273418115541923     
         470 -0.73939109739011688     
         471 -0.73587678944335211     
         472 -0.73268163088712790     
         473 -0.73028028933983169     
         474 -0.72906318239449164     
         475 -0.72919140523369741     
         476 -0.73040748363697339     
         477 -0.73205371531425878     
         478 -0.73338661838357178     
         479 -0.73395412405210081     
         480 -0.73381945697151141     
         481 -0.73354726896018152     
         482 -0.73388311761339176     
         483 -0.73523862150985597     
         484 -0.73742004225964819     
         485 -0.73990483879119440     
         486 -0.74230031733693058     
         487 -0.74444409159308200     
         488 -0.74619537751482368     
         489 -0.74729397230147832     
         490 -0.74741571900418635     
         491 -0.74630440072543369     
         492 -0.74388117177051027     
         493 -0.74033180477461957     
         494 -0.73616887082193683     
         495 -0.73219324598824020     
         496 -0.72927426419342511     
         497 -0.72800110137726970     
         498 -0.72842432105983890     
         499 -0.73011750571277734     
         500 -0.73253565951176691     
         501 -0.73533355166059733     
         502 -0.73837622321346408     
         503 -0.74156783229801204     
         504 -0.74478301520535517     
         505 -0.74794883377728649     
         506 -0.75110967672726026     
         507 -0.75437192092183314     
         508 -0.75777874071943496     
         509 -0.76121798634113613     
         510 -0.76442067015922621     
         511 -0.76703997591468920     
         512 -0.76875650184370625     
         513 -0.76935269339749579     
         514 -0.76872662543107384     
         515 -0.76686861967789210     
         516 -0.76390294236347844     
         517 -0.76030884161025991     
         518 -0.75714564684435570     
         519 -0.75563066471311968     
         520 -0.75605457460306547     
         521 -0.75755766878928421     
         522 -0.75912160517747529     
         523 -0.76022333995900482     
         524 -0.76071272330682438     
         525 -0.76053480190391898     
         526 -0.75960309900151479     
         527 -0.75779032828090032     
         528 -0.75497386310585279     
         529 -0.75112204552992379     
         530 -0.74640844868661915     
         531 -0.74129360120996102     
         532 -0.73648330218227365     
         533 -0.73273532298169097     
         534 -0.73063586088639398     
         535 -0.73053635482257484     
         536 -0.73265468640513565     
         537 -0.73708337516487721     
         538 -0.74357554200401976     
         539 -0.75142575153910485     
         540 -0.75973243956227710     
         541 -0.76779230726521641     
         542 -0.77525542462387276     
         543 -0.78202588518828731     
         544 -0.78809953514014264     
         545 -0.79346558255527722     
         546 -0.79808088932911958     
         547 -0.80187220642242962     
         548 -0.80473194862441810     
         549 -0.80650569522625881     
         550 -0.80698791987510765     
         551 -0.80594758182731996     
         552 -0.80319694206045611     
         553 -0.79869828906549933     
         554 -0.79266825949369046     
         555 -0.78562782370686701     
         556 -0.77838602927207090     
         557 -0.77196263874153681     
         558 -0.76736008637516240     
         559 -0.76513177791050391     
         560 -0.76507752582643307     
         561 -0.76645810789754720     
         562 -0.76850496488673581     
         563 -0.77073139581325423     
         564 -0.77292670750728998     
         565 -0.77498610491559283     
         566 -0.77673040394545045     
         567 -0.77784757151169459     
         568 -0.77804796079961003     
         569 -0.77734376416736217     
         570 -0.77613428198801759     
         571 -0.77488377353788873     
         572 -0.77377472887092957     
         573 -0.77283572359060304     
         574 -0.77224977004276352     
         575 -0.77236437414782844     
         576 -0.77348981741102918     
         577 -0.77573448010842461     
         578 -0.77895044873475139     
         579 -0.78277162341874995     
         580 -0.78670131090797113     
         581 -0.79020503284319099     
         582 -0.79279864661302435     
         583 -0.79413981474825257     
         584 -0.79410090407586753     
         585 -0.79277888873475189     
         586 -0.79042633345926128     
         587 -0.78734808297193903     
         588 -0.78384467844090111     
         589 -0.78023513745431983     
         590 -0.77687845250003795     
         591 -0.77408385371637567     
         592 -0.77196474135525883     
         593 -0.77045833789989959     
         594 -0.76957384065138479     
         595 -0.76959589426257369     
         596 -0.77092706593898752     
         597 -0.77364500779332801     
         598 -0.77726464578402776     
         599 -0.78098900439288388     
         600 -0.78415593200675882     
         601 -0.78649954742874750     
         602 -0.78814411927573680     
         603 -0.78941755024836779     
         604 -0.79060656863421008     
         605 -0.79179241908274012     
         606 -0.79285291037086059     
         607 -0.79359865315150901     
         608 -0.79393138046142442     
         609 -0.79392923519851977     
         610 -0.79382563363587089     
         611 -0.79389103979150211     
         612 -0.79427659887861546     
         613 -0.79493461431995527     
         614 -0.79567850689954678     
         615 -0.79630404479761363     
         616 -0.79665785532288458     
         617 -0.79663583384167114     
         618 -0.79617000310322195     
         619 -0.79525349964881431     
         620 -0.79399655610996078     
         621 -0.79265719139483437     
         622 -0.79160124166526913     
         623 -0.79119923046790741     
         624 -0.79169533647536861     
         625 -0.79308248723207708     
         626 -0.79505401135328280     
         627 -0.79711014459257801     
         628 -0.79877339344665876     
         629 -0.79976190001613112     
         630 -0.80003064740583141     
         631 -0.79970167312374552     
         632 -0.79895477942685400     
         633 -0.79794742028697796     
         634 -0.79679893427741721     
         635 -0.79562270715968475     
         636 -0.79455021371093115     
         637 -0.79370798645900253     
         638 -0.79317865622484407     
         639 -0.79300729274792547     
         640 -0.79323717603293209     
         641 -0.79388549021318644     
         642 -0.79484878236061829     
         643 -0.79585511754998428     
         644 -0.79654864540072179     
         645 -0.79664748898726612     
         646 -0.79605709989040829     
         647 -0.79488034278643449     
         648 -0.79333692357605201     
         649 -0.79164537756146192     
         650 -0.78993058350438261     
         651 -0.78819177068972890     
         652 -0.78633234030773358     
         653 -0.78424025916587170     
         654 -0.78188997212763123     
         655 -0.77940786407409990     
         656 -0.77705671700944934     
         657 -0.77514965313795059     
         658 -0.77394798485043037     
         659 -0.77358991713080527     
         660 -0.77405611345310787     
         661 -0.77516218209512178     
         662 -0.77659772829088558     
         663 -0.77802754018997011     
         664 -0.77920065210801004     
         665 -0.77998781348658031     
         666 -0.78035834005452476     
         667 -0.78038028210989419     
         668 -0.78026022186901278     
         669 -0.78031758812473440     
         670 -0.78081088621711703     
         671 -0.78172942160819059     
         672 -0.78276427295140694     
         673 -0.78349297234828164     
         674 -0.78359816924855963     
         675 -0.78296494110954529     
         676 -0.78165942251146847     
         677 -0.77987274787825522     
         678 -0.77788976611298766     
         679 -0.77608050383474070     
         680 -0.77485463045320080     
         681 -0.77452485490327438     
         682 -0.77516253144838165     
         683 -0.77661416337336309     
         684 -0.77867188160639078     
         685 -0.78120751465950844     
         686 -0.78417725693402385     
         687 -0.78756670708321752     
         688 -0.79132360091820397     
         689 -0.79526498811343316     
         690 -0.79901476342200484     
         691 -0.80207758590119560     
         692 -0.80403599549985383     
         693 -0.80472076885723864     
         694 -0.80424433329351597     
         695 -0.80291457891343609     
         696 -0.80110294496873702     
         697 -0.79912575203948799     
         698 -0.79717093557297647     
         699 -0.79527512183039706     
         700 -0.79333789213968842     
         701 -0.79116435635063942     
         702 -0.78854380218206421     
         703 -0.78536636230321666     
         704 -0.78176100072704513     
         705 -0.77820273766174719     
         706 -0.77546578760890139     
         707 -0.77432310321950804     
         708 -0.77515124030471416     
         709 -0.77778585791942401     
         710 -0.78170513122781560     
         711 -0.78628789023266277     
         712 -0.79095636245976764     
         713 -0.79523621338875028     
         714 -0.79880938963344272     
         715 -0.80154491082882906     
         716 -0.80346957693597643     
         717 -0.80468761544376544     
         718 -0.80529467182514047     
         719 -0.80534269566886540     
         720 -0.80488483174493330     
         721 -0.80405477683873938     
         722 -0.80309444268486652     
         723 -0.80229620186242256     
         724 -0.80190541121930148     
         725 -0.80204116525700597     
         726 -0.80265256777671912     
         727 -0.80351800568536969     
         728 -0.80431240651083047     
         729 -0.80473553824589883     
         730 -0.80463236525838144     
         731 -0.80403247813600254     
         732 -0.80309553141866818     
         733 -0.80201047771687695     
         734 -0.80091803452365939     
         735 -0.79989476037034679     
         736 -0.79898311379090392     
         737 -0.79822053093688072     
         738 -0.79763719023456214     
         739 -0.79723072890898428     
         740 -0.79695075025506512     
         741 -0.79671225373966026     
         742 -0.79642150677150270     
         743 -0.79598812915707162     
         744 -0.79532912934531685     
         745 -0.79438930240762240     
         746 -0.79317616109091982     
         747 -0.79176702679570321     
         748 -0.79025710976827768     
         749 -0.78868009341248779     
         750 -0.78698063377014205     
         751 -0.78509660197157827     
         752 -0.78313020651074217     
         753 -0.78149631733467551     
         754 -0.78086120939623027     
         755 -0.78176407336974096     
         756 -0.78417853955811101     
         757 -0.78746758663372318     
         758 -0.79074935165583105     
         759 -0.79329364980355455     
         760 -0.79471867856294509     
         761 -0.79499742166137566     
         762 -0.79435722939254116     
         763 -0.79315613781531979     
         764 -0.79178902607054558     
         765 -0.79062639023624370     
         766 -0.78995410597944404     
         767 -0.78989941412278530     
         768 -0.79038416224299513     
         769 -0.79116607732886624     
         770 -0.79196541491972650     
         771 -0.79259272585131635     
         772 -0.79300064184797925     
         773 -0.79325667846969372     
         774 -0.79348033264436912     
         775 -0.79378270984071364     
         776 -0.79423482239634113     
         777 -0.79487665229879223     
         778 -0.79575128246939164     
         779 -0.79692293901739308     
         780 -0.79844497928597502     
         781 -0.80028847396031466     
         782 -0.80229386876372466     
         783 -0.80419630442991308     
         784 -0.80570216759342705     
         785 -0.80655458161287774     
         786 -0.80655613745946786     
         787 -0.80556891596336178     
         788 -0.80353575362579677     
         789 -0.80055806953821929     
         790 -0.79703507122304806     
         791 -0.79377888004209107     
         792 -0.79186533827448802     
         793 -0.79202330079217387     
         794 -0.79399750590701235     
         795 -0.79667589916201331     
         796 -0.79879514820166053     
         797 -0.79945848029837041     
         798 -0.79833053760778683     
         799 -0.79564723428514006     
         800 -0.79202928434865150     
         801 -0.78819093809498364     
         802 -0.78475595450218516     
         803 -0.78217566233652436     
         804 -0.78063521396438995     
         805 -0.78004269101657064     
         806 -0.78015221969591264     
         807 -0.78069335800535633     
         808 -0.78145148578562518     
         809 -0.78232288370753333     
         810 -0.78333241257396402     
         811 -0.78459887843936282     
         812 -0.78626837489519241     
         813 -0.78843318611616919     
         814 -0.79104049269927035     
         815 -0.79384540359359945     
         816 -0.79650314651029153     
         817 -0.79877706758440259     
         818 -0.80068167694740022     
         819 -0.80242414316109523     
         820 -0.80419925797127911     
         821 -0.80601067298981544     
         822 -0.80763651429234817     
         823 -0.80871643108243163     
         824 -0.80886270063068111     
         825 -0.80774805728546817     
         826 -0.80521284213947453     
         827 -0.80142945065369686     
         828 -0.79702527847783933     
         829 -0.79294559008304655     
         830 -0.78999591995521423     
         831 -0.78842575652994451     
         832 -0.78795250624640256     
         833 -0.78808660664600882     
         834 -0.78839533215107138     
         835 -0.78862293236630776     
         836 -0.78873550470919152     
         837 -0.78888657060734879     
         838 -0.78927102728407272     
         839 -0.78994077395717144     
         840 -0.79073195883287950     
         841 -0.79134341861385638     
         842 -0.79146769593642730     
         843 -0.79088428389904619     
         844 -0.78947972375036335     
         845 -0.78719703345738168     
         846 -0.78399351766117609     
         847 -0.77990822797430992     
         848 -0.77521683705325761     
         849 -0.77051571575727340     
         850 -0.76659450985190303     
         851 -0.76412102882728639     
         852 -0.76334924358362077     
         853 -0.76405931260037852     
         854 -0.76572834763561570     
         855 -0.76779375881803369     
         856 -0.76988980668196283     
         857 -0.77194428772663470     
         858 -0.77408685478422412     
         859 -0.77648231817487223     
         860 -0.77923178673945459     
         861 -0.78234385660869699     
         862 -0.78571356353798760     
         863 -0.78911441691919659     
         864 -0.79224422677897832     
         865 -0.79481510519115195     
         866 -0.79663595762950901     
         867 -0.79765169620167631     
         868 -0.79793401602377056     
         869 -0.79763691085493826     
         870 -0.79693824430595206     
         871 -0.79598864294029248     
         872 -0.79488350251697071     
         873 -0.79366582620600434     
         874 -0.79235602036556030     
         875 -0.79098945356217165     
         876 -0.78963292506971661     
         877 -0.78836327514716265     
         878 -0.78722063581384172     
         879 -0.78617226650011385     
         880 -0.78512056757020199     
         881 -0.78395897955386074     
         882 -0.78264588001389035     
         883 -0.78124607314646477     
         884 -0.77989714573688185     
         885 -0.77871016704050300     
         886 -0.77769403600247533     
         887 -0.77679529552800108     
         888 -0.77602222165318802     
         889 -0.77550602695311932     
         890 -0.77540690786074151     
         891 -0.77574385577911942     
         892 -0.77632600059748846     
         893 -0.77685433260378522     
         894 -0.77708841399887130     
         895 -0.77695201903971267     
         896 -0.77655112693850659     
         897 -0.77613286940268178     
         898 -0.77599860000620402     
         899 -0.77638123122160108     
         900 -0.77734192370199962     
         901 -0.77876070416410770     
         902 -0.78041655412096345     
         903 -0.78206938338322363     
         904 -0.78349200619752668     
         905 -0.78448423480507334     
         906 -0.78490468330932450     
         907 -0.78470866404367079     
         908 -0.78396504289167757     
         909 -0.78283751914735289     
         910 -0.78153823379680565     
         911 -0.78028902101003728     
         912 -0.77932644297423825     
         913 -0.77893241993800855     
         914 -0.77941006345740149     
         915 -0.78096101147851638     
         916 -0.78355453572859468     
         917 -0.78692182435117475     
         918 -0.79066783329951673     
         919 -0.79438095024982236     
         920 -0.79767883337178314     
         921 -0.80022469269362384     
         922 -0.80175734240006691     
         923 -0.80213956494276806     
         924 -0.80139632500836444     
         925 -0.79971046408343704     
         926 -0.79736303459873592     
         927 -0.79464382703882119     
         928 -0.79178731365942046     
         929 -0.78897791480579293     
         930 -0.78641652869927248     
         931 -0.78438588364848560     
         932 -0.78323001967521699     
         933 -0.78320476066827305     
         934 -0.78427388608563531     
         935 -0.78602515108640258     
         936 -0.78780873115906414     
         937 -0.78901212735737114     
         938 -0.78929832564132274     
         939 -0.78869406434007550     
         940 -0.78748978441339168     
         941 -0.78599104350065796     
         942 -0.78428861210846890     
         943 -0.78222932777262388     
         944 -0.77957414426193850     
         945 -0.77618468145091990     
         946 -0.77215059553002219     
         947 -0.76786021711344865     
         948 -0.76397792442246459     
         949 -0.76124861509555042     
         950 -0.76016612471833311     
         951 -0.76072359488390384     
         952 -0.76244873012996850     
         953 -0.76470098148842791     
         954 -0.76701530638722448     
         955 -0.76927040771497801     
         956 -0.77161565378042130     
         957 -0.77427057261859389     
         958 -0.77736594488452593     
         959 -0.78090439978791970     
         960 -0.78479636531919106     
         961 -0.78889165338501588     
         962 -0.79297929906380571     
         963 -0.79679189071483147     
         964 -0.80005930086851063     
         965 -0.80261047106199335     
         966 -0.80445909238295776     
         967 -0.80578157330413958     
         968 -0.80676856269450425     
         969 -0.80747872044157476     
         970 -0.80783995264232233     
         971 -0.80776264859587965     
         972 -0.80722380554710094     
         973 -0.80627014925324147     
         974 -0.80498334223073220     
         975 -0.80345364165700883     
         976 -0.80177401842387974     
         977 -0.80004827419812174     
         978 -0.79840197616875264     
         979 -0.79698157045353624     
         980 -0.79592347577437350     
         981 -0.79529244098320773     
         982 -0.79503852457408541     
         983 -0.79504648538190659     
         984 -0.79526614294597398     
         985 -0.79578223768139922     
         986 -0.79670254562729126     
         987 -0.79794461713581299     
         988 -0.79915042954793492     
         989 -0.79984069611662145     
         990 -0.79966680246219601     
         991 -0.79853842492972971     
         992 -0.79655111674111612     
         993 -0.79384529616386634     
         994 -0.79058526101925919     
         995 -0.78707368537692168     
         996 -0.78383173327446942     
         997 -0.78151016806075280     
         998 -0.78066888643880095     
         999 -0.78157316117389197     
        1000 -0.78411741402247936     
        1001 -0.78788497405149505     
        1002 -0.79228526463243631     
        1003 -0.79668940200035865     
        1004 -0.80050949568205609     
        1005 -0.80322723859728218     
        1006 -0.80441800402389063     
        1007 -0.80380512993488273     
        1008 -0.80134059649725320     
        1009 -0.79727799317039649     
        1010 -0.79218980754176394     
        1011 -0.78689243388856289     
        1012 -0.78227294137491377     
        1013 -0.77903027953654624     
        1014 -0.77739556748787331     
        1015 -0.77701893543946599     
        1016 -0.77716140464126893     
        1017 -0.77704422186233701     
        1018 -0.77610742842203084     
        1019 -0.77409933806346709     
        1020 -0.77106437841576292     
        1021 -0.76730057365119964     
        1022 -0.76330133090467789     
        1023 -0.75967573792678722     
        1024 -0.75704638183426309     
        1025 -0.75591604382354660     
        1026 -0.75652910234202841     
        1027 -0.75881224937238378     
        1028 -0.76244794038186081     
        1029 -0.76702476286346710     
        1030 -0.77215482184741380     
        1031 -0.77751514560705759     
        1032 -0.78285265731149167     
        1033 -0.78797943964309947     
        1034 -0.79273837505519495     
        1035 -0.79693777326557635     
        1036 -0.80031501985163267     
        1037 -0.80257717177757359     
        1038 -0.80348320133920137     
        1039 -0.80290460166033573     
        1040 -0.80084891027009486     
        1041 -0.79746372289947398     
        1042 -0.79303329926339050     
        1043 -0.78797359171499370     
        1044 -0.78283156680192856     
        1045 -0.77824593666803532     
        1046 -0.77476497505761177     
        1047 -0.77254236954073274     
        1048 -0.77120847019841321     
        1049 -0.77012932278435775     
        1050 -0.76881202036777974     
        1051 -0.76711516937382040     
        1052 -0.76521515667662499     
        1053 -0.76345769358201576     
        1054 -0.76220410585230669     
        1055 -0.76171666079839850     
        1056 -0.76208958904767832     
        1057 -0.76322370384283644     
        1058 -0.76484998359105316     
        1059 -0.76661559744795493     
        1060 -0.76820970446811943     
        1061 -0.76944554551356237     
        1062 -0.77023252427107813     
        1063 -0.77049513173566597     
        1064 -0.77014834383122199     
        1065 -0.76913367531839771     
        1066 -0.76745417969139107     
        1067 -0.76519694290932716     
        1068 -0.76255774601380577     
        1069 -0.75984572114932447     
        1070 -0.75743129012424382     
        1071 -0.75564118267472991     
        1072 -0.75465701812287933     
        1073 -0.75447991359741295     
        1074 -0.75496797509034885     
        1075 -0.75590192280461777     
        1076 -0.75704341095250149     
        1077 -0.75817973579987763     
        1078 -0.75914574583392314     
        1079 -0.75981400312323355     
        1080 -0.76008206140068424     
        1081 -0.75991289711430698     
        1082 -0.75943057005615500     
        1083 -0.75896488553888031     
        1084 -0.75891798287661838     
        1085 -0.75948041764248164     
        1086 -0.76042753917046180     
        1087 -0.76123118514473709     
        1088 -0.76145219243645501     
        1089 -0.76111606495010053     
        1090 -0.76077209306055626     
        1091 -0.76111396881421167     
        1092 -0.76239963351324214     
        1093 -0.76424865653968388     
        1094 -0.76599560782321408     
        1095 -0.76711774674717825     
        1096 -0.76738806102453405     
        1097 -0.76682715550542879     
        1098 -0.76560629271089242     
        1099 -0.76397368379895292     
        1100 -0.76222618425465394     
        1101 -0.76070560680611166     
        1102 -0.75975522987175870     
        1103 -0.75959390697281093     
        1104 -0.76017060124408464     
        1105 -0.76113096794097634     
        1106 -0.76195469784583836     
        1107 -0.76217923773913621     
        1108 -0.76157531570454651     
        1109 -0.76020763888975407     
        1110 -0.75839323421829252     
        1111 -0.75659376778853227     
        1112 -0.75526553339187619     
        1113 -0.75469965804181105     
        1114 -0.75492448039345084     
        1115 -0.75573690951920625     
        1116 -0.75684136530889690     
        1117 -0.75799763760045924     
        1118 -0.75909286011349597     
        1119 -0.76011890785454084     
        1120 -0.76108995079127761     
        1121 -0.76196520792407629     
        1122 -0.76263977150993034     
        1123 -0.76301524937147192     
        1124 -0.76310328264116323     
        1125 -0.76310305511955878     
        1126 -0.76340191226995813     
        1127 -0.76444785796245618     
        1128 -0.76650301843161561     
        1129 -0.76944448596306581     
        1130 -0.77281279202339059     
        1131 -0.77607915602004507     
        1132 -0.77890366977953995     
        1133 -0.78121415649012538     
        1134 -0.78310444036156379     
        1135 -0.78466719705075350     
        1136 -0.78589464949074783     
        1137 -0.78670799392783730     
        1138 -0.78706905056953391     
        1139 -0.78706258190765310     
        1140 -0.78685016126336815     
        1141 -0.78649875774732969     
        1142 -0.78583395696166092     
        1143 -0.78449005631210189     
        1144 -0.78215123386543317     
        1145 -0.77880583807720782     
        1146 -0.77484369774263950     
        1147 -0.77092964464662883     
        1148 -0.76770612128412163     
        1149 -0.76551112329507531     
        1150 -0.76432009593369377     
        1151 -0.76392021776601071     
        1152 -0.76411901306943819     
        1153 -0.76482277404476795     
        1154 -0.76599670502514050     
        1155 -0.76762854383315260     
        1156 -0.76976583911161744     
        1157 -0.77253762569012785     
        1158 -0.77603643079344109     
        1159 -0.78013207597851908     
        1160 -0.78442989998344737     
        1161 -0.78842193179529385     
        1162 -0.79168062197923250     
        1163 -0.79396320928873776     
        1164 -0.79520040900788724     
        1165 -0.79541456616214812     
        1166 -0.79464656191419203     
        1167 -0.79295322788175682     
        1168 -0.79046792709051550     
        1169 -0.78745535799738298     
        1170 -0.78428861317605003     
        1171 -0.78134222559295252     
        1172 -0.77887248662367015     
        1173 -0.77696680377105876     
        1174 -0.77557239329487937     
        1175 -0.77456304107369611     
        1176 -0.77381820627794251     
        1177 -0.77331106658431203     
        1178 -0.77317853437771789     
        1179 -0.77368250378147285     
        1180 -0.77497989978461146     
        1181 -0.77684332877533657     
        1182 -0.77866687819143343     
        1183 -0.77979856605271625     
        1184 -0.77985809427501640     
        1185 -0.77881249776236561     
        1186 -0.77686266247057556     
        1187 -0.77426924004355513     
        1188 -0.77122138935387230     
        1189 -0.76782726036982396     
        1190 -0.76424310719806110     
        1191 -0.76085085143584019     
        1192 -0.75830845158728755     
        1193 -0.75733427676760334     
        1194 -0.75831195072581059     
        1195 -0.76103654160791234     
        1196 -0.76481862296550396     
        1197 -0.76881144145265157     
        1198 -0.77229932802998646     
        1199 -0.77484551432823201     
        1200 -0.77636063560306501     
        1201 -0.77714875316227794     
        1202 -0.77786964820269822     
        1203 -0.77929556740897932     
        1204 -0.78187652799777807     
        1205 -0.78540332072462649     
        1206 -0.78912631625255303     
        1207 -0.79226540052223593     
        1208 -0.79444618670536271     
        1209 -0.79579181992363957     
        1210 -0.79675368363050614     
        1211 -0.79783245460052754     
        1212 -0.79930496765246462     
        1213 -0.80111628525623535     
        1214 -0.80301296930176247     
        1215 -0.80473604342692873     
        1216 -0.80608326019295884     
        1217 -0.80688866235580570     
        1218 -0.80703245856760741     
        1219 -0.80648683585739345     
        1220 -0.80534696549600304     
        1221 -0.80381793728554674     
        1222 -0.80216179624533046     
        1223 -0.80063544107469231     
        1224 -0.79946105854742322     
        1225 -0.79883640135018708     
        1226 -0.79892376449845426     
        1227 -0.79975939985051370     
        1228 -0.80115170161507299     
        1229 -0.80270674570379208     
        1230 -0.80399021353222655     
        1231 -0.80468404295439233     
        1232 -0.80463106636224280     
        1233 -0.80379109905322221     
        1234 -0.80219214090754321     
        1235 -0.79992458224164686     
        1236 -0.79716074275941340     
        1237 -0.79415064180014172     
        1238 -0.79117426085056197     
        1239 -0.78847446559311618     
        1240 -0.78621088483953205     
        1241 -0.78446252402979766     
        1242 -0.78326802355169545     
        1243 -0.78264294398245693     
        1244 -0.78254835255001987     
        1245 -0.78292691459587394     
        1246 -0.78387869087768058     
        1247 -0.78570847583565961     
        1248 -0.78859275539945728     
        1249 -0.79225619985945672     
        1250 -0.79613830646548800     
        1251 -0.79973959405820327     
        1252 -0.80272343000885538     
        1253 -0.80487474548451265     
        1254 -0.80609895506995533     
        1255 -0.80645068565128197     
        1256 -0.80611673005955020     
        1257 -0.80533340792874175     
        1258 -0.80428874591919752     
        1259 -0.80307405199597948     
        1260 -0.80170658845243892     
        1261 -0.80020442169906181     
        1262 -0.79867465244331892     
        1263 -0.79734985232187061     
        1264 -0.79651191523202092     
        1265 -0.79633093196929883     
        1266 -0.79675616438362340     
        1267 -0.79756132014344561     
        1268 -0.79848352418871604     
        1269 -0.79932528441543438     
        1270 -0.79997661628525640     
        1271 -0.80040782593197812     
        1272 -0.80068004756542654     
        1273 -0.80095733635758160     
        1274 -0.80146217584537316     
        1275 -0.80235435317712533     
        1276 -0.80360494119877923     
        1277 -0.80497276653951699     
        1278 -0.80612415172121299     
        1279 -0.80684409361358944     
        1280 -0.80722670664795171     
        1281 -0.80768382200961342     
        1282 -0.80865826497209692     
        1283 -0.81022541996434050     
        1284 -0.81199921430189970     
        1285 -0.81344636116201063     
        1286 -0.81428812475456058     
        1287 -0.81470651371932723     
        1288 -0.81524836909828158     
        1289 -0.81647082987714881     
        1290 -0.81861922358841843     
        1291 -0.82158766394729588     
        1292 -0.82502126258373099     
        1293 -0.82836554173665322     
        1294 -0.83095215715692572     
        1295 -0.83219469008309499     
        1296 -0.83177032221153646     
        1297 -0.82968585318636945     
        1298 -0.82624673005401228     
        1299 -0.82197993040129380     
        1300 -0.81754647811645154     
        1301 -0.81365748399154925     
        1302 -0.81096744411296584     
        1303 -0.80991239764515166     
        1304 -0.81054679994183165     
        1305 -0.81251617051089853     
        1306 -0.81521455708082191     
        1307 -0.81800210998703171     
        1308 -0.82033397098118122     
        1309 -0.82178664804597090     
        1310 -0.82206575287732808     
        1311 -0.82103839218613117     
        1312 -0.81875800520280384     
        1313 -0.81544018377107930     
        1314 -0.81138883426833508     
        1315 -0.80691036454945053     
        1316 -0.80226566370652064     
        1317 -0.79768102627530024     
        1318 -0.79338453898796968     
        1319 -0.78962779068690458     
        1320 -0.78669927989529420     
        1321 -0.78493877369039178     
        1322 -0.78469001250626580     
        1323 -0.78613096933842541     
        1324 -0.78909063846794170     
        1325 -0.79305782195180063     
        1326 -0.79739794809789732     
        1327 -0.80158625711166143     
        1328 -0.80531408789398662     
        1329 -0.80847345766148071     
        1330 -0.81108149580493161     
        1331 -0.81319558664131419     
        1332 -0.81485596833494267     
        1333 -0.81606747460832185     
        1334 -0.81680146644913743     
        1335 -0.81699785874153008     
        1336 -0.81657085315632860     
        1337 -0.81543979248523779     
        1338 -0.81360502124644085     
        1339 -0.81126343912874532     
        1340 -0.80889538992721977     
        1341 -0.80717433550951811     
        1342 -0.80661920095752726     
        1343 -0.80723836244603697     
        1344 -0.80853855389110629     
        1345 -0.80987662130952753     
        1346 -0.81081034630633941     
        1347 -0.81121971575574781     
        1348 -0.81121400942028254     
        1349 -0.81096169788924000     
        1350 -0.81056393960448847     
        1351 -0.81001777328538482     
        1352 -0.80924708420487168     
        1353 -0.80815618505492293     
        1354 -0.80667677880123612     
        1355 -0.80479847576420016     
        1356 -0.80257683717827977     
        1357 -0.80011396580122207     
        1358 -0.79752297891765200     
        1359 -0.79490785917087281     
        1360 -0.79238478980040827     
        1361 -0.79013135419934066     
        1362 -0.78840536750064372     
        1363 -0.78748465143205371     
        1364 -0.78755167939702209     
        1365 -0.78860579326876545     
        1366 -0.79046146031303299     
        1367 -0.79280926549243225     
        1368 -0.79528523955418129     
        1369 -0.79753051173589884     
        1370 -0.79924914897291610     
        1371 -0.80025944496006829     
        1372 -0.80052269420664524     
        1373 -0.80013946280269854     
        1374 -0.79931289758889823     
        1375 -0.79828746268533513     
        1376 -0.79728367891394314     
        1377 -0.79645551824361682     
        1378 -0.79588937757402001     
        1379 -0.79563237500409945     
        1380 -0.79571602982666545     
        1381 -0.79614783373949116     
        1382 -0.79687813251645068     
        1383 -0.79778432431926383     
        1384 -0.79870834639751798     
        1385 -0.79952231493381121     
        1386 -0.80014906124404350     
        1387 -0.80051005572747103     
        1388 -0.80047283888860954     
        1389 -0.79988662384306097     
        1390 -0.79869769473137009     
        1391 -0.79703738284094139     
        1392 -0.79519293156561455     
        1393 -0.79348776813193045     
        1394 -0.79219314151617648     
        1395 -0.79153863945491665     
        1396 -0.79169226012520222     
        1397 -0.79256439009694712     
        1398 -0.79368076603185089     
        1399 -0.79447311106037566     
        1400 -0.79469698646605225     
        1401 -0.79448059353572431     
        1402 -0.79407964553209065     
        1403 -0.79370178188160734     
        1404 -0.79350590643088614     
        1405 -0.79364052293499054     
        1406 -0.79422910596717433     
        1407 -0.79532367932061543     
        1408 -0.79686827628952950     
        1409 -0.79869331515956521     
        1410 -0.80054436591656852     
        1411 -0.80214224548650970     
        1412 -0.80326262221980005     
        1413 -0.80380878708622094     
        1414 -0.80384563053406921     
        1415 -0.80357371057506977     
        1416 -0.80324891246062990     
        1417 -0.80308398530709391     
        1418 -0.80318125341988056     
        1419 -0.80352278758980189     
        1420 -0.80400405208808901     
        1421 -0.80448148053024904     
        1422 -0.80482975935018874     
        1423 -0.80502581244729077     
        1424 -0.80522929175456592     
        1425 -0.80573505871728424     
        1426 -0.80672713188640144     
        1427 -0.80805666285313105     
        1428 -0.80933655264284099     
        1429 -0.81024278288516649     
        1430 -0.81069374233973568     
        1431 -0.81081053852680762     
        1432 -0.81077673421403040     
        1433 -0.81072394488156818     
        1434 -0.81069400522192292     
        1435 -0.81066031939096805     
        1436 -0.81056816718991054     
        1437 -0.81037101009000800     
        1438 -0.81005658830805471     
        1439 -0.80965070852381915     
        1440 -0.80918746413217912     
        1441 -0.80867111908226297     
        1442 -0.80808023431844556     
        1443 -0.80742082669283344     
        1444 -0.80676271237832831     
        1445 -0.80619398418280674     
        1446 -0.80573153313206702     
        1447 -0.80529492343397902     
        1448 -0.80477603883253390     
        1449 -0.80412913880061765     
        1450 -0.80341204405812616     
        1451 -0.80276823805685760     
        1452 -0.80236238628020373     
        1453 -0.80228750377085756     
        1454 -0.80247789113235490     
        1455 -0.80267131083424492     
        1456 -0.80246578552565717     
        1457 -0.80149455502033840     
        1458 -0.79967378809279466     
        1459 -0.79738165349965673     
        1460 -0.79534117939058013     
        1461 -0.79411912418618280     
        1462 -0.79368903503939858     
        1463 -0.79360409969136059     
        1464 -0.79349065357370618     
        1465 -0.79326103591715968     
        1466 -0.79301216247437101     
        1467 -0.79287969951792325     
        1468 -0.79299099810615659     
        1469 -0.79349524701052376     
        1470 -0.79456959256856818     
        1471 -0.79633267411074371     
        1472 -0.79873527478525641     
        1473 -0.80155773732957969     
        1474 -0.80451264397830935     
        1475 -0.80734490185903274     
        1476 -0.80986963091684538     
        1477 -0.81195792796746846     
        1478 -0.81349867525322261     
        1479 -0.81437359228154127     
        1480 -0.81448291311050491     
        1481 -0.81381036956388020     
        1482 -0.81245366215281123     
        1483 -0.81057225022571200     
        1484 -0.80829595249913544     
        1485 -0.80567956035117938     
        1486 -0.80274482377763678     
        1487 -0.79957503494588256     
        1488 -0.79638255809918646     
        1489 -0.79348228507263796     
        1490 -0.79116850427664998     
        1491 -0.78957864136528511     
        1492 -0.78865506427682841     
        1493 -0.78823550282386878     
        1494 -0.78819089601566072     
        1495 -0.78850019707994679     
        1496 -0.78921459602959321     
        1497 -0.79035099751956361     
        1498 -0.79180861512077150     
        1499 -0.79338062755967054     
        1500 -0.79483249265379019     
        1501 -0.79595997969884824     
        1502 -0.79659685139242475     
        1503 -0.79661358156494233     
        1504 -0.79596377074632418     
        1505 -0.79480865904157827     
        1506 -0.79365712836501756     
        1507 -0.79330072496436110     
        1508 -0.79437438982808684     
        1509 -0.79684577122491407     
        1510 -0.80001330735458298     
        1511 -0.80302846418309082     
        1512 -0.80538672870308914     
        1513 -0.80703736141093918     
        1514 -0.80817125749989216     
        1515 -0.80890342592902209     
        1516 -0.80909102879500461     
        1517 -0.80841335487092159     
        1518 -0.80661664882258588     
        1519 -0.80374557526868351     
        1520 -0.80026049991093406     
        1521 -0.79698353844352599     
        1522 -0.79482719074650154     
        1523 -0.79440225630180350     
        1524 -0.79577322565817943     
        1525 -0.79853857419678809     
        1526 -0.80210552866786999     
        1527 -0.80588386455111871     
        1528 -0.80931936854846864     
        1529 -0.81192275717026663     
        1530 -0.81340018444132511     
        1531 -0.81379726164144617     
        1532 -0.81351442346006664     
        1533 -0.81311965867461755     
        1534 -0.81302027397070165     
        1535 -0.81322296910513125     
        1536 -0.81340067096354507     
        1537 -0.81321820460099137     
        1538 -0.81265430074555078     
        1539 -0.81206158713129262     
        1540 -0.81186758680670845     
        1541 -0.81218382702300895     
        1542 -0.81275841683695860     
        1543 -0.81325492534977606     
        1544 -0.81348222132142567     
        1545 -0.81341880076473838     
        1546 -0.81311942701634898     
        1547 -0.81261635762032192     
        1548 -0.81188538586531089     
        1549 -0.81089420478166407     
        1550 -0.80969254995817608     
        1551 -0.80848032606391573     
        1552 -0.80759458564950259     
        1553 -0.80739022557559970     
        1554 -0.80807381168721426     
        1555 -0.80960795908734506     
        1556 -0.81172229603332391     
        1557 -0.81397044045620337     
        1558 -0.81580851879046823     
        1559 -0.81671784063198161     
        1560 -0.81635078651320603     
        1561 -0.81464355401056088     
        1562 -0.81185675747020491     
        1563 -0.80852546792285218     
        1564 -0.80532378742932020     
        1565 -0.80288307978756335     
        1566 -0.80160485870228437     
        1567 -0.80153676997139134     
        1568 -0.80243809040147807     
        1569 -0.80402185087163658     
        1570 -0.80614176887955269     
        1571 -0.80876125771290430     
        1572 -0.81178171380058883     
        1573 -0.81491365489803125     
        1574 -0.81770633400127701     
        1575 -0.81972062648068234     
        1576 -0.82073229501152845     
        1577 -0.82082018767179055     
        1578 -0.82024295091099120     
        1579 -0.81918938559695254     
        1580 -0.81766160410506161     
        1581 -0.81560808377344396     
        1582 -0.81312635723147997     
        1583 -0.81053855403547559     
        1584 -0.80830943254709220     
        1585 -0.80688106753266131     
        1586 -0.80652560097996140     
        1587 -0.80727842349118184     
        1588 -0.80894118256236025     
        1589 -0.81111837047552815     
        1590 -0.81328778399660606     
        1591 -0.81492708102134703     
        1592 -0.81567454493731417     
        1593 -0.81544109285014954     
        1594 -0.81440245801782796     
        1595 -0.81288616983553941     
        1596 -0.81123984636289548     
        1597 -0.80975074591637475     
        1598 -0.80860848569386978     
        1599 -0.80787390326635078     
        1600 -0.80746453507752036     
        1601 -0.80719461005347237     
        1602 -0.80687012265982117     
        1603 -0.80639229389210754     
        1604 -0.80581160623064063     
        1605 -0.80530163798070942     
        1606 -0.80506477568669332     
        1607 -0.80522418451592215     
        1608 -0.80576613836965105     
        1609 -0.80656460018773435     
        1610 -0.80746393387371340     
        1611 -0.80835972770384679     
        1612 -0.80922572016224870     
        1613 -0.81007541499628699     
        1614 -0.81089920191188114     
        1615 -0.81163558851517847     
        1616 -0.81219633923067736     
        1617 -0.81252058797629179     
        1618 -0.81263100411782185     
        1619 -0.81266544541169616     
        1620 -0.81284626191460585     
        1621 -0.81338058430783922     
        1622 -0.81435201749015851     
        1623 -0.81567687434439340     
        1624 -0.81713994169142068     
        1625 -0.81847237601876888     
        1626 -0.81943174848088252     
        1627 -0.81986153199406275     
        1628 -0.81971641646497717     
        1629 -0.81904792255592229     
        1630 -0.81795854435775783     
        1631 -0.81654692863723133     
        1632 -0.81487741286196236     
        1633 -0.81301729521082744     
        1634 -0.81115503740745720     
        1635 -0.80970166136269972     
        1636 -0.80917601287717289     
        1637 -0.80983669453879725     
        1638 -0.81140250900349220     
        1639 -0.81318836521837068     
        1640 -0.81448172499872873     
        1641 -0.81481571619014381     
        1642 -0.81406392625617274     
        1643 -0.81242048932069200     
        1644 -0.81027597106148441     
        1645 -0.80802507416697655     
        1646 -0.80592690322821492     
        1647 -0.80408633575447386     
        1648 -0.80249728495244432     
        1649 -0.80107345781319772     
        1650 -0.79967293971995668     
        1651 -0.79817574832358773     
        1652 -0.79661661196515254     
        1653 -0.79526040125559638     
        1654 -0.79451743066875768     
        1655 -0.79474348732993627     
        1656 -0.79607361173733115     
        1657 -0.79838117062689362     
        1658 -0.80132634082319709     
        1659 -0.80443291375027359     
        1660 -0.80718957233594035     
        1661 -0.80916612729805792     
        1662 -0.81009727064201476     
        1663 -0.80990910475944111     
        1664 -0.80870730249595890     
        1665 -0.80674686473614265     
        1666 -0.80437590460263009     
        1667 -0.80194999068527817     
        1668 -0.79977449717684546     
        1669 -0.79814452820672943     
        1670 -0.79739420122481708     
        1671 -0.79776407742234456     
        1672 -0.79914914866661912     
        1673 -0.80106567947107254     
        1674 -0.80293149589625279     
        1675 -0.80435944244323498     
        1676 -0.80524097963899810     
        1677 -0.80568895722039835     
        1678 -0.80595726247598165     
        1679 -0.80634681946499243     
        1680 -0.80708245898376396     
        1681 -0.80820895518536395     
        1682 -0.80957599723397544     
        1683 -0.81091615422141972     
        1684 -0.81195720007408967     
        1685 -0.81252438079739731     
        1686 -0.81261448951596760     
        1687 -0.81239545179815831     
        1688 -0.81208117153488513     
        1689 -0.81174930476450535     
        1690 -0.81127456040662216     
        1691 -0.81044429203619095     
        1692 -0.80914949175477768     
        1693 -0.80752942770546343     
        1694 -0.80597576437106389     
        1695 -0.80490572256558224     
        1696 -0.80442746993638448     
        1697 -0.80427240663361688     
        1698 -0.80406199611107154     
        1699 -0.80353618719404818     
        1700 -0.80256030467816653     
        1701 -0.80107282529901913     
        1702 -0.79911147635034196     
        1703 -0.79686776791814218     
        1704 -0.79466748055864223     
        1705 -0.79287299558043722     
        1706 -0.79178236668530921     
        1707 -0.79155346899228907     
        1708 -0.79215140738145640     
        1709 -0.79338092631798796     
        1710 -0.79500370961005051     
        1711 -0.79681820301722417     
        1712 -0.79866221245120605     
        1713 -0.80039569385777010     
        1714 -0.80188208876505818     
        1715 -0.80298021054924051     
        1716 -0.80357065514122350     
        1717 -0.80359558841867051     
        1718 -0.80306888578677826     
        1719 -0.80205056338759528     
        1720 -0.80061225536981906     
        1721 -0.79881439351463857     
        1722 -0.79669700179281555     
        1723 -0.79427809624397616     
        1724 -0.79155656426032972     
        1725 -0.78851226944409514     
        1726 -0.78510257193503541     
        1727 -0.78129647396789592     
        1728 -0.77718499560707344     
        1729 -0.77310562622738266     
        1730 -0.76966744162891043     
        1731 -0.76760717903603559     
        1732 -0.76747504286757651     
        1733 -0.76930807336986073     
        1734 -0.77256952416513658     
        1735 -0.77642603840396185     
        1736 -0.78011915971996737     
        1737 -0.78317576543646850     
        1738 -0.78540630799575084     
        1739 -0.78680030831330117     
        1740 -0.78743926849641954     
        1741 -0.78746666467206494     
        1742 -0.78708168510299759     
        1743 -0.78651312732217737     
        1744 -0.78597791284935603     
        1745 -0.78566776026004670     
        1746 -0.78576632101876620     
        1747 -0.78643185617412559     
        1748 -0.78770457612424027     
        1749 -0.78940278125417251     
        1750 -0.79113193099995205     
        1751 -0.79244376734858546     
        1752 -0.79302620381352107     
        1753 -0.79277694186225600     
        1754 -0.79174255759028289     
        1755 -0.79002332689434651     
        1756 -0.78774132541992758     
        1757 -0.78508712212235787     
        1758 -0.78238440414551935     
        1759 -0.78008670618823328     
        1760 -0.77864081549779551     
        1761 -0.77823246888499753     
        1762 -0.77858322721941708     
        1763 -0.77903988905677968     
        1764 -0.77900690535350881     
        1765 -0.77848759831186531     
        1766 -0.77833376463552517     
        1767 -0.77974811109646969     
        1768 -0.78314439178436335     
        1769 -0.78760489810727041     
        1770 -0.79166665161367711     
        1771 -0.79433578174813335     
        1772 -0.79535710644562108     
        1773 -0.79498207401174403     
        1774 -0.79368826638501788     
        1775 -0.79198337570582300     
        1776 -0.79028409545277645     
        1777 -0.78886891246345769     
        1778 -0.78790782175327068     
        1779 -0.78752437962320165     
        1780 -0.78780969355209995     
        1781 -0.78875831900641125     
        1782 -0.79019208497749949     
        1783 -0.79176194920551357     
        1784 -0.79305904870949928     
        1785 -0.79380715830102455     
        1786 -0.79403746294796584     
        1787 -0.79403604876983869     
        1788 -0.79396304849369159     
        1789 -0.79352788293924614     
        1790 -0.79216928893378258     
        1791 -0.78948543299468321     
        1792 -0.78543995280981738     
        1793 -0.78032785589509090     
        1794 -0.77468701934423545     
        1795 -0.76920697286307693     
        1796 -0.76458319480647396     
        1797 -0.76132400422177637     
        1798 -0.75962802123859130     
        1799 -0.75940880706283231     
        1800 -0.76039681594213027     
        1801 -0.76223684037201711     
        1802 -0.76459683987423632     
        1803 -0.76732018433689575     
        1804 -0.77053960884058659     
        1805 -0.77456528037626926     
        1806 -0.77951367672871996     
        1807 -0.78501717081099542     
        1808 -0.79034230113756654     
        1809 -0.79474451331743179     
        1810 -0.79770256454158894     
        1811 -0.79896507714302967     
        1812 -0.79853180939719826     
        1813 -0.79663229488584975     
        1814 -0.79368295473964745     
        1815 -0.79020497616375618     
        1816 -0.78673078096262716     
        1817 -0.78373725482297829     
        1818 -0.78160152098690672     
        1819 -0.78055774106271425     
        1820 -0.78068653996580939     
        1821 -0.78196598961818120     
        1822 -0.78431478775762875     
        1823 -0.78756178642623398     
        1824 -0.79139895635351598     
        1825 -0.79539770345218808     
        1826 -0.79908667845170522     
        1827 -0.80204671793064086     
        1828 -0.80399079738120705     
        1829 -0.80481600494062211     
        1830 -0.80462831544165669     
        1831 -0.80373299077085358     
        1832 -0.80255028329197897     
        1833 -0.80143147813030802     
        1834 -0.80046921946753735     
        1835 -0.79945625404889342     
        1836 -0.79801082458821382     
        1837 -0.79575067712002157     
        1838 -0.79243008736359033     
        1839 -0.78805019222017936     
        1840 -0.78298400671215440     
        1841 -0.77805223783022182     
        1842 -0.77431678918130287     
        1843 -0.77253773430135109     
        1844 -0.77279989274166150     
        1845 -0.77468741148304721     
        1846 -0.77763363373733774     
        1847 -0.78112942428393495     
        1848 -0.78486237836581263     
        1849 -0.78875250057647373     
        1850 -0.79278126483032818     
        1851 -0.79674297763027124     
        1852 -0.80019104044745670     
        1853 -0.80265790697700079     
        1854 -0.80392667566264997     
        1855 -0.80411418619259767     
        1856 -0.80355214825538179     
        1857 -0.80262121890079641     
        1858 -0.80165842993001213     
        1859 -0.80092941144537788     
        1860 -0.80062292725196427     
        1861 -0.80087277622547037     
        1862 -0.80178823519643239     
        1863 -0.80342161143024349     
        1864 -0.80566746054085803     
        1865 -0.80820894887703365     
        1866 -0.81060948868758453     
        1867 -0.81249423079157268     
        1868 -0.81368004872051181     
        1869 -0.81418071755580002     
        1870 -0.81412065760805741     
        1871 -0.81363166508750517     
        1872 -0.81278635365384833     
        1873 -0.81158723920897868     
        1874 -0.81000245230189771     
        1875 -0.80802339234203535     
        1876 -0.80571018545396045     
        1877 -0.80319261557261379     
        1878 -0.80061880201701729     
        1879 -0.79808799511548589     
        1880 -0.79562351661256625     
        1881 -0.79320837699629221     
        1882 -0.79085755803654356     
        1883 -0.78867737626478274     
        1884 -0.78686656658095933     
        1885 -0.78563352975923773     
        1886 -0.78505498272068375     
        1887 -0.78497659381758400     
        1888 -0.78506622227317513     
        1889 -0.78500535207863531     
        1890 -0.78466496313137835     
        1891 -0.78413506680252076     
        1892 -0.78362134045181220     
        1893 -0.78331123146493931     
        1894 -0.78328813428353239     
        1895 -0.78351645006744597     
        1896 -0.78389174784352589     
        1897 -0.78432111446817443     
        1898 -0.78477306798195046     
        1899 -0.78526376531752873     
        1900 -0.78580777673268376     
        1901 -0.78638272773205542     
        1902 -0.78691924348835685     
        1903 -0.78729080412287833     
        1904 -0.78729832820696055     
        1905 -0.78669199214580843     
        1906 -0.78528183144962771     
        1907 -0.78313727323966664     
        1908 -0.78078195731386091     
        1909 -0.77916936343529564     
        1910 -0.77923639324009775     
        1911 -0.78123966100265685     
        1912 -0.78453424339732358     
        1913 -0.78805537205522436     
        1914 -0.79092069772251472     
        1915 -0.79262981924757470     
        1916 -0.79295799473526285     
        1917 -0.79183286019758903     
        1918 -0.78932781927293383     
        1919 -0.78576855029989112     
        1920 -0.78187782251824856     
        1921 -0.77878477365206045     
        1922 -0.77765222133225698     
        1923 -0.77895803631237115     
        1924 -0.78209461812818937     
        1925 -0.78580620691190350     
        1926 -0.78895292054292065     
        1927 -0.79089832121771142     
        1928 -0.79149051939948878     
        1929 -0.79092109141633060     
        1930 -0.78960843193934793     
        1931 -0.78808020860426187     
        1932 -0.78680578541581314     
        1933 -0.78603964694163964     
        1934 -0.78579457281075094     
        1935 -0.78594773409981045     
        1936 -0.78637120923365278     
        1937 -0.78700376548383089     
        1938 -0.78785940321351910     
        1939 -0.78900760764993749     
        1940 -0.79054128901964216     
        1941 -0.79251595532020280     
        1942 -0.79486154982506463     
        1943 -0.79731801780373013     
        1944 -0.79945482482169261     
        1945 -0.80078676248628511     
        1946 -0.80093473520228309     
        1947 -0.79975155804968512     
        1948 -0.79735705944915536     
        1949 -0.79407837767269696     
        1950 -0.79034083538370326     
        1951 -0.78657493935360612     
        1952 -0.78315786134477405     
        1953 -0.78032948778989819     
        1954 -0.77807837810919123     
        1955 -0.77613544293053705     
        1956 -0.77415052747489732     
        1957 -0.77193546927484735     
        1958 -0.76963260274841672     
        1959 -0.76775384518292278     
        1960 -0.76701449976608538     
        1961 -0.76787076102394169     
        1962 -0.77008437252881734     
        1963 -0.77292753050358165     
        1964 -0.77582863288235004     
        1965 -0.77866336647317380     
        1966 -0.78149474787036333     
        1967 -0.78424032893776985     
        1968 -0.78673338739793908     
        1969 -0.78903939429970338     
        1970 -0.79151573952605558     
        1971 -0.79448207746931154     
        1972 -0.79789422511956298     
        1973 -0.80136675886781628     
        1974 -0.80443513818384005     
        1975 -0.80676902352331603     
        1976 -0.80821761209871301     
        1977 -0.80874025842118402     
        1978 -0.80832719325415248     
        1979 -0.80697824673616347     
        1980 -0.80473830190038287     
        1981 -0.80174716202034413     
        1982 -0.79825868248586895     
        1983 -0.79459738545824155     
        1984 -0.79106217696504000     
        1985 -0.78783178429098866     
        1986 -0.78492375444037998     
        1987 -0.78222461739701221     
        1988 -0.77958720955791894     
        1989 -0.77694684592669461     
        1990 -0.77437265018231305     
        1991 -0.77202025437687083     
        1992 -0.77003646775211576     
        1993 -0.76848625361285283     
        1994 -0.76734295282538278     
        1995 -0.76655276017116758     
        1996 -0.76614315587161397     
        1997 -0.76628245545380158     
        1998 -0.76719938088528772     
        1999 -0.76899469411073829     
        2000 -0.77150431371691819     
