   1.9999999552965164E-002   4.9999999999955575E-003
   3.9999999105930328E-002   4.9999999999911131E-003
   5.9999998658895493E-002   4.9999999999866688E-003
   7.9999998211860657E-002   4.9999999999822244E-003
   9.9999997764825821E-002   4.9999999999777809E-003
  0.11999999731779099        4.9999999999733365E-003
  0.13999999687075615        4.9999999999688922E-003
  0.15999999642372131        4.9999999999644469E-003
  0.17999999597668648        4.9999999999600035E-003
  0.19999999552965164        4.9999999999555600E-003
  0.21999999508261681        4.9999999999511156E-003
  0.23999999463558197        4.9999999999466704E-003
  0.25999999418854713        4.9999999999422251E-003
  0.27999999374151230        4.9999999999377808E-003
  0.29999999329447746        4.9999999999333364E-003
  0.31999999284744263        4.9999999999288929E-003
  0.33999999240040779        4.9999999999244486E-003
  0.35999999195337296        4.9999999999200051E-003
  0.37999999150633812        4.9999999999155598E-003
  0.39999999105930328        4.9999999999111155E-003
  0.41999999061226845        4.9999999999066720E-003
  0.43999999016523361        4.9999999999022276E-003
  0.45999998971819878        4.9999999998977833E-003
  0.47999998927116394        4.9999999998933389E-003
  0.49999998882412910        4.9999999998888954E-003
  0.51999998837709427        4.9999999998844502E-003
  0.53999998793005943        4.9999999998800067E-003
  0.55999998748302460        4.9999999998755623E-003
  0.57999998703598976        4.9999999998711180E-003
  0.59999998658895493        4.9999999998666736E-003
  0.61999998614192009        4.9999999998622292E-003
  0.63999998569488525        4.9999999998577849E-003
  0.65999998524785042        4.9999999998533414E-003
  0.67999998480081558        4.9999999998488961E-003
  0.69999998435378075        4.9999999998444518E-003
  0.71999998390674591        4.9999999998400074E-003
  0.73999998345971107        4.9999999998355631E-003
  0.75999998301267624        4.9999999998311187E-003
  0.77999998256564140        4.9999999998266743E-003
  0.79999998211860657        4.9999999998222300E-003
  0.81999998167157173        4.9999999998177856E-003
  0.83999998122453690        4.9999999998133404E-003
  0.85999998077750206        4.9999999998088969E-003
  0.87999998033046722        4.9999999998044517E-003
  0.89999997988343239        4.9999999998000064E-003
  0.91999997943639755        4.9999999997955621E-003
  0.93999997898936272        4.9999999997911177E-003
  0.95999997854232788        4.9999999997866734E-003
  0.97999997809529305        4.9999999997822290E-003
  0.99999997764825821        4.9999999997777864E-003
   1.0199999772012234        4.9999999997733411E-003
   1.0399999767541885        4.9999999997688968E-003
   1.0599999763071537        4.9999999997644533E-003
   1.0799999758601189        4.9999999997600089E-003
   1.0999999754130840        4.9999999997555646E-003
   1.1199999749660492        4.9999999997511202E-003
   1.1399999745190144        4.9999999997466758E-003
   1.1599999740719795        4.9999999997422323E-003
   1.1799999736249447        4.9999999997377871E-003
   1.1999999731779099        4.9999999997333427E-003
   1.2199999727308750        4.9999999997288984E-003
   1.2399999722838402        4.9999999997244549E-003
   1.2599999718368053        4.9999999997200105E-003
   1.2799999713897705        4.9999999997155670E-003
   1.2999999709427357        4.9999999997111227E-003
   1.3199999704957008        4.9999999997066774E-003
   1.3399999700486660        4.9999999997022331E-003
   1.3599999696016312        4.9999999996977896E-003
   1.3799999691545963        4.9999999996933444E-003
   1.3999999687075615        4.9999999996889017E-003
   1.4199999682605267        4.9999999996844574E-003
   1.4399999678134918        4.9999999996800130E-003
   1.4599999673664570        4.9999999996755678E-003
   1.4799999669194221        4.9999999996711243E-003
   1.4999999664723873        4.9999999996666799E-003
   1.5199999660253525        4.9999999996622364E-003
   1.5399999655783176        4.9999999996577921E-003
   1.5599999651312828        4.9999999996533468E-003
   1.5799999646842480        4.9999999996489025E-003
   1.5999999642372131        4.9999999996444590E-003
   1.6199999637901783        4.9999999996400146E-003
   1.6399999633431435        4.9999999996355703E-003
   1.6599999628961086        4.9999999996311259E-003
   1.6799999624490738        4.9999999996266807E-003
   1.6999999620020390        4.9999999996222363E-003
   1.7199999615550041        4.9999999996177928E-003
   1.7399999611079693        4.9999999996133476E-003
   1.7599999606609344        4.9999999996089041E-003
   1.7799999602138996        4.9999999996044597E-003
   1.7999999597668648        4.9999999996000154E-003
   1.8199999593198299        4.9999999995955710E-003
   1.8399999588727951        4.9999999995911266E-003
   1.8599999584257603        4.9999999995866823E-003
   1.8799999579787254        4.9999999995822379E-003
   1.8999999575316906        4.9999999995777936E-003
   1.9199999570846558        4.9999999995733501E-003
   1.9399999566376209        4.9999999995689057E-003
   1.9599999561905861        4.9999999995644622E-003
   1.9799999557435513        4.9999999995600170E-003
   1.9999999552965164        4.9999999995555726E-003
   2.0199999548494816        4.9999999995511291E-003
   2.0399999544024467        4.9999999995466848E-003
   2.0599999539554119        4.9999999995422413E-003
   2.0799999535083771        4.9999999995377969E-003
   2.0999999530613422        4.9999999995333526E-003
   2.1199999526143074        4.9999999995289082E-003
   2.1399999521672726        4.9999999995244638E-003
   2.1599999517202377        4.9999999995200186E-003
   2.1799999512732029        4.9999999995155742E-003
   2.1999999508261681        4.9999999995111307E-003
   2.2199999503791332        4.9999999995066864E-003
   2.2399999499320984        4.9999999995022420E-003
   2.2599999494850636        4.9999999994977985E-003
   2.2799999490380287        4.9999999994933542E-003
   2.2999999485909939        4.9999999994889098E-003
   2.3199999481439590        4.9999999994844654E-003
   2.3399999476969242        4.9999999994800211E-003
   2.3599999472498894        4.9999999994755785E-003
   2.3799999468028545        4.9999999994711332E-003
   2.3999999463558197        4.9999999994666897E-003
   2.4199999459087849        4.9999999994622454E-003
   2.4399999454617500        4.9999999994578010E-003
   2.4599999450147152        4.9999999994533566E-003
   2.4799999445676804        4.9999999994489123E-003
   2.4999999441206455        4.9999999994444679E-003
   2.5199999436736107        4.9999999994400244E-003
   2.5399999432265759        4.9999999994355801E-003
   2.5599999427795410        4.9999999994311366E-003
   2.5799999423325062        4.9999999994266931E-003
   2.5999999418854713        4.9999999994222478E-003
   2.6199999414384365        4.9999999994178035E-003
   2.6399999409914017        4.9999999994133600E-003
   2.6599999405443668        4.9999999994089165E-003
   2.6799999400973320        4.9999999994044721E-003
   2.6999999396502972        4.9999999994000269E-003
   2.7199999392032623        4.9999999993955817E-003
   2.7399999387562275        4.9999999993911382E-003
   2.7599999383091927        4.9999999993866938E-003
   2.7799999378621578        4.9999999993822495E-003
   2.7999999374151230        4.9999999993778060E-003
   2.8199999369680882        4.9999999993733616E-003
   2.8399999365210533        4.9999999993689190E-003
   2.8599999360740185        4.9999999993644738E-003
   2.8799999356269836        4.9999999993600294E-003
   2.8999999351799488        4.9999999993555850E-003
   2.9199999347329140        4.9999999993511407E-003
   2.9399999342858791        4.9999999993466954E-003
   2.9599999338388443        4.9999999993422519E-003
   2.9799999333918095        4.9999999993378076E-003
   2.9999999329447746        4.9999999993333641E-003
   3.0199999324977398        4.9999999993289189E-003
   3.0399999320507050        4.9999999993244745E-003
   3.0599999316036701        4.9999999993200301E-003
   3.0799999311566353        4.9999999993155858E-003
   3.0999999307096004        4.9999999993111423E-003
   3.1199999302625656        4.9999999993066971E-003
   3.1399999298155308        4.9999999993022536E-003
   3.1599999293684959        4.9999999992978092E-003
   3.1799999289214611        4.9999999992933648E-003
   3.1999999284744263        4.9999999992889213E-003
   3.2199999280273914        4.9999999992844770E-003
   3.2399999275803566        4.9999999992800326E-003
   3.2599999271333218        4.9999999992755900E-003
   3.2799999266862869        4.9999999992711456E-003
   3.2999999262392521        4.9999999992667021E-003
   3.3199999257922173        4.9999999992622578E-003
   3.3399999253451824        4.9999999992578125E-003
   3.3599999248981476        4.9999999992533690E-003
   3.3799999244511127        4.9999999992489247E-003
   3.3999999240040779        4.9999999992444812E-003
   3.4199999235570431        4.9999999992400377E-003
   3.4399999231100082        4.9999999992355933E-003
   3.4599999226629734        4.9999999992311481E-003
   3.4799999222159386        4.9999999992267037E-003
   3.4999999217689037        4.9999999992222594E-003
   3.5199999213218689        4.9999999992178150E-003
   3.5399999208748341        4.9999999992133715E-003
   3.5599999204277992        4.9999999992089263E-003
   3.5799999199807644        4.9999999992044819E-003
   3.5999999195337296        4.9999999992000384E-003
   3.6199999190866947        4.9999999991955941E-003
   3.6399999186396599        4.9999999991911497E-003
   3.6599999181926250        4.9999999991867054E-003
   3.6799999177455902        4.9999999991822610E-003
   3.6999999172985554        4.9999999991778175E-003
   3.7199999168515205        4.9999999991733740E-003
   3.7399999164044857        4.9999999991689296E-003
   3.7599999159574509        4.9999999991644853E-003
   3.7799999155104160        4.9999999991600409E-003
   3.7999999150633812        4.9999999991555966E-003
   3.8199999146163464        4.9999999991511522E-003
   3.8399999141693115        4.9999999991467078E-003
   3.8599999137222767        4.9999999991422652E-003
   3.8799999132752419        4.9999999991378209E-003
   3.8999999128282070        4.9999999991333765E-003
   3.9199999123811722        4.9999999991289321E-003
   3.9399999119341373        4.9999999991244869E-003
   3.9599999114871025        4.9999999991200425E-003
   3.9799999110400677        4.9999999991155990E-003
   3.9999999105930328        4.9999999991111547E-003
   4.0199999101459980        4.9999999991067103E-003
   4.0399999096989632        4.9999999991022660E-003
   4.0599999092519283        4.9999999990978216E-003
   4.0799999088048935        4.9999999990933772E-003
   4.0999999083578587        4.9999999990889329E-003
   4.1199999079108238        4.9999999990844894E-003
   4.1399999074637890        4.9999999990800450E-003
   4.1599999070167542        4.9999999990756015E-003
   4.1799999065697193        4.9999999990711572E-003
   4.1999999061226845        4.9999999990667137E-003
   4.2199999056756496        4.9999999990622693E-003
   4.2399999052286148        4.9999999990578241E-003
   4.2599999047815800        4.9999999990533806E-003
   4.2799999043345451        4.9999999990489354E-003
   4.2999999038875103        4.9999999990444919E-003
   4.3199999034404755        4.9999999990400475E-003
   4.3399999029934406        4.9999999990356031E-003
   4.3599999025464058        4.9999999990311579E-003
   4.3799999020993710        4.9999999990267144E-003
   4.3999999016523361        4.9999999990222701E-003
   4.4199999012053013        4.9999999990178257E-003
   4.4399999007582664        4.9999999990133813E-003
   4.4599999003112316        4.9999999990089370E-003
   4.4799998998641968        4.9999999990044935E-003
   4.4999998994171619        4.9999999990000491E-003
   4.5199998989701271        4.9999999989956048E-003
   4.5399998985230923        4.9999999989911604E-003
   4.5599998980760574        4.9999999989867160E-003
   4.5799998976290226        4.9999999989822717E-003
   4.5999998971819878        4.9999999989778282E-003
   4.6199998967349529        4.9999999989733838E-003
   4.6399998962879181        4.9999999989689403E-003
   4.6599998958408833        4.9999999989644951E-003
   4.6799998953938484        4.9999999989600516E-003
   4.6999998949468136        4.9999999989556081E-003
   4.7199998944997787        4.9999999989511646E-003
   4.7399998940527439        4.9999999989467194E-003
   4.7599998936057091        4.9999999989422750E-003
   4.7799998931586742        4.9999999989378315E-003
   4.7999998927116394        4.9999999989333872E-003
   4.8199998922646046        4.9999999989289437E-003
   4.8399998918175697        4.9999999989244993E-003
   4.8599998913705349        4.9999999989200558E-003
   4.8799998909235001        4.9999999989156114E-003
   4.8999998904764652        4.9999999989111671E-003
   4.9199998900294304        4.9999999989067227E-003
   4.9399998895823956        4.9999999989022784E-003
   4.9599998891353607        4.9999999988978340E-003
   4.9799998886883259        4.9999999988933888E-003
   4.9999998882412910        4.9999999988889444E-003
   5.0199998877942562        4.9999999988845001E-003
   5.0399998873472214        4.9999999988800566E-003
   5.0599998869001865        4.9999999988756122E-003
   5.0799998864531517        4.9999999988711678E-003
   5.0999998860061169        4.9999999988667235E-003
   5.1199998855590820        4.9999999988622791E-003
   5.1399998851120472        4.9999999988578356E-003
   5.1599998846650124        4.9999999988533913E-003
   5.1799998842179775        4.9999999988489478E-003
   5.1999998837709427        4.9999999988445034E-003
   5.2199998833239079        4.9999999988400590E-003
   5.2399998828768730        4.9999999988356147E-003
   5.2599998824298382        4.9999999988311703E-003
   5.2799998819828033        4.9999999988267268E-003
   5.2999998815357685        4.9999999988222825E-003
   5.3199998810887337        4.9999999988178390E-003
   5.3399998806416988        4.9999999988133937E-003
   5.3599998801946640        4.9999999988089502E-003
   5.3799998797476292        4.9999999988045059E-003
   5.3999998793005943        4.9999999988000615E-003
   5.4199998788535595        4.9999999987956172E-003
   5.4399998784065247        4.9999999987911737E-003
   5.4599998779594898        4.9999999987867293E-003
   5.4799998775124550        4.9999999987822858E-003
   5.4999998770654202        4.9999999987778414E-003
   5.5199998766183853        4.9999999987733971E-003
   5.5399998761713505        4.9999999987689527E-003
   5.5599998757243156        4.9999999987645084E-003
   5.5799998752772808        4.9999999987600657E-003
   5.5999998748302460        4.9999999987556205E-003
   5.6199998743832111        4.9999999987511770E-003
   5.6399998739361763        4.9999999987467326E-003
   5.6599998734891415        4.9999999987422883E-003
   5.6799998730421066        4.9999999987378448E-003
   5.6999998725950718        4.9999999987334004E-003
   5.7199998721480370        4.9999999987289569E-003
   5.7399998717010021        4.9999999987245126E-003
   5.7599998712539673        4.9999999987200682E-003
   5.7799998708069324        4.9999999987156239E-003
   5.7999998703598976        4.9999999987111795E-003
   5.8199998699128628        4.9999999987067351E-003
   5.8399998694658279        4.9999999987022908E-003
   5.8599998690187931        4.9999999986978473E-003
   5.8799998685717583        4.9999999986934020E-003
   5.8999998681247234        4.9999999986889577E-003
   5.9199998676776886        4.9999999986845133E-003
   5.9399998672306538        4.9999999986800698E-003
   5.9599998667836189        4.9999999986756255E-003
   5.9799998663365841        4.9999999986711811E-003
   5.9999998658895493        4.9999999986667376E-003
   6.0199998654425144        4.9999999986622932E-003
   6.0399998649954796        4.9999999986578498E-003
   6.0599998645484447        4.9999999986534054E-003
   6.0799998641014099        4.9999999986489619E-003
   6.0999998636543751        4.9999999986445175E-003
   6.1199998632073402        4.9999999986400740E-003
   6.1399998627603054        4.9999999986356297E-003
   6.1599998623132706        4.9999999986311853E-003
   6.1799998618662357        4.9999999986267410E-003
   6.1999998614192009        4.9999999986222966E-003
   6.2199998609721661        4.9999999986178531E-003
   6.2399998605251312        4.9999999986134087E-003
   6.2599998600780964        4.9999999986089644E-003
   6.2799998596310616        4.9999999986045200E-003
   6.2999998591840267        4.9999999986000765E-003
   6.3199998587369919        4.9999999985956330E-003
   6.3399998582899570        4.9999999985911878E-003
   6.3599998578429222        4.9999999985867434E-003
   6.3799998573958874        4.9999999985822991E-003
   6.3999998569488525        4.9999999985778538E-003
   6.4199998565018177        4.9999999985734095E-003
   6.4399998560547829        4.9999999985689651E-003
   6.4599998556077480        4.9999999985645208E-003
   6.4799998551607132        4.9999999985600764E-003
   6.4999998547136784        4.9999999985556329E-003
   6.5199998542666435        4.9999999985511885E-003
   6.5399998538196087        4.9999999985467442E-003
   6.5599998533725739        4.9999999985422990E-003
   6.5799998529255390        4.9999999985378563E-003
   6.5999998524785042        4.9999999985334111E-003
   6.6199998520314693        4.9999999985289667E-003
   6.6399998515844345        4.9999999985245232E-003
   6.6599998511373997        4.9999999985200780E-003
   6.6799998506903648        4.9999999985156337E-003
   6.6999998502433300        4.9999999985111884E-003
   6.7199998497962952        4.9999999985067458E-003
   6.7399998493492603        4.9999999985023014E-003
   6.7599998489022255        4.9999999984978571E-003
   6.7799998484551907        4.9999999984934127E-003
   6.7999998480081558        4.9999999984889684E-003
   6.8199998475611210        4.9999999984845240E-003
   6.8399998471140862        4.9999999984800805E-003
   6.8599998466670513        4.9999999984756361E-003
   6.8799998462200165        4.9999999984711918E-003
   6.8999998457729816        4.9999999984667474E-003
   6.9199998453259468        4.9999999984623022E-003
   6.9399998448789120        4.9999999984578587E-003
   6.9599998444318771        4.9999999984534152E-003
   6.9799998439848423        4.9999999984489708E-003
   6.9999998435378075        4.9999999984445265E-003
   7.0199998430907726        4.9999999984400821E-003
   7.0399998426437378        4.9999999984356377E-003
   7.0599998421967030        4.9999999984311934E-003
   7.0799998417496681        4.9999999984267490E-003
   7.0999998413026333        4.9999999984223047E-003
   7.1199998408555984        4.9999999984178603E-003
   7.1399998404085636        4.9999999984134168E-003
   7.1599998399615288        4.9999999984089716E-003
   7.1799998395144939        4.9999999984045272E-003
   7.1999998390674591        4.9999999984000837E-003
   7.2199998386204243        4.9999999983956394E-003
   7.2399998381733894        4.9999999983911959E-003
   7.2599998377263546        4.9999999983867515E-003
   7.2799998372793198        4.9999999983823063E-003
   7.2999998368322849        4.9999999983778619E-003
   7.3199998363852501        4.9999999983734176E-003
   7.3399998359382153        4.9999999983689723E-003
   7.3599998354911804        4.9999999983645297E-003
   7.3799998350441456        4.9999999983600853E-003
   7.3999998345971107        4.9999999983556410E-003
   7.4199998341500759        4.9999999983511975E-003
   7.4399998337030411        4.9999999983467540E-003
   7.4599998332560062        4.9999999983423105E-003
   7.4799998328089714        4.9999999983378653E-003
   7.4999998323619366        4.9999999983334209E-003
   7.5199998319149017        4.9999999983289765E-003
   7.5399998314678669        4.9999999983245322E-003
   7.5599998310208321        4.9999999983200887E-003
   7.5799998305737972        4.9999999983156435E-003
   7.5999998301267624        4.9999999983111991E-003
   7.6199998296797276        4.9999999983067556E-003
   7.6399998292326927        4.9999999983023112E-003
   7.6599998287856579        4.9999999982978660E-003
   7.6799998283386230        4.9999999982934225E-003
   7.6999998278915882        4.9999999982889782E-003
   7.7199998274445534        4.9999999982845347E-003
   7.7399998269975185        4.9999999982800903E-003
   7.7599998265504837        4.9999999982756459E-003
   7.7799998261034489        4.9999999982712016E-003
   7.7999998256564140        4.9999999982667572E-003
   7.8199998252093792        4.9999999982623129E-003
   7.8399998247623444        4.9999999982578694E-003
   7.8599998243153095        4.9999999982534241E-003
   7.8799998238682747        4.9999999982489798E-003
   7.8999998234212399        4.9999999982445354E-003
   7.9199998229742050        4.9999999982400928E-003
   7.9399998225271702        4.9999999982356476E-003
   7.9599998220801353        4.9999999982312041E-003
   7.9799998216331005        4.9999999982267597E-003
   7.9999998211860657        4.9999999982223153E-003
   8.0199998207390308        4.9999999982178701E-003
   8.0399998202919960        4.9999999982134266E-003
   8.0599998198449612        4.9999999982089822E-003
   8.0799998193979263        4.9999999982045379E-003
   8.0999998189508915        4.9999999982000935E-003
   8.1199998185038567        4.9999999981956492E-003
   8.1399998180568218        4.9999999981912048E-003
   8.1599998176097870        4.9999999981867613E-003
   8.1799998171627522        4.9999999981823178E-003
   8.1999998167157173        4.9999999981778735E-003
   8.2199998162686825        4.9999999981734291E-003
   8.2399998158216476        4.9999999981689847E-003
   8.2599998153746128        4.9999999981645404E-003
   8.2799998149275780        4.9999999981600969E-003
   8.2999998144805431        4.9999999981556534E-003
   8.3199998140335083        4.9999999981512090E-003
   8.3399998135864735        4.9999999981467647E-003
   8.3599998131394386        4.9999999981423203E-003
   8.3799998126924038        4.9999999981378768E-003
   8.3999998122453690        4.9999999981334324E-003
   8.4199998117983341        4.9999999981289881E-003
   8.4399998113512993        4.9999999981245437E-003
   8.4599998109042645        4.9999999981200994E-003
   8.4799998104572296        4.9999999981156550E-003
   8.4999998100101948        4.9999999981112106E-003
   8.5199998095631599        4.9999999981067671E-003
   8.5399998091161251        4.9999999981023228E-003
   8.5599998086690903        4.9999999980978801E-003
   8.5799998082220554        4.9999999980934358E-003
   8.5999998077750206        4.9999999980889923E-003
   8.6199998073279858        4.9999999980845488E-003
   8.6399998068809509        4.9999999980801044E-003
   8.6599998064339161        4.9999999980756592E-003
   8.6799998059868813        4.9999999980712148E-003
   8.6999998055398464        4.9999999980667714E-003
   8.7199998050928116        4.9999999980623270E-003
   8.7399998046457767        4.9999999980578826E-003
   8.7599998041987419        4.9999999980534383E-003
   8.7799998037517071        4.9999999980489939E-003
   8.7999998033046722        4.9999999980445495E-003
   8.8199998028576374        4.9999999980401052E-003
   8.8399998024106026        4.9999999980356617E-003
   8.8599998019635677        4.9999999980312173E-003
   8.8799998015165329        4.9999999980267730E-003
   8.8999998010694981        4.9999999980223286E-003
   8.9199998006224632        4.9999999980178842E-003
   8.9399998001754284        4.9999999980134399E-003
   8.9599997997283936        4.9999999980089964E-003
   8.9799997992813587        4.9999999980045529E-003
   8.9999997988343239        4.9999999980001077E-003
   9.0199997983872890        4.9999999979956633E-003
   9.0399997979402542        4.9999999979912189E-003
   9.0599997974932194        4.9999999979867737E-003
   9.0799997970461845        4.9999999979823302E-003
   9.0999997965991497        4.9999999979778850E-003
   9.1199997961521149        4.9999999979734406E-003
   9.1399997957050800        4.9999999979689954E-003
   9.1599997952580452        4.9999999979645528E-003
   9.1799997948110104        4.9999999979601084E-003
   9.1999997943639755        4.9999999979556640E-003
   9.2199997939169407        4.9999999979512197E-003
   9.2399997934699059        4.9999999979467753E-003
   9.2599997930228710        4.9999999979423301E-003
   9.2799997925758362        4.9999999979378866E-003
   9.2999997921288013        4.9999999979334422E-003
   9.3199997916817665        4.9999999979289987E-003
   9.3399997912347317        4.9999999979245544E-003
   9.3599997907876968        4.9999999979201100E-003
   9.3799997903406620        4.9999999979156648E-003
   9.3999997898936272        4.9999999979112204E-003
   9.4199997894465923        4.9999999979067761E-003
   9.4399997889995575        4.9999999979023317E-003
   9.4599997885525227        4.9999999978978882E-003
   9.4799997881054878        4.9999999978934430E-003
   9.4999997876584530        4.9999999978889986E-003
   9.5199997872114182        4.9999999978845551E-003
   9.5399997867643833        4.9999999978801099E-003
   9.5599997863173485        4.9999999978756655E-003
   9.5799997858703136        4.9999999978712212E-003
   9.5999997854232788        4.9999999978667760E-003
   9.6199997849762440        4.9999999978623316E-003
   9.6399997845292091        4.9999999978578872E-003
   9.6599997840821743        4.9999999978534420E-003
   9.6799997836351395        4.9999999978489985E-003
   9.6999997831881046        4.9999999978445533E-003
   9.7199997827410698        4.9999999978401106E-003
   9.7399997822940350        4.9999999978356663E-003
   9.7599997818470001        4.9999999978312219E-003
   9.7799997813999653        4.9999999978267793E-003
   9.7999997809529305        4.9999999978223341E-003
   9.8199997805058956        4.9999999978178897E-003
   9.8399997800588608        4.9999999978134462E-003
   9.8599997796118259        4.9999999978090019E-003
   9.8799997791647911        4.9999999978045566E-003
   9.8999997787177563        4.9999999978001131E-003
   9.9199997782707214        4.9999999977956688E-003
   9.9399997778236866        4.9999999977912244E-003
   9.9599997773766518        4.9999999977867818E-003
   9.9799997769296169        4.9999999977823374E-003
   9.9999997764825821        4.9999999977778931E-003
   10.019999776035547        4.9999999977734487E-003
   10.039999775588512        4.9999999977690043E-003
   10.059999775141478        4.9999999977645600E-003
   10.079999774694443        4.9999999977601165E-003
   10.099999774247408        4.9999999977556721E-003
   10.119999773800373        4.9999999977512278E-003
   10.139999773353338        4.9999999977467834E-003
   10.159999772906303        4.9999999977423399E-003
   10.179999772459269        4.9999999977378955E-003
   10.199999772012234        4.9999999977334512E-003
   10.219999771565199        4.9999999977290068E-003
   10.239999771118164        4.9999999977245625E-003
   10.259999770671129        4.9999999977201181E-003
   10.279999770224094        4.9999999977156746E-003
   10.299999769777060        4.9999999977112294E-003
   10.319999769330025        4.9999999977067867E-003
   10.339999768882990        4.9999999977023415E-003
   10.359999768435955        4.9999999976978972E-003
   10.379999767988920        4.9999999976934537E-003
   10.399999767541885        4.9999999976890084E-003
   10.419999767094851        4.9999999976845641E-003
   10.439999766647816        4.9999999976801197E-003
   10.459999766200781        4.9999999976756762E-003
   10.479999765753746        4.9999999976712318E-003
   10.499999765306711        4.9999999976667875E-003
   10.519999764859676        4.9999999976623431E-003
   10.539999764412642        4.9999999976578988E-003
   10.559999763965607        4.9999999976534553E-003
   10.579999763518572        4.9999999976490100E-003
   10.599999763071537        4.9999999976445665E-003
   10.619999762624502        4.9999999976401222E-003
   10.639999762177467        4.9999999976356778E-003
   10.659999761730433        4.9999999976312326E-003
   10.679999761283398        4.9999999976267891E-003
   10.699999760836363        4.9999999976223447E-003
   10.719999760389328        4.9999999976179004E-003
   10.739999759942293        4.9999999976134560E-003
   10.759999759495258        4.9999999976090125E-003
   10.779999759048223        4.9999999976045673E-003
   10.799999758601189        4.9999999976001238E-003
   10.819999758154154        4.9999999975956803E-003
   10.839999757707119        4.9999999975912359E-003
   10.859999757260084        4.9999999975867924E-003
   10.879999756813049        4.9999999975823464E-003
   10.899999756366014        4.9999999975779020E-003
   10.919999755918980        4.9999999975734576E-003
   10.939999755471945        4.9999999975690141E-003
   10.959999755024910        4.9999999975645698E-003
   10.979999754577875        4.9999999975601254E-003
   10.999999754130840        4.9999999975556819E-003
   11.019999753683805        4.9999999975512384E-003
   11.039999753236771        4.9999999975467941E-003
   11.059999752789736        4.9999999975423497E-003
   11.079999752342701        4.9999999975379062E-003
   11.099999751895666        4.9999999975334618E-003
   11.119999751448631        4.9999999975290175E-003
   11.139999751001596        4.9999999975245731E-003
   11.159999750554562        4.9999999975201296E-003
   11.179999750107527        4.9999999975156853E-003
   11.199999749660492        4.9999999975112418E-003
   11.219999749213457        4.9999999975067983E-003
   11.239999748766422        4.9999999975023530E-003
   11.259999748319387        4.9999999974979096E-003
   11.279999747872353        4.9999999974934652E-003
   11.299999747425318        4.9999999974890200E-003
   11.319999746978283        4.9999999974845765E-003
   11.339999746531248        4.9999999974801312E-003
   11.359999746084213        4.9999999974756869E-003
   11.379999745637178        4.9999999974712425E-003
   11.399999745190144        4.9999999974667990E-003
   11.419999744743109        4.9999999974623547E-003
   11.439999744296074        4.9999999974579103E-003
   11.459999743849039        4.9999999974534651E-003
   11.479999743402004        4.9999999974490216E-003
   11.499999742954969        4.9999999974445763E-003
   11.519999742507935        4.9999999974401329E-003
   11.539999742060900        4.9999999974356885E-003
   11.559999741613865        4.9999999974312450E-003
   11.579999741166830        4.9999999974268006E-003
   11.599999740719795        4.9999999974223563E-003
   11.619999740272760        4.9999999974179119E-003
   11.639999739825726        4.9999999974134676E-003
   11.659999739378691        4.9999999974090232E-003
   11.679999738931656        4.9999999974045806E-003
   11.699999738484621        4.9999999974001345E-003
   11.719999738037586        4.9999999973956910E-003
   11.739999737590551        4.9999999973912475E-003
   11.759999737143517        4.9999999973868014E-003
   11.779999736696482        4.9999999973823579E-003
   11.799999736249447        4.9999999973779144E-003
   11.819999735802412        4.9999999973734700E-003
   11.839999735355377        4.9999999973690257E-003
   11.859999734908342        4.9999999973645813E-003
   11.879999734461308        4.9999999973601361E-003
   11.899999734014273        4.9999999973556917E-003
   11.919999733567238        4.9999999973512482E-003
   11.939999733120203        4.9999999973468039E-003
   11.959999732673168        4.9999999973423604E-003
   11.979999732226133        4.9999999973379160E-003
   11.999999731779099        4.9999999973334725E-003
   12.019999731332064        4.9999999973290273E-003
   12.039999730885029        4.9999999973245821E-003
   12.059999730437994        4.9999999973201377E-003
   12.079999729990959        4.9999999973156942E-003
   12.099999729543924        4.9999999973112498E-003
   12.119999729096889        4.9999999973068055E-003
   12.139999728649855        4.9999999973023620E-003
   12.159999728202820        4.9999999972979168E-003
   12.179999727755785        4.9999999972934724E-003
   12.199999727308750        4.9999999972890289E-003
   12.219999726861715        4.9999999972845854E-003
   12.239999726414680        4.9999999972801402E-003
   12.259999725967646        4.9999999972756967E-003
   12.279999725520611        4.9999999972712523E-003
   12.299999725073576        4.9999999972668080E-003
   12.319999724626541        4.9999999972623627E-003
   12.339999724179506        4.9999999972579184E-003
   12.359999723732471        4.9999999972534740E-003
   12.379999723285437        4.9999999972490296E-003
   12.399999722838402        4.9999999972445853E-003
   12.419999722391367        4.9999999972401409E-003
   12.439999721944332        4.9999999972356966E-003
   12.459999721497297        4.9999999972312522E-003
   12.479999721050262        4.9999999972268078E-003
   12.499999720603228        4.9999999972223635E-003
   12.519999720156193        4.9999999972179182E-003
   12.539999719709158        4.9999999972134739E-003
   12.559999719262123        4.9999999972090295E-003
   12.579999718815088        4.9999999972045852E-003
   12.599999718368053        4.9999999972001399E-003
   12.619999717921019        4.9999999971956964E-003
   12.639999717473984        4.9999999971912529E-003
   12.659999717026949        4.9999999971868077E-003
   12.679999716579914        4.9999999971823642E-003
   12.699999716132879        4.9999999971779199E-003
   12.719999715685844        4.9999999971734755E-003
   12.739999715238810        4.9999999971690329E-003
   12.759999714791775        4.9999999971645876E-003
   12.779999714344740        4.9999999971601433E-003
   12.799999713897705        4.9999999971556998E-003
   12.819999713450670        4.9999999971512546E-003
   12.839999713003635        4.9999999971468102E-003
   12.859999712556601        4.9999999971423658E-003
   12.879999712109566        4.9999999971379215E-003
   12.899999711662531        4.9999999971334762E-003
   12.919999711215496        4.9999999971290328E-003
   12.939999710768461        4.9999999971245875E-003
   12.959999710321426        4.9999999971201432E-003
   12.979999709874392        4.9999999971156997E-003
   12.999999709427357        4.9999999971112544E-003
   13.019999708980322        4.9999999971068109E-003
   13.039999708533287        4.9999999971023657E-003
   13.059999708086252        4.9999999970979214E-003
   13.079999707639217        4.9999999970934770E-003
   13.099999707192183        4.9999999970890335E-003
   13.119999706745148        4.9999999970845883E-003
   13.139999706298113        4.9999999970801448E-003
   13.159999705851078        4.9999999970757004E-003
   13.179999705404043        4.9999999970712552E-003
   13.199999704957008        4.9999999970668117E-003
   13.219999704509974        4.9999999970623673E-003
   13.239999704062939        4.9999999970579230E-003
   13.259999703615904        4.9999999970534786E-003
   13.279999703168869        4.9999999970490351E-003
   13.299999702721834        4.9999999970445899E-003
   13.319999702274799        4.9999999970401464E-003
   13.339999701827765        4.9999999970357012E-003
   13.359999701380730        4.9999999970312568E-003
   13.379999700933695        4.9999999970268133E-003
   13.399999700486660        4.9999999970223689E-003
   13.419999700039625        4.9999999970179246E-003
   13.439999699592590        4.9999999970134802E-003
   13.459999699145555        4.9999999970090359E-003
   13.479999698698521        4.9999999970045915E-003
   13.499999698251486        4.9999999970001480E-003
   13.519999697804451        4.9999999969957045E-003
   13.539999697357416        4.9999999969912610E-003
   13.559999696910381        4.9999999969868175E-003
   13.579999696463346        4.9999999969823723E-003
   13.599999696016312        4.9999999969779279E-003
   13.619999695569277        4.9999999969734836E-003
   13.639999695122242        4.9999999969690392E-003
   13.659999694675207        4.9999999969645957E-003
   13.679999694228172        4.9999999969601505E-003
   13.699999693781137        4.9999999969557070E-003
   13.719999693334103        4.9999999969512626E-003
   13.739999692887068        4.9999999969468183E-003
   13.759999692440033        4.9999999969423739E-003
   13.779999691992998        4.9999999969379295E-003
   13.799999691545963        4.9999999969334860E-003
   13.819999691098928        4.9999999969290408E-003
   13.839999690651894        4.9999999969245965E-003
   13.859999690204859        4.9999999969201530E-003
   13.879999689757824        4.9999999969157077E-003
   13.899999689310789        4.9999999969112651E-003
   13.919999688863754        4.9999999969068199E-003
   13.939999688416719        4.9999999969023755E-003
   13.959999687969685        4.9999999968979312E-003
   13.979999687522650        4.9999999968934868E-003
   13.999999687075615        4.9999999968890433E-003
   14.019999686628580        4.9999999968845989E-003
   14.039999686181545        4.9999999968801554E-003
   14.059999685734510        4.9999999968757111E-003
   14.079999685287476        4.9999999968712667E-003
   14.099999684840441        4.9999999968668232E-003
   14.119999684393406        4.9999999968623789E-003
   14.139999683946371        4.9999999968579354E-003
   14.159999683499336        4.9999999968534901E-003
   14.179999683052301        4.9999999968490466E-003
   14.199999682605267        4.9999999968446032E-003
   14.219999682158232        4.9999999968401588E-003
   14.239999681711197        4.9999999968357153E-003
   14.259999681264162        4.9999999968312709E-003
   14.279999680817127        4.9999999968268274E-003
   14.299999680370092        4.9999999968223831E-003
   14.319999679923058        4.9999999968179387E-003
   14.339999679476023        4.9999999968134952E-003
   14.359999679028988        4.9999999968090517E-003
   14.379999678581953        4.9999999968046065E-003
   14.399999678134918        4.9999999968001639E-003
   14.419999677687883        4.9999999967957195E-003
   14.439999677240849        4.9999999967912752E-003
   14.459999676793814        4.9999999967868308E-003
   14.479999676346779        4.9999999967823873E-003
   14.499999675899744        4.9999999967779421E-003
   14.519999675452709        4.9999999967734977E-003
   14.539999675005674        4.9999999967690533E-003
   14.559999674558640        4.9999999967646090E-003
   14.579999674111605        4.9999999967601646E-003
   14.599999673664570        4.9999999967557203E-003
   14.619999673217535        4.9999999967512768E-003
   14.639999672770500        4.9999999967468324E-003
   14.659999672323465        4.9999999967423880E-003
   14.679999671876431        4.9999999967379445E-003
   14.699999671429396        4.9999999967335002E-003
   14.719999670982361        4.9999999967290558E-003
   14.739999670535326        4.9999999967246123E-003
   14.759999670088291        4.9999999967201671E-003
   14.779999669641256        4.9999999967157236E-003
   14.799999669194221        4.9999999967112792E-003
   14.819999668747187        4.9999999967068349E-003
   14.839999668300152        4.9999999967023897E-003
   14.859999667853117        4.9999999966979462E-003
   14.879999667406082        4.9999999966935018E-003
   14.899999666959047        4.9999999966890574E-003
   14.919999666512012        4.9999999966846131E-003
   14.939999666064978        4.9999999966801687E-003
   14.959999665617943        4.9999999966757244E-003
   14.979999665170908        4.9999999966712800E-003
   14.999999664723873        4.9999999966668365E-003
   15.019999664276838        4.9999999966623921E-003
   15.039999663829803        4.9999999966579486E-003
   15.059999663382769        4.9999999966535043E-003
   15.079999662935734        4.9999999966490599E-003
   15.099999662488699        4.9999999966446156E-003
   15.119999662041664        4.9999999966401712E-003
   15.139999661594629        4.9999999966357268E-003
   15.159999661147594        4.9999999966312825E-003
   15.179999660700560        4.9999999966268390E-003
   15.199999660253525        4.9999999966223955E-003
   15.219999659806490        4.9999999966179511E-003
   15.239999659359455        4.9999999966135076E-003
   15.259999658912420        4.9999999966090633E-003
   15.279999658465385        4.9999999966046180E-003
   15.299999658018351        4.9999999966001745E-003
   15.319999657571316        4.9999999965957302E-003
   15.339999657124281        4.9999999965912858E-003
   15.359999656677246        4.9999999965868423E-003
   15.379999656230211        4.9999999965823980E-003
   15.399999655783176        4.9999999965779545E-003
   15.419999655336142        4.9999999965735101E-003
   15.439999654889107        4.9999999965690657E-003
   15.459999654442072        4.9999999965646214E-003
   15.479999653995037        4.9999999965601779E-003
   15.499999653548002        4.9999999965557335E-003
   15.519999653100967        4.9999999965512892E-003
   15.539999652653933        4.9999999965468448E-003
   15.559999652206898        4.9999999965423996E-003
   15.579999651759863        4.9999999965379552E-003
   15.599999651312828        4.9999999965335109E-003
   15.619999650865793        4.9999999965290674E-003
   15.639999650418758        4.9999999965246239E-003
   15.659999649971724        4.9999999965201795E-003
   15.679999649524689        4.9999999965157360E-003
   15.699999649077654        4.9999999965112917E-003
   15.719999648630619        4.9999999965068473E-003
   15.739999648183584        4.9999999965024038E-003
   15.759999647736549        4.9999999964979594E-003
   15.779999647289515        4.9999999964935142E-003
   15.799999646842480        4.9999999964890707E-003
   15.819999646395445        4.9999999964846272E-003
   15.839999645948410        4.9999999964801829E-003
   15.859999645501375        4.9999999964757385E-003
   15.879999645054340        4.9999999964712941E-003
   15.899999644607306        4.9999999964668506E-003
   15.919999644160271        4.9999999964624063E-003
   15.939999643713236        4.9999999964579619E-003
   15.959999643266201        4.9999999964535176E-003
   15.979999642819166        4.9999999964490732E-003
   15.999999642372131        4.9999999964446288E-003
   16.019999641925097        4.9999999964401845E-003
   16.039999641478062        4.9999999964357401E-003
   16.059999641031027        4.9999999964312957E-003
   16.079999640583992        4.9999999964268505E-003
   16.099999640136957        4.9999999964224070E-003
   16.119999639689922        4.9999999964179635E-003
   16.139999639242887        4.9999999964135183E-003
   16.159999638795853        4.9999999964090739E-003
   16.179999638348818        4.9999999964046296E-003
   16.199999637901783        4.9999999964001852E-003
   16.219999637454748        4.9999999963957417E-003
   16.239999637007713        4.9999999963912965E-003
   16.259999636560678        4.9999999963868521E-003
   16.279999636113644        4.9999999963824086E-003
   16.299999635666609        4.9999999963779643E-003
   16.319999635219574        4.9999999963735190E-003
   16.339999634772539        4.9999999963690756E-003
   16.359999634325504        4.9999999963646321E-003
   16.379999633878469        4.9999999963601877E-003
   16.399999633431435        4.9999999963557433E-003
   16.419999632984400        4.9999999963512998E-003
   16.439999632537365        4.9999999963468555E-003
   16.459999632090330        4.9999999963424111E-003
   16.479999631643295        4.9999999963379659E-003
   16.499999631196260        4.9999999963335207E-003
   16.519999630749226        4.9999999963290763E-003
   16.539999630302191        4.9999999963246319E-003
   16.559999629855156        4.9999999963201893E-003
   16.579999629408121        4.9999999963157432E-003
   16.599999628961086        4.9999999963112988E-003
   16.619999628514051        4.9999999963068545E-003
   16.639999628067017        4.9999999963024101E-003
   16.659999627619982        4.9999999962979658E-003
   16.679999627172947        4.9999999962935214E-003
   16.699999626725912        4.9999999962890770E-003
   16.719999626278877        4.9999999962846327E-003
   16.739999625831842        4.9999999962801883E-003
   16.759999625384808        4.9999999962757440E-003
   16.779999624937773        4.9999999962712996E-003
   16.799999624490738        4.9999999962668561E-003
   16.819999624043703        4.9999999962624109E-003
   16.839999623596668        4.9999999962579665E-003
   16.859999623149633        4.9999999962535239E-003
   16.879999622702599        4.9999999962490795E-003
   16.899999622255564        4.9999999962446343E-003
   16.919999621808529        4.9999999962401908E-003
   16.939999621361494        4.9999999962357464E-003
   16.959999620914459        4.9999999962313021E-003
   16.979999620467424        4.9999999962268568E-003
   16.999999620020390        4.9999999962224125E-003
   17.019999619573355        4.9999999962179681E-003
   17.039999619126320        4.9999999962135246E-003
   17.059999618679285        4.9999999962090811E-003
   17.079999618232250        4.9999999962046368E-003
   17.099999617785215        4.9999999962001933E-003
   17.119999617338181        4.9999999961957498E-003
   17.139999616891146        4.9999999961913046E-003
   17.159999616444111        4.9999999961868611E-003
   17.179999615997076        4.9999999961824176E-003
   17.199999615550041        4.9999999961779732E-003
   17.219999615103006        4.9999999961735288E-003
   17.239999614655972        4.9999999961690862E-003
   17.259999614208937        4.9999999961646410E-003
   17.279999613761902        4.9999999961601975E-003
   17.299999613314867        4.9999999961557531E-003
   17.319999612867832        4.9999999961513088E-003
   17.339999612420797        4.9999999961468653E-003
   17.359999611973763        4.9999999961424209E-003
   17.379999611526728        4.9999999961379766E-003
   17.399999611079693        4.9999999961335331E-003
   17.419999610632658        4.9999999961290878E-003
   17.439999610185623        4.9999999961246435E-003
   17.459999609738588        4.9999999961202000E-003
   17.479999609291553        4.9999999961157547E-003
   17.499999608844519        4.9999999961113104E-003
   17.519999608397484        4.9999999961068660E-003
   17.539999607950449        4.9999999961024217E-003
   17.559999607503414        4.9999999960979782E-003
   17.579999607056379        4.9999999960935338E-003
   17.599999606609344        4.9999999960890886E-003
   17.619999606162310        4.9999999960846451E-003
   17.639999605715275        4.9999999960801999E-003
   17.659999605268240        4.9999999960757564E-003
   17.679999604821205        4.9999999960713120E-003
   17.699999604374170        4.9999999960668676E-003
   17.719999603927135        4.9999999960624241E-003
   17.739999603480101        4.9999999960579789E-003
   17.759999603033066        4.9999999960535363E-003
   17.779999602586031        4.9999999960490911E-003
   17.799999602138996        4.9999999960446467E-003
   17.819999601691961        4.9999999960402023E-003
   17.839999601244926        4.9999999960357580E-003
   17.859999600797892        4.9999999960313136E-003
   17.879999600350857        4.9999999960268701E-003
   17.899999599903822        4.9999999960224258E-003
   17.919999599456787        4.9999999960179814E-003
   17.939999599009752        4.9999999960135370E-003
   17.959999598562717        4.9999999960090918E-003
   17.979999598115683        4.9999999960046474E-003
   17.999999597668648        4.9999999960002022E-003
   18.019999597221613        4.9999999959957587E-003
   18.039999596774578        4.9999999959913152E-003
   18.059999596327543        4.9999999959868709E-003
   18.079999595880508        4.9999999959824265E-003
   18.099999595433474        4.9999999959779839E-003
   18.119999594986439        4.9999999959735395E-003
   18.139999594539404        4.9999999959690952E-003
   18.159999594092369        4.9999999959646508E-003
   18.179999593645334        4.9999999959602064E-003
   18.199999593198299        4.9999999959557629E-003
   18.219999592751265        4.9999999959513177E-003
   18.239999592304230        4.9999999959468751E-003
   18.259999591857195        4.9999999959424307E-003
   18.279999591410160        4.9999999959379864E-003
   18.299999590963125        4.9999999959335420E-003
   18.319999590516090        4.9999999959290976E-003
   18.339999590069056        4.9999999959246533E-003
   18.359999589622021        4.9999999959202089E-003
   18.379999589174986        4.9999999959157654E-003
   18.399999588727951        4.9999999959113211E-003
   18.419999588280916        4.9999999959068758E-003
   18.439999587833881        4.9999999959024323E-003
   18.459999587386847        4.9999999958979880E-003
   18.479999586939812        4.9999999958935436E-003
   18.499999586492777        4.9999999958891010E-003
   18.519999586045742        4.9999999958846566E-003
   18.539999585598707        4.9999999958802131E-003
   18.559999585151672        4.9999999958757688E-003
   18.579999584704638        4.9999999958713244E-003
   18.599999584257603        4.9999999958668792E-003
   18.619999583810568        4.9999999958624348E-003
   18.639999583363533        4.9999999958579905E-003
   18.659999582916498        4.9999999958535461E-003
   18.679999582469463        4.9999999958491017E-003
   18.699999582022429        4.9999999958446574E-003
   18.719999581575394        4.9999999958402139E-003
   18.739999581128359        4.9999999958357695E-003
   18.759999580681324        4.9999999958313252E-003
   18.779999580234289        4.9999999958268799E-003
   18.799999579787254        4.9999999958224356E-003
   18.819999579340219        4.9999999958179912E-003
   18.839999578893185        4.9999999958135468E-003
   18.859999578446150        4.9999999958091025E-003
   18.879999577999115        4.9999999958046581E-003
   18.899999577552080        4.9999999958002138E-003
   18.919999577105045        4.9999999957957703E-003
   18.939999576658010        4.9999999957913259E-003
   18.959999576210976        4.9999999957868815E-003
   18.979999575763941        4.9999999957824372E-003
   18.999999575316906        4.9999999957779937E-003
   19.019999574869871        4.9999999957735485E-003
   19.039999574422836        4.9999999957691050E-003
   19.059999573975801        4.9999999957646606E-003
   19.079999573528767        4.9999999957602162E-003
   19.099999573081732        4.9999999957557719E-003
   19.119999572634697        4.9999999957513275E-003
   19.139999572187662        4.9999999957468831E-003
   19.159999571740627        4.9999999957424388E-003
   19.179999571293592        4.9999999957379944E-003
   19.199999570846558        4.9999999957335501E-003
   19.219999570399523        4.9999999957291057E-003
   19.239999569952488        4.9999999957246622E-003
   19.259999569505453        4.9999999957202170E-003
   19.279999569058418        4.9999999957157735E-003
   19.299999568611383        4.9999999957113291E-003
   19.319999568164349        4.9999999957068848E-003
   19.339999567717314        4.9999999957024404E-003
   19.359999567270279        4.9999999956979960E-003
   19.379999566823244        4.9999999956935517E-003
   19.399999566376209        4.9999999956891073E-003
   19.419999565929174        4.9999999956846630E-003
   19.439999565482140        4.9999999956802186E-003
   19.459999565035105        4.9999999956757742E-003
   19.479999564588070        4.9999999956713299E-003
   19.499999564141035        4.9999999956668855E-003
   19.519999563694000        4.9999999956624420E-003
   19.539999563246965        4.9999999956579977E-003
   19.559999562799931        4.9999999956535533E-003
   19.579999562352896        4.9999999956491098E-003
   19.599999561905861        4.9999999956446654E-003
   19.619999561458826        4.9999999956402219E-003
   19.639999561011791        4.9999999956357784E-003
   19.659999560564756        4.9999999956313341E-003
   19.679999560117722        4.9999999956268889E-003
   19.699999559670687        4.9999999956224454E-003
   19.719999559223652        4.9999999956180010E-003
   19.739999558776617        4.9999999956135566E-003
   19.759999558329582        4.9999999956091131E-003
   19.779999557882547        4.9999999956046688E-003
   19.799999557435513        4.9999999956002244E-003
   19.819999556988478        4.9999999955957792E-003
   19.839999556541443        4.9999999955913366E-003
   19.859999556094408        4.9999999955868922E-003
   19.879999555647373        4.9999999955824478E-003
   19.899999555200338        4.9999999955780035E-003
   19.919999554753304        4.9999999955735591E-003
   19.939999554306269        4.9999999955691148E-003
   19.959999553859234        4.9999999955646704E-003
   19.979999553412199        4.9999999955602260E-003
   19.999999552965164        4.9999999955557817E-003
   20.019999552518129        4.9999999955513382E-003
