   1.9999999552965164E-002   9.9980000667560687E-002
   3.9999999105930328E-002   9.9920010669797568E-002
   5.9999998658895493E-002   9.9820054001908784E-002
   7.9999998211860657E-002   9.9680170645226912E-002
   9.9999997764825821E-002   9.9500416551226920E-002
  0.11999999731779099        9.9280863619146342E-002
  0.13999999687075615        9.9021599667226554E-002
  0.15999999642372131        9.8722728397586640E-002
  0.17999999597668648        9.8384369354743942E-002
  0.19999999552965164        9.8006657877797818E-002
  0.21999999508261681        9.7589745046295834E-002
  0.23999999463558197        9.7133797619803966E-002
  0.25999999418854713        9.6638997971204996E-002
  0.27999999374151230        9.6105544013751779E-002
  0.29999999329447746        9.5533649121904596E-002
  0.31999999284744263        9.4923542045984230E-002
  0.33999999240040779        9.4275466820674864E-002
  0.35999999195337296        9.3589682667413493E-002
  0.37999999150633812        9.2866463890704784E-002
  0.39999999105930328        9.2106099768402963E-002
  0.41999999061226845        9.1308894436004540E-002
  0.43999999016523361        9.0475166764998130E-002
  0.45999998971819878        8.9605250235320150E-002
  0.47999998927116394        8.8699492801967289E-002
  0.49999998882412910        8.7758256755819150E-002
  0.51999998837709427        8.6781918578726747E-002
  0.53999998793005943        8.5770868792924795E-002
  0.55999998748302460        8.4725511804827985E-002
  0.57999998703598976        8.3646265743273884E-002
  0.59999998658895493        8.2533562292276930E-002
  0.61999998614192009        8.1387846518360632E-002
  0.63999998569488525        8.0209576692536866E-002
  0.65999998524785042        7.8999224107003621E-002
  0.67999998480081558        7.7757272886634365E-002
  0.69999998435378075        7.6484219795334638E-002
  0.71999998390674591        7.5180574037343031E-002
  0.73999998345971107        7.3846857053556370E-002
  0.75999998301267624        7.2483602312960277E-002
  0.77999998256564140        7.1091355099248688E-002
  0.79999998211860657        6.9670672292717686E-002
  0.81999998167157173        6.8222122147520811E-002
  0.83999998122453690        6.6746284064374967E-002
  0.85999998077750206        6.5243748358807904E-002
  0.87999998033046722        6.3715116025039861E-002
  0.89999997988343239        6.2160998495593915E-002
  0.91999997943639755        6.0582017396731129E-002
  0.93999997898936272        5.8978804299808354E-002
  0.95999997854232788        5.7352000468658113E-002
  0.97999997809529305        5.5702256603091638E-002
  0.99999997764825821        5.4030232578627629E-002
   1.0199999772012234        5.2336597182550848E-002
   1.0399999767541885        5.0622027846406160E-002
   1.0599999763071537        4.8887210375034927E-002
   1.0799999758601189        4.7132838672262263E-002
   1.0999999754130840        4.5359614463344737E-002
   1.1199999749660492        4.3568247014289671E-002
   1.1399999745190144        4.1759452848158171E-002
   1.1599999740719795        3.9933955458465509E-002
   1.1799999736249447        3.8092485019793343E-002
   1.1999999731779099        3.6235778095729657E-002
   1.2199999727308750        3.4364577344253147E-002
   1.2399999722838402        3.2479631220679955E-002
   1.2599999718368053        3.0581693678291527E-002
   1.2799999713897705        2.8671523866763374E-002
   1.2999999709427357        2.6749885828515337E-002
   1.3199999704957008        2.4817548193104815E-002
   1.3399999700486660        2.2875283869785212E-002
   1.3599999696016312        2.0923869738352554E-002
   1.3799999691545963        1.8964086338403942E-002
   1.3999999687075615        1.6996717557132134E-002
   1.4199999682605267        1.5022550315781133E-002
   1.4399999678134918        1.3042374254888203E-002
   1.4599999673664570        1.1056981418438194E-002
   1.4799999669194221        9.0671659370565229E-003
   1.4999999664723873        7.0737237103675257E-003
   1.5199999660253525        5.0774520886452366E-003
   1.5399999655783176        3.0791495538839242E-003
   1.5599999651312828        1.0796154004159538E-003
   1.5799999646842480       -9.2035058479526940E-004
   1.5999999642372131       -2.9199484420594124E-003
   1.6199999637901783       -4.9183783589324048E-003
   1.6399999633431435       -6.9148409901307398E-003
   1.6599999628961086       -8.9085377772589128E-003
   1.6799999624490738       -1.0898671268222119E-002
   1.6999999620020390       -1.2884445436196441E-002
   1.7199999615550041       -1.4865065998028955E-002
   1.7399999611079693       -1.6839740731940379E-002
   1.7599999606609344       -1.8807679794403214E-002
   1.7799999602138996       -2.0768096036068606E-002
   1.7999999597668648       -2.2720205316615571E-002
   1.8199999593198299       -2.4663226818396663E-002
   1.8399999588727951       -2.6596383358754597E-002
   1.8599999584257603       -2.8518901700884947E-002
   1.8799999579787254       -3.0430012863120526E-002
   1.8999999575316906       -3.2328952426513805E-002
   1.9199999570846558       -3.4214960840594277E-002
   1.9399999566376209       -3.6087283727178496E-002
   1.9599999561905861       -3.7945172182111284E-002
   1.9799999557435513       -3.9787883074817398E-002
   1.9999999552965164       -4.1614679345543838E-002
   2.0199999548494816       -4.3424830300173897E-002
   2.0399999544024467       -4.5217611902495056E-002
   2.0599999539554119       -4.6992307063803807E-002
   2.0799999535083771       -4.8748205929731551E-002
   2.0999999530613422       -5.0484606164176882E-002
   2.1199999526143074       -5.2200813230230625E-002
   2.1399999521672726       -5.3896140667981353E-002
   2.1599999517202377       -5.5569910369090168E-002
   2.1799999512732029       -5.7221452848024996E-002
   2.1999999508261681       -5.8850107509845845E-002
   2.2199999503791332       -6.0455222914433962E-002
   2.2399999499320984       -6.2036157037059204E-002
   2.2599999494850636       -6.3592277525181345E-002
   2.2799999490380287       -6.5122961951382632E-002
   2.2999999485909939       -6.6627598062330456E-002
   2.3199999481439590       -6.8105584023670521E-002
   2.3399999476969242       -6.9556328660752537E-002
   2.3599999472498894       -7.0979251695092185E-002
   2.3799999468028545       -7.2373783976474759E-002
   2.3999999463558197       -7.3739367710607684E-002
   2.4199999459087849       -7.5075456682230729E-002
   2.4399999454617500       -7.6381516473594882E-002
   2.4599999450147152       -7.7657024678222261E-002
   2.4799999445676804       -7.8901471109861759E-002
   2.4999999441206455       -8.0114358006556738E-002
   2.5199999436736107       -8.1295200229743125E-002
   2.5399999432265759       -8.2443525458298403E-002
   2.5599999427795410       -8.3558874377463732E-002
   2.5799999423325062       -8.4640800862563731E-002
   2.5999999418854713       -8.5688872157450371E-002
   2.6199999414384365       -8.6702669047599698E-002
   2.6399999409914017       -8.7681786027792002E-002
   2.6599999405443668       -8.8625831464308497E-002
   2.6799999400973320       -8.9534427751579604E-002
   2.6999999396502972       -9.0407211463222115E-002
   2.7199999392032623       -9.1243833497404905E-002
   2.7399999387562275       -9.2043959216485005E-002
   2.7599999383091927       -9.2807268580858165E-002
   2.7799999378621578       -9.3533456276970448E-002
   2.7999999374151230       -9.4222231839439591E-002
   2.8199999369680882       -9.4873319767237230E-002
   2.8399999365210533       -9.5486459633885676E-002
   2.8599999360740185       -9.6061406191624996E-002
   2.8799999356269836       -9.6597929469508889E-002
   2.8999999351799488       -9.7095814865389943E-002
   2.9199999347329140       -9.7554863231757660E-002
   2.9399999342858791       -9.7974890955394786E-002
   2.9599999338388443       -9.8355730030820154E-002
   2.9799999333918095       -9.8697228127488643E-002
   2.9999999329447746       -9.8999248650721322E-002
   3.0199999324977398       -9.9261670796341545E-002
   3.0399999320507050       -9.9484389598994985E-002
   3.0599999316036701       -9.9667315974134391E-002
   3.0799999311566353       -9.9810376753652189E-002
   3.0999999307096004       -9.9913514715146770E-002
   3.1199999302625656       -9.9976688604810668E-002
   3.1399999298155308       -9.9999873153931579E-002
   3.1599999293684959       -9.9983059088999432E-002
   3.1799999289214611       -9.9926253135415741E-002
   3.1999999284744263       -9.9829478014803505E-002
   3.2199999280273914       -9.9692772435918842E-002
   3.2399999275803566       -9.9516191079168037E-002
   3.2599999271333218       -9.9299804574736097E-002
   3.2799999266862869       -9.9043699474335611E-002
   3.2999999262392521       -9.8747978216587234E-002
   3.3199999257922173       -9.8412759086045590E-002
   3.3399999253451824       -9.8038176165887059E-002
   3.3599999248981476       -9.7624379284278279E-002
   3.3799999244511127       -9.7171533954446859E-002
   3.3999999240040779       -9.6679821308478339E-002
   3.4199999235570431       -9.6149438024865738E-002
   3.4399999231100082       -9.5580596249840791E-002
   3.4599999226629734       -9.4973523512518324E-002
   3.4799999222159386       -9.4328462633887597E-002
   3.4999999217689037       -9.3645671629687177E-002
   3.5199999213218689       -9.2925423607202087E-002
   3.5399999208748341       -9.2168006656024523E-002
   3.5599999204277992       -9.1373723732821890E-002
   3.5799999199807644       -9.0542892540158140E-002
   3.5999999195337296       -8.9675845399417045E-002
   3.6199999190866947       -8.8772929117878013E-002
   3.6399999186396599       -8.7834504849997871E-002
   3.6599999181926250       -8.6860947952953876E-002
   3.6799999177455902       -8.5852647836505827E-002
   3.6999999172985554       -8.4810007807237422E-002
   3.7199999168515205       -8.3733444907238955E-002
   3.7399999164044857       -8.2623389747296078E-002
   3.7599999159574509       -8.1480286334651222E-002
   3.7799999155104160       -8.0304591895406646E-002
   3.7999999150633812       -7.9096776691640086E-002
   3.8199999146163464       -7.7857323833306208E-002
   3.8399999141693115       -7.6586729084999070E-002
   3.8599999137222767       -7.5285500667652910E-002
   3.8799999132752419       -7.3954159055260552E-002
   3.8999999128282070       -7.2593236766690772E-002
   3.9199999123811722       -7.1203278152687857E-002
   3.9399999119341373       -6.9784839178138561E-002
   3.9599999114871025       -6.8338487199693584E-002
   3.9799999110400677       -6.6864800738832497E-002
   3.9999999105930328       -6.5364369250462850E-002
   4.0199999101459980       -6.3837792887146111E-002
   4.0399999096989632       -6.2285682259044614E-002
   4.0599999092519283       -6.0708658189685683E-002
   4.0799999088048935       -5.9107351467640498E-002
   4.0999999083578587       -5.7482402594217087E-002
   4.1199999079108238       -5.5834461527268363E-002
   4.1399999074637890       -5.4164187421217640E-002
   4.1599999070167542       -5.2472248363405687E-002
   4.1799999065697193       -5.0759321106864708E-002
   4.1999999061226845       -4.9026090799626158E-002
   4.2199999056756496       -4.7273250710670685E-002
   4.2399999052286148       -4.5501501952629780E-002
   4.2599999047815800       -4.3711553201350117E-002
   4.2799999043345451       -4.1904120412432633E-002
   4.2999999038875103       -4.0079926534859894E-002
   4.3199999034404755       -3.8239701221826114E-002
   4.3399999029934406       -3.6384180538885640E-002
   4.3599999025464058       -3.4514106669536568E-002
   4.3799999020993710       -3.2630227618357231E-002
   4.3999999016523361       -3.0733296911814364E-002
   4.4199999012053013       -2.8824073296862582E-002
   4.4399999007582664       -2.6903320437455729E-002
   4.4599999003112316       -2.4971806609091492E-002
   4.4799998998641968       -2.3030304391511453E-002
   4.4999998994171619       -2.1079590359679518E-002
   4.5199998989701271       -1.9120444773162291E-002
   4.5399998985230923       -1.7153651264035678E-002
   4.5599998980760574       -1.5179996523442506E-002
   4.5799998976290226       -1.3200269986926579E-002
   4.5999998971819878       -1.1215263518669000E-002
   4.6199998967349529       -9.2257710947530620E-003
   4.6399998962879181       -7.2325884855844319E-003
   4.6599998958408833       -5.2365129375936022E-003
   4.6799998953938484       -3.2383428543479660E-003
   4.6999998949468136       -1.2388774772010519E-003
   4.7199998944997787        7.6108343439334689E-004
   4.7399998940527439        2.7607399227742740E-003
   4.7599998936057091        4.7592921520459965E-003
   4.7799998931586742        6.7559407280016800E-003
   4.7999998927116394        8.7498870178704009E-003
   4.8199998922646046        1.0740333469759588E-002
   4.8399998918175697        1.2726483931665134E-002
   4.8599998913705349        1.4707543969921567E-002
   4.8799998909235001        1.6682721186964903E-002
   4.8999998904764652        1.8651225538281097E-002
   4.9199998900294304        2.0612269648413301E-002
   4.9399998895823956        2.2565069125901532E-002
   4.9599998891353607        2.4508842877028779E-002
   4.9799998886883259        2.6442813418248067E-002
   4.9999998882412910        2.8366207187165489E-002
   5.0199998877942562        3.0278254851954838E-002
   5.0399998873472214        3.2178191619080060E-002
   5.0599998869001865        3.4065257539202476E-002
   5.0799998864531517        3.5938697811150340E-002
   5.0999998860061169        3.7797763083829247E-002
   5.1199998855590820        3.9641709755952576E-002
   5.1399998851120472        4.1469800273472052E-002
   5.1599998846650124        4.3281303424589530E-002
   5.1799998842179775        4.5075494632231962E-002
   5.1999998837709427        4.6851656243872525E-002
   5.2199998833239079        4.8609077818582071E-002
   5.2399998828768730        5.0347056411196002E-002
   5.2599998824298382        5.2064896853482964E-002
   5.2799998819828033        5.3761912032202840E-002
   5.2999998815357685        5.5437423163942880E-002
   5.3199998810887337        5.7090760066621997E-002
   5.3399998806416988        5.8721261427554669E-002
   5.3599998801946640        6.0328275067967167E-002
   5.3799998797476292        6.1911158203860353E-002
   5.3999998793005943        6.3469277703114710E-002
   5.4199998788535595        6.5002010338734734E-002
   5.4399998784065247        6.6508743038131396E-002
   5.4599998779594898        6.7988873128343008E-002
   5.4799998775124550        6.9441808577096364E-002
   5.4999998770654202        7.0866968229611735E-002
   5.5199998766183853        7.2263782041057004E-002
   5.5399998761713505        7.3631691304558031E-002
   5.5599998757243156        7.4970148874673889E-002
   5.5799998752772808        7.6278619386247803E-002
   5.5999998748302460        7.7556579468545980E-002
   5.6199998743832111        7.8803517954599001E-002
   5.6399998739361763        8.0018936085661713E-002
   5.6599998734891415        8.1202347710710110E-002
   5.6799998730421066        8.2353279480895228E-002
   5.6999998725950718        8.3471271038876374E-002
   5.7199998721480370        8.4555875202957945E-002
   5.7399998717010021        8.5606658145956069E-002
   5.7599998712539673        8.6623199568723733E-002
   5.7799998708069324        8.7605092868264831E-002
   5.7999998703598976        8.8551945300369930E-002
   5.8199998699128628        8.9463378136708668E-002
   5.8399998694658279        9.0339026816316101E-002
   5.8599998690187931        9.1178541091412171E-002
   5.8799998685717583        9.1981585167496133E-002
   5.8999998681247234        9.2747837837659927E-002
   5.9199998676776886        9.3476992611066609E-002
   5.9399998672306538        9.4168757835542585E-002
   5.9599998667836189        9.4822856814234635E-002
   5.9799998663365841        9.5439027916284891E-002
   5.9999998658895493        9.6017024681479768E-002
   6.0199998654425144        9.6556615918830677E-002
   6.0399998649954796        9.7057585799047399E-002
   6.0599998645484447        9.7519733940866882E-002
   6.0799998641014099        9.7942875491203077E-002
   6.0999998636543751        9.8326841199085704E-002
   6.1199998632073402        9.8671477483358416E-002
   6.1399998627603054        9.8976646494109144E-002
   6.1599998623132706        9.9242226167808270E-002
   6.1799998618662357        9.9468110276132407E-002
   6.1999998614192009        9.9654208468454283E-002
   6.2199998609721661        9.9800446307981808E-002
   6.2399998605251312        9.9906765301531780E-002
   6.2599998600780964        9.9973122922926400E-002
   6.2799998596310616        9.9999492630003170E-002
   6.2999998591840267        9.9985863875231382E-002
   6.3199998587369919        9.9932242109930999E-002
   6.3399998582899570        9.9838648782092212E-002
   6.3599998578429222        9.9705121327796534E-002
   6.3799998573958874        9.9531713156242846E-002
   6.3999998569488525        9.9318493628384436E-002
   6.4199998565018177        9.9065548029185560E-002
   6.4399998560547829        9.8772977533508569E-002
   6.4599998556077480        9.8440899165645343E-002
   6.4799998551607132        9.8069445752509130E-002
   6.4999998547136784        9.7658765870505523E-002
   6.5199998542666435        9.7209023786103910E-002
   6.5399998538196087        9.6720399390133091E-002
   6.5599998533725739        9.6193088125827331E-002
   6.5799998529255390        9.5627300910651677E-002
   6.5999998524785042        9.5023264051937770E-002
   6.6199998520314693        9.4381219156363980E-002
   6.6399998515844345        9.3701423033315911E-002
   6.6599998511373997        9.2984147592166111E-002
   6.6799998506903648        9.2229679733513939E-002
   6.6999998502433300        9.1438321234429160E-002
   6.7199998497962952        9.0610388627745148E-002
   6.7399998493492603        8.9746213075449957E-002
   6.7599998489022255        8.8846140236225973E-002
   6.7799998484551907        8.7910530127191064E-002
   6.7999998480081558        8.6939756979896504E-002
   6.8199998475611210        8.5934209090639382E-002
   6.8399998471140862        8.4894288665149267E-002
   6.8599998466670513        8.3820411657711244E-002
   6.8799998462200165        8.2713007604789807E-002
   6.8999998457729816        8.1572519453219985E-002
   6.9199998453259468        8.0399403383034515E-002
   6.9399998448789120        7.9194128624997945E-002
   6.9599998444318771        7.7957177272920564E-002
   6.9799998439848423        7.6689044090827316E-002
   6.9999998435378075        7.5390236315058839E-002
   7.0199998430907726        7.4061273451383650E-002
   7.0399998426437378        7.2702687067202787E-002
   7.0599998421967030        7.1315020578929980E-002
   7.0799998417496681        6.9898829034632279E-002
   7.0999998413026333        6.8454678892018311E-002
   7.1199998408555984        6.6983147791862707E-002
   7.1399998404085636        6.5484824326957514E-002
   7.1599998399615288        6.3960307806682937E-002
   7.1799998395144939        6.2410208017291621E-002
   7.1999998390674591        6.0835144978002256E-002
   7.2199998386204243        5.9235748693000176E-002
   7.2399998381733894        5.7612658899444100E-002
   7.2599998377263546        5.5966524811579807E-002
   7.2799998372793198        5.4298004861063114E-002
   7.2999998368322849        5.2607766433596000E-002
   7.3199998363852501        5.0896485601981234E-002
   7.3399998359382153        4.9164846855702278E-002
   7.3599998354911804        4.7413542827136654E-002
   7.3799998350441456        4.5643274014512208E-002
   7.3999998345971107        4.3854748501717195E-002
   7.4199998341500759        4.2048681675076180E-002
   7.4399998337030411        4.0225795937205044E-002
   7.4599998332560062        3.8386820418059589E-002
   7.4799998328089714        3.6532490683293298E-002
   7.4999998323619366        3.4663548440040895E-002
   7.5199998319149017        3.2780741240245388E-002
   7.5399998314678669        3.0884822181647266E-002
   7.5599998310208321        2.8976549606555480E-002
   7.5799998305737972        2.7056686798520625E-002
   7.5999998301267624        2.5126001677031721E-002
   7.6199998296797276        2.3185266490358666E-002
   7.6399998292326927        2.1235257506663247E-002
   7.6599998287856579        1.9276754703502225E-002
   7.6799998283386230        1.7310541455846745E-002
   7.6999998278915882        1.5337404222742795E-002
   7.7199998274445534        1.3358132232738094E-002
   7.7399998269975185        1.1373517168201208E-002
   7.7599998265504837        9.3843528486591693E-003
   7.7799998261034489        7.3914349132802749E-003
   7.7999998256564140        5.3955605026290362E-003
   7.8199998252093792        3.3975279398205959E-003
   7.8399998247623444        1.3981364112021447E-003
   7.8599998243153095       -6.0181435331095037E-004
   7.8799998238682747       -2.6015244001164296E-003
   7.8999998234212399       -4.6001938718959051E-003
   7.9199998229742050       -6.5970233275471054E-003
   7.9399998225271702       -8.5912140619496431E-003
   7.9599998220801353       -1.0581968425436399E-002
   7.9799998216331005       -1.2568490142842736E-002
   7.9999998211860657       -1.4549984632005937E-002
   8.0199998207390308       -1.6525659321587460E-002
   8.0399998202919960       -1.8494723968090886E-002
   8.0599998198449612       -2.0456390971948773E-002
   8.0799998193979263       -2.2409875692551963E-002
   8.0999998189508915       -2.4354396762095352E-002
   8.1199998185038567       -2.6289176398114573E-002
   8.1399998180568218       -2.8213440714588603E-002
   8.1599998176097870       -3.0126420031483837E-002
   8.1799998171627522       -3.2027349182615822E-002
   8.1999998167157173       -3.3915467821705514E-002
   8.2199998162686825       -3.5790020726507644E-002
   8.2399998158216476       -3.7650258100889525E-002
   8.2599998153746128       -3.9495435874739498E-002
   8.2799998149275780       -4.1324816001585038E-002
   8.2999998144805431       -4.3137666753801492E-002
   8.3199998140335083       -4.4933263015293358E-002
   8.3399998135864735       -4.6710886571531038E-002
   8.3599998131394386       -4.8469826396827065E-002
   8.3799998126924038       -5.0209378938736886E-002
   8.3999998122453690       -5.1928848399470429E-002
   8.4199998117983341       -5.3627547014201957E-002
   8.4399998113512993       -5.5304795326166792E-002
   8.4599998109042645       -5.6959922458434960E-002
   8.4799998104572296       -5.8592266382252997E-002
   8.4999998100101948       -6.0201174181846624E-002
   8.5199998095631599       -6.1786002315578320E-002
   8.5399998091161251       -6.3346116873355410E-002
   8.5599998086690903       -6.4880893830185610E-002
   8.5799998082220554       -6.6389719295778707E-002
   8.5999998077750206       -6.7871989760094481E-002
   8.6199998073279858       -6.9327112334738650E-002
   8.6399998068809509       -7.0754504990110337E-002
   8.6599998064339161       -7.2153596788206098E-002
   8.6799998059868813       -7.3523828110987552E-002
   8.6999998055398464       -7.4864650884221076E-002
   8.7199998050928116       -7.6175528796700198E-002
   8.7399998046457767       -7.7455937514762929E-002
   8.7599998041987419       -7.8705364892018223E-002
   8.7799998037517071       -7.9923311174197695E-002
   8.7999998033046722       -8.1109289199050638E-002
   8.8199998028576374       -8.2262824591202446E-002
   8.8399998024106026       -8.3383455951898403E-002
   8.8599998019635677       -8.4470735043557038E-002
   8.8799998015165329       -8.5524226969059189E-002
   8.8999998010694981       -8.6543510345701014E-002
   8.9199998006224632       -8.7528177473741461E-002
   8.9399998001754284       -8.8477834499476729E-002
   8.9599997997283936       -8.9392101572776467E-002
   8.9799997992813587       -9.0270612999018771E-002
   8.9999997988343239       -9.1113017385363149E-002
   9.0199997983872890       -9.1918977781302966E-002
   9.0399997979402542       -9.2688171813441148E-002
   9.0599997974932194       -9.3420291814435230E-002
   9.0799997970461845       -9.4115044946060197E-002
   9.0999997965991497       -9.4772153316339827E-002
   9.1199997961521149       -9.5391354090699834E-002
   9.1399997957050800       -9.5972399597098135E-002
   9.1599997952580452       -9.6515057425090395E-002
   9.1799997948110104       -9.7019110518791057E-002
   9.1999997943639755       -9.7484357263692853E-002
   9.2199997939169407       -9.7910611567309874E-002
   9.2399997934699059       -9.8297702933612105E-002
   9.2599997930228710       -9.8645476531221535E-002
   9.2799997925758362       -9.8953793255342676E-002
   9.2999997921288013       -9.9222529783402583E-002
   9.3199997916817665       -9.9451578624378270E-002
   9.3399997912347317       -9.9640848161791654E-002
   9.3599997907876968       -9.9790262690354958E-002
   9.3799997903406620       -9.9899762446251789E-002
   9.3999997898936272       -9.9969303631041881E-002
   9.4199997894465923       -9.9998858429179868E-002
   9.4399997889995575       -9.9988415019141158E-002
   9.4599997885525227       -9.9937977578150358E-002
   9.4799997881054878       -9.9847566280510447E-002
   9.4999997876584530       -9.9717217289533339E-002
   9.5199997872114182       -9.9546982743075024E-002
   9.5399997867643833       -9.9336930732681142E-002
   9.5599997863173485       -9.9087145276351235E-002
   9.5799997858703136       -9.8797726284932719E-002
   9.5999997854232788       -9.8468789522157846E-002
   9.6199997849762440       -9.8100466558339761E-002
   9.6399997845292091       -9.7692904717746137E-002
   9.6599997840821743       -9.7246267019671442E-002
   9.6799997836351395       -9.6760732113231399E-002
   9.6999997831881046       -9.6236494205905687E-002
   9.7199997827410698       -9.5673762985857613E-002
   9.7399997822940350       -9.5072763538061572E-002
   9.7599997818470001       -9.4433736254272108E-002
   9.7799997813999653       -9.3756936736870425E-002
   9.7999997809529305       -9.3042635696626810E-002
   9.8199997805058956       -9.2291118844419970E-002
   9.8399997800588608       -9.1502686776956499E-002
   9.8599997796118259       -9.0677654856536186E-002
   9.8799997791647911       -8.9816353084911330E-002
   9.8999997787177563       -8.8919125971290411E-002
   9.9199997782707214       -8.7986332394539055E-002
   9.9399997778236866       -8.7018345459633231E-002
   9.9599997773766518       -8.6015552348422272E-002
   9.9799997769296169       -8.4978354164761294E-002
   9.9999997764825821       -8.3907165774075018E-002
   10.019999776035547       -8.2802415637417123E-002
   10.039999775588512       -8.1664545640091582E-002
   10.059999775141478       -8.0494010914904393E-002
   10.079999774694443       -7.9291279660116551E-002
   10.099999774247408       -7.8056832952171015E-002
   10.119999773800373       -7.6791164553268537E-002
   10.139999773353338       -7.5494780713869364E-002
   10.159999772906303       -7.4168199970199841E-002
   10.179999772459269       -7.2811952936844809E-002
   10.199999772012234       -7.1426582094508903E-002
   10.219999771565199       -7.0012641573031456E-002
   10.239999771118164       -6.8570696929742006E-002
   10.259999770671129       -6.7101324923244915E-002
   10.279999770224094       -6.5605113282723587E-002
   10.299999769777060       -6.4082660472856684E-002
   10.319999769330025       -6.2534575454440244E-002
   10.339999768882990       -6.0961477440811457E-002
   10.359999768435955       -5.9363995650171628E-002
   10.379999767988920       -5.7742769053907302E-002
   10.399999767541885       -5.6098446121010212E-002
   10.419999767094851       -5.4431684558698380E-002
   10.439999766647816       -5.2743151049341977E-002
   10.459999766200781       -5.1033520983799291E-002
   10.479999765753746       -4.9303478191269401E-002
   10.499999765306711       -4.7553714665769624E-002
   10.519999764859676       -4.5784930289347166E-002
   10.539999764412642       -4.3997832552135616E-002
   10.559999763965607       -4.2193136269368367E-002
   10.579999763518572       -4.0371563295462050E-002
   10.599999763071537       -3.8533842235284409E-002
   10.619999762624502       -3.6680708152722098E-002
   10.639999762177467       -3.4812902276664913E-002
   10.659999761730433       -3.2931171704524156E-002
   10.679999761283398       -3.1036269103403642E-002
   10.699999760836363       -2.9128952409042893E-002
   10.719999760389328       -2.7209984522652976E-002
   10.739999759942293       -2.5280133005766203E-002
   10.759999759495258       -2.3340169773221762E-002
   10.779999759048223       -2.1390870784410095E-002
   10.799999758601189       -1.9433015732899492E-002
   10.819999758154154       -1.7467387734569087E-002
   10.839999757707119       -1.5494773014372949E-002
   10.859999757260084       -1.3515960591860611E-002
   10.879999756813049       -1.1531741965579777E-002
   10.899999756366014       -9.5429107964874749E-003
   10.919999755918980       -7.5502625904962668E-003
   10.939999755471945       -5.5545943802825098E-003
   10.959999755024910       -3.5567044064839272E-003
   10.979999754577875       -1.5573917984140081E-003
   10.999999754130840        4.4254374557904479E-004
   11.019999753683805        2.4423022779809776E-003
   11.039999753236771        4.4410839220798111E-003
   11.059999752789736        6.4380891919058429E-003
   11.079999752342701        8.4325193120153644E-003
   11.099999751895666        1.0423576536990168E-002
   11.119999751448631        1.2410464470525066E-002
   11.139999751001596        1.4392388383975781E-002
   11.159999750554562        1.6368555534239788E-002
   11.179999750107527        1.8338175480842971E-002
   11.199999749660492        2.0300460402105262E-002
   11.219999749213457        2.2254625410258792E-002
   11.239999748766422        2.4199888865392521E-002
   11.259999748319387        2.6135472688097756E-002
   11.279999747872353        2.8060602670689539E-002
   11.299999747425318        2.9974508786879375E-002
   11.319999746978283        3.1876425499775464E-002
   11.339999746531248        3.3765592068087255E-002
   11.359999746084213        3.5641252850411774E-002
   11.379999745637178        3.7502657607480117E-002
   11.399999745190144        3.9349061802243138E-002
   11.419999744743109        4.1179726897676322E-002
   11.439999744296074        4.2993920652184735E-002
   11.459999743849039        4.4790917412489889E-002
   11.479999743402004        4.6569998403881367E-002
   11.499999742954969        4.8330452017717102E-002
   11.519999742507935        5.0071574096057322E-002
   11.539999742060900        5.1792668213318356E-002
   11.559999741613865        5.3493045954833542E-002
   11.579999741166830        5.5172027192209913E-002
   11.599999740719795        5.6828940355370464E-002
   11.619999740272760        5.8463122701173223E-002
   11.639999739825726        6.0073920578499661E-002
   11.659999739378691        6.1660689689706401E-002
   11.679999738931656        6.3222795348335692E-002
   11.699999738484621        6.4759612732981489E-002
   11.719999738037586        6.6270527137209712E-002
   11.739999737590551        6.7754934215432577E-002
   11.759999737143517        6.9212240224638760E-002
   11.779999736696482        7.0641862261882710E-002
   11.799999736249447        7.2043228497438022E-002
   11.819999735802412        7.3415778403521675E-002
   11.839999735355377        7.4758962978497684E-002
   11.859999734908342        7.6072244966470429E-002
   11.879999734461308        7.7355099072179814E-002
   11.899999734014273        7.8607012171112392E-002
   11.919999733567238        7.9827483514744293E-002
   11.939999733120203        8.1016024930833944E-002
   11.959999732673168        8.2172161018684464E-002
   11.979999732226133        8.3295429339297580E-002
   11.999999731779099        8.4385380600343091E-002
   12.019999731332064        8.5441578835869725E-002
   12.039999730885029        8.6463601580685778E-002
   12.059999730437994        8.7451040039339512E-002
   12.079999729990959        8.8403499249631881E-002
   12.099999729543924        8.9320598240596114E-002
   12.119999729096889        9.0201970184881075E-002
   12.139999728649855        9.1047262545477237E-002
   12.159999728202820        9.1856137216726821E-002
   12.179999727755785        9.2628270659561543E-002
   12.199999727308750        9.3363354030913920E-002
   12.219999726861715        9.4061093307250335E-002
   12.239999726414680        9.4721209402176570E-002
   12.259999725967646        9.5343438278068640E-002
   12.279999725520611        9.5927531051684278E-002
   12.299999725073576        9.6473254093712935E-002
   12.319999724626541        9.6980389122224384E-002
   12.339999724179506        9.7448733289978579E-002
   12.359999723732471        9.7878099265561833E-002
   12.379999723285437        9.8268315308316881E-002
   12.399999722838402        9.8619225337036862E-002
   12.419999722391367        9.8930688992395710E-002
   12.439999721944332        9.9202581693090014E-002
   12.459999721497297        9.9434794685669861E-002
   12.479999721050262        9.9627235088038793E-002
   12.499999720603228        9.9779825926605378E-002
   12.519999720156193        9.9892506167071640E-002
   12.539999719709158        9.9965230738845945E-002
   12.559999719262123        9.9997970553070636E-002
   12.579999718815088        9.9990712514257216E-002
   12.599999718368053        9.9943459525524331E-002
   12.619999717921019        9.9856230487436581E-002
   12.639999717473984        9.9729060290444552E-002
   12.659999717026949        9.9561999800929071E-002
   12.679999716579914        9.9355115840855393E-002
   12.699999716132879        9.9108491161045226E-002
   12.719999715685844        9.8822224408077586E-002
   12.739999715238810        9.8496430084831429E-002
   12.759999714791775        9.8131238504686039E-002
   12.779999714344740        9.7726795739397451E-002
   12.799999713897705        9.7283263560671643E-002
   12.819999713450670        9.6800819375458050E-002
   12.839999713003635        9.6279656154989152E-002
   12.859999712556601        9.5719982357594546E-002
   12.879999712109566        9.5122021845320412E-002
   12.899999711662531        9.4486013794387647E-002
   12.919999711215496        9.3812212599524630E-002
   12.939999710768461        9.3100887772212662E-002
   12.959999710321426        9.2352323832885025E-002
   12.979999709874392        9.1566820197122589E-002
   12.999999709427357        9.0744691055891558E-002
   13.019999708980322        8.9886265249871311E-002
   13.039999708533287        8.8991886137922485E-002
   13.059999708086252        8.8061911459748066E-002
   13.079999707639217        8.7096713192802225E-002
   13.099999707192183        8.6096677403504365E-002
   13.119999706745148        8.5062204092817631E-002
   13.139999706298113        8.3993707036253959E-002
   13.159999705851078        8.2891613618369303E-002
   13.179999705404043        8.1756364661815586E-002
   13.199999704957008        8.0588414251017509E-002
   13.219999704509974        7.9388229550544823E-002
   13.239999704062939        7.8156290618252758E-002
   13.259999703615904        7.6893090213265278E-002
   13.279999703168869        7.5599133598878029E-002
   13.299999702721834        7.4274938340459742E-002
   13.319999702274799        7.2921034098433035E-002
   13.339999701827765        7.1537962416417272E-002
   13.359999701380730        7.0126276504618362E-002
   13.379999700933695        6.8686541018552094E-002
   13.399999700486660        6.7219331833189414E-002
   13.419999700039625        6.5725235812614149E-002
   13.439999699592590        6.4204850575285244E-002
   13.459999699145555        6.2658784254997324E-002
   13.479999698698521        6.1087655257635279E-002
   13.499999698251486        5.9492092013820205E-002
   13.519999697804451        5.7872732727545520E-002
   13.539999697357416        5.6230225120903914E-002
   13.559999696910381        5.4565226175007128E-002
   13.579999696463346        5.2878401867202302E-002
   13.599999696016312        5.1170426904689932E-002
   13.619999695569277        4.9441984454649979E-002
   13.639999695122242        4.7693765870984145E-002
   13.659999694675207        4.5926470417783513E-002
   13.679999694228172        4.4140804989632271E-002
   13.699999693781137        4.2337483828859317E-002
   13.719999693334103        4.0517228239850836E-002
   13.739999692887068        3.8680766300538211E-002
   13.759999692440033        3.6828832571176556E-002
   13.779999691992998        3.4962167800530422E-002
   13.799999691545963        3.3081518629584181E-002
   13.819999691098928        3.1187637292895597E-002
   13.839999690651894        2.9281281317712064E-002
   13.859999690204859        2.7363213220969809E-002
   13.879999689757824        2.5434200204297295E-002
   13.899999689310789        2.3495013847144822E-002
   13.919999688863754        2.1546429798163045E-002
   13.939999688416719        1.9589227464953871E-002
   13.959999687969685        1.7624189702317824E-002
   13.979999687522650        1.5652102499122585E-002
   13.999999687075615        1.3673754663917922E-002
   14.019999686628580        1.1689937509422823E-002
   14.039999686181545        9.7014445360109614E-003
   14.059999685734510        7.7090711143211425E-003
   14.079999685287476        5.7136141671196728E-003
   14.099999684840441        3.7158718505418908E-003
   14.119999684393406        1.7166432348403688E-003
   14.139999683946371       -2.8327201523251641E-004
   14.159999683499336       -2.2830739602798075E-003
   14.179999683052301       -4.2819627062250466E-003
   14.199999682605267       -6.2791387242592239E-003
   14.219999682158232       -8.2738031706416255E-003
   14.239999681711197       -1.0265158206226664E-002
   14.259999681264162       -1.2252407315588885E-002
   14.279999680817127       -1.4234755625618501E-002
   14.299999680370092       -1.6211410223460024E-002
   14.319999679923058       -1.8181580473666813E-002
   14.339999679476023       -2.0144478334444708E-002
   14.359999679028988       -2.2099318672858220E-002
   14.379999678581953       -2.4045319578873216E-002
   14.399999678134918       -2.5981702678110501E-002
   14.419999677687883       -2.7907693443185173E-002
   14.439999677240849       -2.9822521503507241E-002
   14.459999676793814       -3.1725420953419563E-002
   14.479999676346779       -3.3615630658549896E-002
   14.499999675899744       -3.5492394560254471E-002
   14.519999675452709       -3.7354961978031363E-002
   14.539999675005674       -3.9202587909782663E-002
   14.559999674558640       -4.1034533329805375E-002
   14.579999674111605       -4.2850065484391825E-002
   14.599999673664570       -4.4648458184921365E-002
   14.619999673217535       -4.6428992098326127E-002
   14.639999672770500       -4.8190955034814631E-002
   14.659999672323465       -4.9933642232738204E-002
   14.679999671876431       -5.1656356640486241E-002
   14.699999671429396       -5.3358409195297510E-002
   14.719999670982361       -5.5039119098876092E-002
   14.739999670535326       -5.6697814089701579E-002
   14.759999670088291       -5.8333830711924731E-002
   14.779999669641256       -5.9946514580740941E-002
   14.799999669194221       -6.1535220644135420E-002
   14.819999668747187       -6.3099313440895394E-002
   14.839999668300152       -6.4638167354786114E-002
   14.859999667853117       -6.6151166864788988E-002
   14.879999667406082       -6.7637706791301752E-002
   14.899999666959047       -6.9097192538202262E-002
   14.919999666512012       -7.0529040330678971E-002
   14.939999666064978       -7.1932677448733107E-002
   14.959999665617943       -7.3307542456258978E-002
   14.979999665170908       -7.4653085425610943E-002
   14.999999664723873       -7.5968768157567104E-002
   15.019999664276838       -7.7254064396601832E-002
   15.039999663829803       -7.8508460041380956E-002
   15.059999663382769       -7.9731453350395415E-002
   15.079999662935734       -8.0922555142651148E-002
   15.099999662488699       -8.2081288993335000E-002
   15.119999662041664       -8.3207191424378268E-002
   15.139999661594629       -8.4299812089841719E-002
   15.159999661147594       -8.5358713956047993E-002
   15.179999660700560       -8.6383473476389194E-002
   15.199999660253525       -8.7373680760739911E-002
   15.219999659806490       -8.8328939739407780E-002
   15.239999659359455       -8.9248868321556082E-002
   15.259999658912420       -9.0133098548034973E-002
   15.279999658465385       -9.0981276738560213E-002
   15.299999658018351       -9.1793063633180599E-002
   15.319999657571316       -9.2568134527977380E-002
   15.339999657124281       -9.3306179404941486E-002
   15.359999656677246       -9.4006903055976629E-002
   15.379999656230211       -9.4670025200978544E-002
   15.399999655783176       -9.5295280599943355E-002
   15.419999655336142       -9.5882419159059970E-002
   15.439999654889107       -9.6431206030744315E-002
   15.459999654442072       -9.6941421707575207E-002
   15.479999653995037       -9.7412862110094409E-002
   15.499999653548002       -9.7845338668435658E-002
   15.519999653100967       -9.8238678397750134E-002
   15.539999652653933       -9.8592723967398044E-002
   15.559999652206898       -9.8907333763878821E-002
   15.579999651759863       -9.9182381947474613E-002
   15.599999651312828       -9.9417758502584497E-002
   15.619999650865793       -9.9613369281729230E-002
   15.639999650418758       -9.9769136043209000E-002
   15.659999649971724       -9.9884996482399069E-002
   15.679999649524689       -9.9960904256670771E-002
   15.699999649077654       -9.9996829003927964E-002
   15.719999648630619       -9.9992756354751453E-002
   15.739999648183584       -9.9948687938146569E-002
   15.759999647736549       -9.9864641380891572E-002
   15.779999647289515       -9.9740650300487205E-002
   15.799999646842480       -9.9576764291710140E-002
   15.819999646395445       -9.9373048906775688E-002
   15.839999645948410       -9.9129585629117820E-002
   15.859999645501375       -9.8846471840796896E-002
   15.879999645054340       -9.8523820783548127E-002
   15.899999644607306       -9.8161761513486365E-002
   15.919999644160271       -9.7760438849485418E-002
   15.939999643713236       -9.7320013315252418E-002
   15.959999643266201       -9.6840661075120488E-002
   15.979999642819166       -9.6322573863585365E-002
   15.999999642372131       -9.5765958908614127E-002
   16.019999641925097       -9.5171038848756828E-002
   16.039999641478062       -9.4538051644094012E-002
   16.059999641031027       -9.3867250481055861E-002
   16.079999640583992       -9.3158903671151025E-002
   16.099999640136957       -9.2413294543645580E-002
   16.119999639689922       -9.1630721332235113E-002
   16.139999639242887       -9.0811497055755211E-002
   16.159999638795853       -8.9955949392978143E-002
   16.179999638348818       -8.9064420551545689E-002
   16.199999637901783       -8.8137267131090671E-002
   16.219999637454748       -8.7174859980601857E-002
   16.239999637007713       -8.6177584050089309E-002
   16.259999636560678       -8.5145838236609539E-002
   16.279999636113644       -8.4080035224711996E-002
   16.299999635666609       -8.2980601321370751E-002
   16.319999635219574       -8.1847976285467416E-002
   16.339999634772539       -8.0682613151893470E-002
   16.359999634325504       -7.9484978050342311E-002
   16.379999633878469       -7.8255550018863640E-002
   16.399999633431435       -7.6994820812254630E-002
   16.419999632984400       -7.5703294705364577E-002
   16.439999632537365       -7.4381488291391656E-002
   16.459999632090330       -7.3029930275252605E-002
   16.479999631643295       -7.1649161262107755E-002
   16.499999631196260       -7.0239733541126226E-002
   16.519999630749226       -6.8802210864577620E-002
   16.539999630302191       -6.7337168222338623E-002
   16.559999629855156       -6.5845191611904760E-002
   16.579999629408121       -6.4326877803999191E-002
   16.599999628961086       -6.2782834103872434E-002
   16.619999628514051       -6.1213678108388334E-002
   16.639999628067017       -5.9620037458993566E-002
   16.659999627619982       -5.8002549590669465E-002
   16.679999627172947       -5.6361861476966514E-002
   16.699999626725912       -5.4698629371223578E-002
   16.719999626278877       -5.3013518544075329E-002
   16.739999625831842       -5.1307203017352879E-002
   16.759999625384808       -4.9580365294484029E-002
   16.779999624937773       -4.7833696087501029E-002
   16.799999624490738       -4.6067894040764994E-002
   16.819999624043703       -4.4283665451517455E-002
   16.839999623596668       -4.2481723987370934E-002
   16.859999623149633       -4.0662790400851391E-002
   16.879999622702599       -3.8827592241106865E-002
   16.899999622255564       -3.6976863562897519E-002
   16.919999621808529       -3.5111344632983522E-002
   16.939999621361494       -3.3231781634028262E-002
   16.959999620914459       -3.1338926366135209E-002
   16.979999620467424       -2.9433535946137939E-002
   16.999999620020390       -2.7516372504763492E-002
   17.019999619573355       -2.5588202881790267E-002
   17.039999619126320       -2.3649798319322343E-002
   17.059999618679285       -2.1701934153302942E-002
   17.079999618232250       -1.9745389503390397E-002
   17.099999617785215       -1.7780946961320699E-002
   17.119999617338181       -1.5809392277881241E-002
   17.139999616891146       -1.3831514048621008E-002
   17.159999616444111       -1.1848103398422877E-002
   17.179999615997076       -9.8599536650642288E-003
   17.199999615550041       -7.8678600818924329E-003
   17.219999615103006       -5.8726194597421236E-003
   17.239999614655972       -3.8750298682215076E-003
   17.259999614208937       -1.8758903164951737E-003
   17.279999613761902        1.2399956630890175E-004
   17.299999613314867        2.1238398509403310E-003
   17.319999612867832        4.1228306279873332E-003
   17.339999612420797        6.1201723278298207E-003
   17.359999611973763        8.1150660404565693E-003
   17.379999611526728        1.0106713835018554E-002
   17.399999611079693        1.2094319078990640E-002
   17.419999610632658        1.4077086756813947E-002
   17.439999610185623        1.6054223787891470E-002
   17.459999609738588        1.8024939343809721E-002
   17.479999609291553        1.9988445164659530E-002
   17.499999608844519        2.1943955874329495E-002
   17.519999608397484        2.3890689294645939E-002
   17.539999607950449        2.5827866758233724E-002
   17.559999607503414        2.7754713419972814E-002
   17.579999607056379        2.9670458566925975E-002
   17.599999606609344        3.1574335926613663E-002
   17.619999606162310        3.3465583973512777E-002
   17.639999605715275        3.5343446233656713E-002
   17.659999605268240        3.7207171587214830E-002
   17.679999604821205        3.9056014568930368E-002
   17.699999604374170        4.0889235666296597E-002
   17.719999603927135        4.2706101615351939E-002
   17.739999603480101        4.4505885693975761E-002
   17.759999603033066        4.6287868012567540E-002
   17.779999602586031        4.8051335801993056E-002
   17.799999602138996        4.9795583698682568E-002
   17.819999601691961        5.1519914026766783E-002
   17.839999601244926        5.3223637077137925E-002
   17.859999600797892        5.4906071383324151E-002
   17.879999600350857        5.6566543994067041E-002
   17.899999599903822        5.8204390742493110E-002
   17.919999599456787        5.9818956511771715E-002
   17.939999599009752        6.1409595497153004E-002
   17.959999598562717        6.2975671464281222E-002
   17.979999598115683        6.4516558003679947E-002
   17.999999597668648        6.6031638781307522E-002
   18.019999597221613        6.7520307785082431E-002
   18.039999596774578        6.8981969567280046E-002
   18.059999596327543        7.0416039482703766E-002
   18.079999595880508        7.1821943922535297E-002
   18.099999595433474        7.3199120543770521E-002
   18.119999594986439        7.4547018494149159E-002
   18.139999594539404        7.5865098632488359E-002
   18.159999594092369        7.7152833744331961E-002
   18.179999593645334        7.8409708752829224E-002
   18.199999593198299        7.9635220924758693E-002
   18.219999592751265        8.0828880071614789E-002
   18.239999592304230        8.1990208745676668E-002
   18.259999591857195        8.3118742430980899E-002
   18.279999591410160        8.4214029729121689E-002
   18.299999590963125        8.5275632539804205E-002
   18.319999590516090        8.6303126236078831E-002
   18.339999590069056        8.7296099834186291E-002
   18.359999589622021        8.8254156157945657E-002
   18.379999589174986        8.9176911997619526E-002
   18.399999588727951        9.0063998263192779E-002
   18.419999588280916        9.0915060132003692E-002
   18.439999587833881        9.1729757190668240E-002
   18.459999587386847        9.2507763571240909E-002
   18.479999586939812        9.3248768081557520E-002
   18.499999586492777        9.3952474329707950E-002
   18.519999586045742        9.4618600842588926E-002
   18.539999585598707        9.5246881178489520E-002
   18.559999585151672        9.5837064033664265E-002
   18.579999584704638        9.6388913342851310E-002
   18.599999584257603        9.6902208373695356E-002
   18.619999583810568        9.7376743815037678E-002
   18.639999583363533        9.7812329859037817E-002
   18.659999582916498        9.8208792277094198E-002
   18.679999582469463        9.8565972489533235E-002
   18.699999582022429        9.8883727629039103E-002
   18.719999581575394        9.9161930597798723E-002
   18.739999581128359        9.9400470118339232E-002
   18.759999580681324        9.9599250778037440E-002
   18.779999580234289        9.9758193067283646E-002
   18.799999579787254        9.9877233411284405E-002
   18.819999579340219        9.9956324195491594E-002
   18.839999578893185        9.9995433784647592E-002
   18.859999578446150        9.9994546535438961E-002
   18.879999577999115        9.9953662802753585E-002
   18.899999577552080        9.9872798939538682E-002
   18.919999577105045        9.9751987290259872E-002
   18.939999576658010        9.9591276177963803E-002
   18.959999576210976        9.9390729884949611E-002
   18.979999575763941        9.9150428627056822E-002
   18.999999575316906        9.8870468521580102E-002
   19.019999574869871        9.8550961548823604E-002
   19.039999574422836        9.8192035507310399E-002
   19.059999573975801        9.7793833962664695E-002
   19.079999573528767        9.7356516190187564E-002
   19.099999573081732        9.6880257111148921E-002
   19.119999572634697        9.6365247222821346E-002
   19.139999572187662        9.5811692522283748E-002
   19.159999571740627        9.5219814424025259E-002
   19.179999571293592        9.4589849671382398E-002
   19.199999570846558        9.3922050241844898E-002
   19.219999570399523        9.3216683246268084E-002
   19.239999569952488        9.2474030822032094E-002
   19.259999569505453        9.1694390020190669E-002
   19.279999569058418        9.0878072686654751E-002
   19.299999568611383        9.0025405337458231E-002
   19.319999568164349        8.9136729028155906E-002
   19.339999567717314        8.8212399217405840E-002
   19.359999567270279        8.7252785624790621E-002
   19.379999566823244        8.6258272082934462E-002
   19.399999566376209        8.5229256383975299E-002
   19.419999565929174        8.4166150120453212E-002
   19.439999565482140        8.3069378520678944E-002
   19.459999565035105        8.1939380278648222E-002
   19.479999564588070        8.0776607378570051E-002
   19.499999564141035        7.9581524914079008E-002
   19.519999563694000        7.8354610902204067E-002
   19.539999563246965        7.7096356092168125E-002
   19.559999562799931        7.5807263769094871E-002
   19.579999562352896        7.4487849552701477E-002
   19.599999561905861        7.3138641191057563E-002
   19.619999561458826        7.1760178349493053E-002
   19.639999561011791        7.0353012394739220E-002
   19.659999560564756        6.8917706174389359E-002
   19.679999560117722        6.7454833791767282E-002
   19.699999559670687        6.5964980376293655E-002
   19.719999559223652        6.4448741849442007E-002
   19.739999558776617        6.2906724686378118E-002
   19.759999558329582        6.1339545673378085E-002
   19.779999557882547        5.9747831661121985E-002
   19.799999557435513        5.8132219313962015E-002
   19.819999556988478        5.6493354855265243E-002
   19.839999556541443        5.4831893808932879E-002
   19.859999556094408        5.3148500737199476E-002
   19.879999555647373        5.1443848974816915E-002
   19.899999555200338        4.9718620359729480E-002
   19.919999554753304        4.7973504960347794E-002
   19.939999554306269        4.6209200799530670E-002
   19.959999553859234        4.4426413575385286E-002
   19.979999553412199        4.2625856378997351E-002
   19.999999552965164        4.0808249409204217E-002
   20.019999552518129        3.8974319684524944E-002
