           1   1.5081507240750656     
           2   1.2646132485545896     
           3   1.2646133223824738     
           4   1.2646134294191058     
           5   1.2646135636154232     
           6   1.2646137109322297     
           7   1.2646138843459125     
           8   1.2646140643882895     
           9   1.2646142664512952     
          10   1.2646144793173650     
          11   1.2646146911217890     
          12   1.2646149108954956     
          13   1.2646151079258350     
          14   1.2646153089034338     
          15   1.2646154510340473     
          16   1.2646155041439493     
          17   1.2646154529538398     
          18   1.2646152325046178     
          19   1.2646147798997942     
          20   1.2646140136232198     
          21   1.2646127887884577     
          22   1.2646109480454224     
          23   1.2646083006988234     
          24   1.2646045779319131     
          25   1.2645995033605555     
          26   1.2645928619074402     
          27   1.2645846293497742     
          28   1.2645752779398043     
          29   1.2645660943940549     
          30   1.2645593250478240     
          31   1.2645574403883986     
          32   1.2645608275242592     
          33   1.2645652652643482     
          34   1.2645632044063713     
          35   1.2645502294109354     
          36   1.2645296328172693     
          37   1.2645097061594990     
          38   1.2644978270047884     
          39   1.2644971057409218     
          40   1.2645058429162963     
          41   1.2645185751027499     
          42   1.2645288303532314     
          43   1.2645323555694579     
          44   1.2645291833862169     
          45   1.2645232712215915     
          46   1.2645195726177203     
          47   1.2645204353863475     
          48   1.2645240692826636     
          49   1.2645270992129625     
          50   1.2645288071028653     
          51   1.2645314953730786     
          52   1.2645361088297595     
          53   1.2645390416101741     
          54   1.2645345575434428     
          55   1.2645202203052479     
          56   1.2644990100144902     
          57   1.2644767377612491     
          58   1.2644582066249801     
          59   1.2644456365375780     
          60   1.2644390950146516     
          61   1.2644375022365308     
          62   1.2644392490860272     
          63   1.2644427876538464     
          64   1.2644474120452236     
          65   1.2644537433681000     
          66   1.2644633105450196     
          67   1.2644769961667577     
          68   1.2644932619789921     
          69   1.2645080130954707     
          70   1.2645164165167890     
          71   1.2645155700305726     
          72   1.2645055454137746     
          73   1.2644886163746980     
          74   1.2644678083562468     
          75   1.2644464595528495     
          76   1.2644279093264910     
          77   1.2644147437392976     
          78   1.2644082659188309     
          79   1.2644088757280496     
          80   1.2644159392316607     
          81   1.2644271862843368     
          82   1.2644394857210695     
          83   1.2644513068714158     
          84   1.2644642343890427     
          85   1.2644801506033088     
          86   1.2644962074065422     
          87   1.2645043891107375     
          88   1.2644983978494506     
          89   1.2644799115676371     
          90   1.2644569104048635     
          91   1.2644373389760448     
          92   1.2644256605508468     
          93   1.2644229223266636     
          94   1.2644276725640800     
          95   1.2644361626249654     
          96   1.2644432206373295     
          97   1.2644448369500010     
          98   1.2644410367928574     
          99   1.2644362438929830     
         100   1.2644365864709100     
         101   1.2644465036837658     
         102   1.2644663033908148     
         103   1.2644902596585839     
         104   1.2645076570641729     
         105   1.2645084733885359     
         106   1.2644905481099005     
         107   1.2644614350853738     
         108   1.2644328789366375     
         109   1.2644140773404930     
         110   1.2644090880456096     
         111   1.2644172595922520     
         112   1.2644344304439845     
         113   1.2644544680652801     
         114   1.2644719853540063     
         115   1.2644845620767646     
         116   1.2644928059712353     
         117   1.2644983671890881     
         118   1.2645018819713956     
         119   1.2645022841127873     
         120   1.2644977125614547     
         121   1.2644875970527312     
         122   1.2644738977302608     
         123   1.2644602374277070     
         124   1.2644500215102366     
         125   1.2644450238840315     
         126   1.2644453595591028     
         127   1.2644495436091883     
         128   1.2644543781012101     
         129   1.2644554840377298     
         130   1.2644499162490064     
         131   1.2644395011797671     
         132   1.2644316657726027     
         133   1.2644348687610580     
         134   1.2644520556915464     
         135   1.2644775699934163     
         136   1.2645011948335303     
         137   1.2645150367188425     
         138   1.2645157841722789     
         139   1.2645033872240536     
         140   1.2644809250473990     
         141   1.2644558595642050     
         142   1.2644389083131808     
         143   1.2644384972890736     
         144   1.2644535871899185     
         145   1.2644720529153970     
         146   1.2644789237772360     
         147   1.2644685548268884     
         148   1.2644484520220236     
         149   1.2644317137232759     
         150   1.2644280455150556     
         151   1.2644399787795975     
         152   1.2644637255306437     
         153   1.2644919740645888     
         154   1.2645171294127948     
         155   1.2645340744363796     
         156   1.2645409152688862     
         157   1.2645377871771513     
         158   1.2645257094615179     
         159   1.2645070806341385     
         160   1.2644871283606545     
         161   1.2644725221703157     
         162   1.2644665773759547     
         163   1.2644647202248429     
         164   1.2644580242529173     
         165   1.2644441888868043     
         166   1.2644313983110274     
         167   1.2644286898105057     
         168   1.2644371536760304     
         169   1.2644513148866003     
         170   1.2644647199082386     
         171   1.2644734931803741     
         172   1.2644766465449071     
         173   1.2644755847032498     
         174   1.2644738016162118     
         175   1.2644754927048365     
         176   1.2644814328200191     
         177   1.2644873211027101     
         178   1.2644879586411935     
         179   1.2644829498619266     
         180   1.2644770132929652     
         181   1.2644759114233786     
         182   1.2644823476745399     
         183   1.2644938024952563     
         184   1.2645033917606692     
         185   1.2645046877606143     
         186   1.2644963158470439     
         187   1.2644813214826398     
         188   1.2644635196514300     
         189   1.2644455840100015     
         190   1.2644299243036978     
         191   1.2644193421491225     
         192   1.2644164545334706     
         193   1.2644230558683778     
         194   1.2644396970480560     
         195   1.2644650450171535     
         196   1.2644944049651428     
         197   1.2645196531791143     
         198   1.2645337187152892     
         199   1.2645366335275843     
         200   1.2645342593963265     
         201   1.2645301177813832     
         202   1.2645208342196459     
         203   1.2645019592893507     
         204   1.2644755698336780     
         205   1.2644499585020439     
         206   1.2644324586893569     
         207   1.2644244165818233     
         208   1.2644212823465613     
         209   1.2644171203800032     
         210   1.2644096130697826     
         211   1.2644020465544579     
         212   1.2644010862807400     
         213   1.2644129316586499     
         214   1.2644392986238766     
         215   1.2644750047537583     
         216   1.2645081778336817     
         217   1.2645258886710904     
         218   1.2645233602766015     
         219   1.2645079637373295     
         220   1.2644920149923498     
         221   1.2644813324544624     
         222   1.2644727202384405     
         223   1.2644611850426331     
         224   1.2644466293896841     
         225   1.2644334430717090     
         226   1.2644256792424797     
         227   1.2644234890850516     
         228   1.2644235774100512     
         229   1.2644229543636685     
         230   1.2644222642650600     
         231   1.2644252419088653     
         232   1.2644355277829171     
         233   1.2644530877203235     
         234   1.2644724113953352     
         235   1.2644839832858630     
         236   1.2644804751519854     
         237   1.2644647001685427     
         238   1.2644495351278389     
         239   1.2644461527742892     
         240   1.2644538822344122     
         241   1.2644630752096415     
         242   1.2644632912103195     
         243   1.2644486227703085     
         244   1.2644230689946450     
         245   1.2643976780408939     
         246   1.2643805245216941     
         247   1.2643739747111300     
         248   1.2643773147507731     
         249   1.2643867769578903     
         250   1.2643970389001671     
         251   1.2644079738943725     
         252   1.2644243692836186     
         253   1.2644451005145920     
         254   1.2644613725655822     
         255   1.2644665398423827     
         256   1.2644610886571086     
         257   1.2644508692800391     
         258   1.2644446037396637     
         259   1.2644479867206102     
         260   1.2644583145506827     
         261   1.2644664068791636     
         262   1.2644636702336527     
         263   1.2644470747918906     
         264   1.2644200788867841     
         265   1.2643911682873363     
         266   1.2643708154752826     
         267   1.2643671856944856     
         268   1.2643832410382654     
         269   1.2644159457384130     
         270   1.2644568159334049     
         271   1.2644942188663344     
         272   1.2645180895691035     
         273   1.2645246061462543     
         274   1.2645163219902336     
         275   1.2644986092609947     
         276   1.2644766823078388     
         277   1.2644549608107185     
         278   1.2644375235238958     
         279   1.2644281013014154     
         280   1.2644285106592457     
         281   1.2644364799835064     
         282   1.2644460329960074     
         283   1.2644511662262956     
         284   1.2644497423973444     
         285   1.2644437104920683     
         286   1.2644363196757742     
         287   1.2644298753143191     
         288   1.2644258320554052     
         289   1.2644264037726352     
         290   1.2644355822269995     
         291   1.2644570231676084     
         292   1.2644879253974199     
         293   1.2645143561772183     
         294   1.2645186195406586     
         295   1.2644968148010729     
         296   1.2644632883779967     
         297   1.2644344018828293     
         298   1.2644156621816238     
         299   1.2644050789478851     
         300   1.2644011954178551     
         301   1.2644054053176281     
         302   1.2644187642456171     
         303   1.2644381349490552     
         304   1.2644558676528086     
         305   1.2644642019463657     
         306   1.2644616039891305     
         307   1.2644548166247209     
         308   1.2644525330448826     
         309   1.2644571500633339     
         310   1.2644632667314357     
         311   1.2644633060594863     
         312   1.2644541237488762     
         313   1.2644404587594500     
         314   1.2644316568060578     
         315   1.2644341627086384     
         316   1.2644474092909999     
         317   1.2644653115608415     
         318   1.2644802641966653     
         319   1.2644869931996012     
         320   1.2644848346946200     
         321   1.2644768898096945     
         322   1.2644672990802790     
         323   1.2644593458999209     
         324   1.2644552271664196     
         325   1.2644557217656525     
         326   1.2644591118267954     
         327   1.2644616337644816     
         328   1.2644602123524948     
         329   1.2644549305091548     
         330   1.2644484555007844     
         331   1.2644441800086477     
         332   1.2644451654518021     
         333   1.2644534287631166     
         334   1.2644689494422909     
         335   1.2644883856468692     
         336   1.2645049303715323     
         337   1.2645105512333701     
         338   1.2645006325998946     
         339   1.2644784398459299     
         340   1.2644552532889897     
         341   1.2644443446691227     
         342   1.2644516966391337     
         343   1.2644703088178535     
         344   1.2644842508718246     
         345   1.2644830981024995     
         346   1.2644709110001018     
         347   1.2644588439141364     
         348   1.2644543896105829     
         349   1.2644582887898939     
         350   1.2644658576891374     
         351   1.2644697341457434     
         352   1.2644644991010239     
         353   1.2644517817653145     
         354   1.2644390902799294     
         355   1.2644331858248719     
         356   1.2644351326774466     
         357   1.2644417645830182     
         358   1.2644498292518498     
         359   1.2644576757825674     
         360   1.2644644535970149     
         361   1.2644701373559077     
         362   1.2644759154327034     
         363   1.2644825568317566     
         364   1.2644868578876385     
         365   1.2644805163249919     
         366   1.2644575643596840     
         367   1.2644246963318162     
         368   1.2643975568996737     
         369   1.2643857195976396     
         370   1.2643863746393631     
         371   1.2643916177059902     
         372   1.2643977899332932     
         373   1.2644067006306221     
         374   1.2644210999931229     
         375   1.2644411766156463     
         376   1.2644638915909869     
         377   1.2644825147889451     
         378   1.2644897450736268     
         379   1.2644862834083117     
         380   1.2644822175766750     
         381   1.2644831737563127     
         382   1.2644790079430268     
         383   1.2644552477529154     
         384   1.2644151035878413     
         385   1.2643795486768283     
         386   1.2643659784427259     
         387   1.2643757332183121     
         388   1.2643988559625572     
         389   1.2644227691598973     
         390   1.2644388400718565     
         391   1.2644460052720887     
         392   1.2644495042561843     
         393   1.2644551262326007     
         394   1.2644643919846110     
         395   1.2644744130569319     
         396   1.2644811996121637     
         397   1.2644831585818124     
         398   1.2644813862940425     
         399   1.2644768905486710     
         400   1.2644687057350903     
         401   1.2644558533943668     
         402   1.2644410427147790     
         403   1.2644316821831860     
         404   1.2644368568667961     
         405   1.2644618318060605     
         406   1.2644999713740117     
         407   1.2645268764659094     
         408   1.2645134417143642     
         409   1.2644598541572272     
         410   1.2644031149653501     
         411   1.2643765450805606     
         412   1.2643801381493467     
         413   1.2643941946022901     
         414   1.2644046174050001     
         415   1.2644100093747865     
         416   1.2644136244833453     
         417   1.2644161114030252     
         418   1.2644162440464517     
         419   1.2644144254221259     
         420   1.2644136027797512     
         421   1.2644164068800876     
         422   1.2644225275047956     
         423   1.2644288929612149     
         424   1.2644323471061685     
         425   1.2644334212957480     
         426   1.2644379121772693     
         427   1.2644517213921580     
         428   1.2644727838799454     
         429   1.2644887714140751     
         430   1.2644849606664046     
         431   1.2644563463046459     
         432   1.2644126062042140     
         433   1.2643704630916845     
         434   1.2643423304207011     
         435   1.2643320035452317     
         436   1.2643381063611827     
         437   1.2643589770642449     
         438   1.2643939220275429     
         439   1.2644404383227767     
         440   1.2644902713325998     
         441   1.2645293304710479     
         442   1.2645443068507556     
         443   1.2645314438171065     
         444   1.2644995953066120     
         445   1.2644635111837541     
         446   1.2644336744053375     
         447   1.2644117019791765     
         448   1.2643958134892350     
         449   1.2643880319299887     
         450   1.2643925175542985     
         451   1.2644089459539885     
         452   1.2644292840820399     
         453   1.2644389854678639     
         454   1.2644247448861057     
         455   1.2643895080465439     
         456   1.2643563041427632     
         457   1.2643515210410710     
         458   1.2643854359581237     
         459   1.2644404844467556     
         460   1.2644807411126204     
         461   1.2644873743992346     
         462   1.2644732268254724     
         463   1.2644571837657439     
         464   1.2644450160204617     
         465   1.2644336872469961     
         466   1.2644208947473299     
         467   1.2644081075515969     
         468   1.2643989864101217     
         469   1.2643974348941520     
         470   1.2644065892413514     
         471   1.2644267200639847     
         472   1.2644521789044856     
         473   1.2644723388642829     
         474   1.2644799027297959     
         475   1.2644786012857816     
         476   1.2644786753338288     
         477   1.2644845573329495     
         478   1.2644891652211072     
         479   1.2644813576711260     
         480   1.2644584893728097     
         481   1.2644289804376374     
         482   1.2644033076477608     
         483   1.2643869445163460     
         484   1.2643808016888238     
         485   1.2643846864494874     
         486   1.2643989441984416     
         487   1.2644231680020317     
         488   1.2644541024865088     
         489   1.2644860327656915     
         490   1.2645137311989958     
         491   1.2645343939909079     
         492   1.2645467287312098     
         493   1.2645498056886626     
         494   1.2645430187632072     
         495   1.2645267069871660     
         496   1.2645037219385391     
         497   1.2644805084113080     
         498   1.2644644603161228     
         499   1.2644570758820128     
         500   1.2644510027002371     
         501   1.2644391481134529     
         502   1.2644239603448364     
         503   1.2644133507243307     
         504   1.2644113048715089     
         505   1.2644157405642511     
         506   1.2644211828807512     
         507   1.2644224031415621     
         508   1.2644183885549132     
         509   1.2644159097164414     
         510   1.2644262896471004     
         511   1.2644545522084449     
         512   1.2644894791120869     
         513   1.2645117448266987     
         514   1.2645154294927967     
         515   1.2645096993556950     
         516   1.2645025508918661     
         517   1.2644971856190157     
         518   1.2644948928145605     
         519   1.2644929620564929     
         520   1.2644866726921626     
         521   1.2644748201012830     
         522   1.2644597132949396     
         523   1.2644430830907072     
         524   1.2644254007532647     
         525   1.2644077120420780     
         526   1.2643926923825044     
         527   1.2643836110133282     
         528   1.2643834452494698     
         529   1.2643947046352251     
         530   1.2644184898885751     
         531   1.2644521752551299     
         532   1.2644874191707278     
         533   1.2645111936159756     
         534   1.2645123306940844     
         535   1.2644909297682716     
         536   1.2644608287862025     
         537   1.2644408973932515     
         538   1.2644412745550286     
         539   1.2644562109187985     
         540   1.2644688981640133     
         541   1.2644662727752336     
         542   1.2644489936073109     
         543   1.2644268443079634     
         544   1.2644095482406059     
         545   1.2644023962467004     
         546   1.2644052508793424     
         547   1.2644135752157986     
         548   1.2644211743043443     
         549   1.2644240041973436     
         550   1.2644239956603669     
         551   1.2644298331754960     
         552   1.2644504703481307     
         553   1.2644834154847158     
         554   1.2645106544289804     
         555   1.2645120946693273     
         556   1.2644837372326141     
         557   1.2644367446912557     
         558   1.2643837537134386     
         559   1.2643327062947356     
         560   1.2642916875997880     
         561   1.2642773146812543     
         562   1.2643146748727747     
         563   1.2644100613604645     
         564   1.2645095135296720     
         565   1.2645390021069685     
         566   1.2645065106290025     
         567   1.2644671522152544     
         568   1.2644394650285105     
         569   1.2644176179187658     
         570   1.2644004986417676     
         571   1.2643921641077882     
         572   1.2643944560252443     
         573   1.2644048099504717     
         574   1.2644184977915618     
         575   1.2644315583087298     
         576   1.2644416771439193     
         577   1.2644468360316576     
         578   1.2644445910996158     
         579   1.2644342481558872     
         580   1.2644210770455442     
         581   1.2644157910515732     
         582   1.2644254431032464     
         583   1.2644422999272957     
         584   1.2644501532581747     
         585   1.2644456167087408     
         586   1.2644405880711709     
         587   1.2644431546017725     
         588   1.2644478606770404     
         589   1.2644433519234255     
         590   1.2644245604848234     
         591   1.2643990300357939     
         592   1.2643808345793146     
         593   1.2643778060477473     
         594   1.2643842574587905     
         595   1.2643865968486292     
         596   1.2643765214560863     
         597   1.2643586488193641     
         598   1.2643457724637308     
         599   1.2643500890194217     
         600   1.2643791118125569     
         601   1.2644327806663727     
         602   1.2644971536351588     
         603   1.2645440039154483     
         604   1.2645484155745463     
         605   1.2645110631873941     
         606   1.2644598019060846     
         607   1.2644292493646387     
         608   1.2644354005624541     
         609   1.2644629812041654     
         610   1.2644815664303906     
         611   1.2644775643417194     
         612   1.2644597973781695     
         613   1.2644408762804973     
         614   1.2644270401010294     
         615   1.2644191719351920     
         616   1.2644150945448067     
         617   1.2644137441417205     
         618   1.2644199424577418     
         619   1.2644418913469455     
         620   1.2644744672637600     
         621   1.2644909833235973     
         622   1.2644759942715558     
         623   1.2644520397910846     
         624   1.2644454203266788     
         625   1.2644559297387259     
         626   1.2644703346850987     
         627   1.2644798131690895     
         628   1.2644812923531599     
         629   1.2644743410121553     
         630   1.2644622412777049     
         631   1.2644514231125856     
         632   1.2644472638839681     
         633   1.2644517068977206     
         634   1.2644623420336987     
         635   1.2644716708884052     
         636   1.2644723792062611     
         637   1.2644669101670349     
         638   1.2644636221888914     
         639   1.2644615907745007     
         640   1.2644526804374805     
         641   1.2644380848923333     
         642   1.2644296419723942     
         643   1.2644348248100319     
         644   1.2644494338591881     
         645   1.2644621217330236     
         646   1.2644606274239742     
         647   1.2644396516163288     
         648   1.2644090709555713     
         649   1.2643874316104569     
         650   1.2643867368671891     
         651   1.2644064133956368     
         652   1.2644352585266541     
         653   1.2644576441862518     
         654   1.2644646674985560     
         655   1.2644613259780852     
         656   1.2644593864682947     
         657   1.2644647408511349     
         658   1.2644723788194354     
         659   1.2644726558575523     
         660   1.2644623234782684     
         661   1.2644475916883040     
         662   1.2644361851718484     
         663   1.2644306025120877     
         664   1.2644293081506399     
         665   1.2644303336430855     
         666   1.2644325877448130     
         667   1.2644358748485378     
         668   1.2644402134029309     
         669   1.2644443720716825     
         670   1.2644447033719994     
         671   1.2644364583336707     
         672   1.2644183077797855     
         673   1.2643976642995987     
         674   1.2643882226977103     
         675   1.2643955086947409     
         676   1.2644097482374366     
         677   1.2644179081994336     
         678   1.2644188518811184     
         679   1.2644230141875084     
         680   1.2644400535770834     
         681   1.2644677418557140     
         682   1.2644914380586916     
         683   1.2644969093200578     
         684   1.2644838898962627     
         685   1.2644619989509707     
         686   1.2644367276548083     
         687   1.2644070866502743     
         688   1.2643748484029422     
         689   1.2643502102532018     
         690   1.2643468550175485     
         691   1.2643718540441358     
         692   1.2644167882601867     
         693   1.2644589106335460     
         694   1.2644783250417704     
         695   1.2644747156299574     
         696   1.2644614969022157     
         697   1.2644477990067311     
         698   1.2644320238362323     
         699   1.2644091533747397     
         700   1.2643801297527546     
         701   1.2643538308212552     
         702   1.2643425445245438     
         703   1.2643556025472789     
         704   1.2643928656037349     
         705   1.2644397931542999     
         706   1.2644727061751300     
         707   1.2644776307871903     
         708   1.2644618651037782     
         709   1.2644431768410020     
         710   1.2644336514301817     
         711   1.2644343303910794     
         712   1.2644403448913355     
         713   1.2644483279892325     
         714   1.2644552023300661     
         715   1.2644488473911282     
         716   1.2644161266101874     
         717   1.2643673813721392     
         718   1.2643319223973521     
         719   1.2643294952330959     
         720   1.2643575965318212     
         721   1.2643974231538211     
         722   1.2644292098608072     
         723   1.2644467056403614     
         724   1.2644556781240821     
         725   1.2644616974222349     
         726   1.2644651490972492     
         727   1.2644647985671456     
         728   1.2644601566030600     
         729   1.2644505913241217     
         730   1.2644351856842062     
         731   1.2644156524595247     
         732   1.2643976980684699     
         733   1.2643881690182115     
         734   1.2643896212244443     
         735   1.2643975842316837     
         736   1.2644042650605842     
         737   1.2644068278103309     
         738   1.2644109983367922     
         739   1.2644244272555720     
         740   1.2644460035962557     
         741   1.2644631483898472     
         742   1.2644625339257098     
         743   1.2644440891731139     
         744   1.2644222366532714     
         745   1.2644138550333368     
         746   1.2644247476457067     
         747   1.2644426060766309     
         748   1.2644465469706587     
         749   1.2644303107999924     
         750   1.2644086810072317     
         751   1.2644001331005201     
         752   1.2644133099915815     
         753   1.2644463804811135     
         754   1.2644881961940850     
         755   1.2645195299672292     
         756   1.2645230939931844     
         757   1.2644980607064442     
         758   1.2644602829859903     
         759   1.2644279088285821     
         760   1.2644093589450804     
         761   1.2644023447468506     
         762   1.2644012109963960     
         763   1.2644038728272367     
         764   1.2644110004915610     
         765   1.2644216529444443     
         766   1.2644329919158177     
         767   1.2644432773997125     
         768   1.2644532319499890     
         769   1.2644651311605628     
         770   1.2644808843135769     
         771   1.2644997816011982     
         772   1.2645170688459144     
         773   1.2645263439948193     
         774   1.2645245338712594     
         775   1.2645126838070699     
         776   1.2644927181281198     
         777   1.2644672235109562     
         778   1.2644411238135089     
         779   1.2644199204235669     
         780   1.2644064766434484     
         781   1.2644012322274665     
         782   1.2644051062541413     
         783   1.2644188644692500     
         784   1.2644382070990337     
         785   1.2644528485672923     
         786   1.2644566480297819     
         787   1.2644565702632393     
         788   1.2644609814089089     
         789   1.2644641256242615     
         790   1.2644551704805131     
         791   1.2644378608545872     
         792   1.2644272476593104     
         793   1.2644309513868066     
         794   1.2644425986951822     
         795   1.2644506584064055     
         796   1.2644483136951910     
         797   1.2644359297730499     
         798   1.2644178704706794     
         799   1.2643993563669715     
         800   1.2643851936086024     
         801   1.2643789354571191     
         802   1.2643815729851726     
         803   1.2643895971687531     
         804   1.2643929422236544     
         805   1.2643813306667426     
         806   1.2643596890412314     
         807   1.2643525410475651     
         808   1.2643855583657260     
         809   1.2644574607370265     
         810   1.2645219556968499     
         811   1.2645173520096469     
         812   1.2644434277770702     
         813   1.2643658493365479     
         814   1.2643352219260535     
         815   1.2643498832653834     
         816   1.2643797077625019     
         817   1.2643973808758642     
         818   1.2643952980628237     
         819   1.2643845461658767     
         820   1.2643831034606925     
         821   1.2644049585619124     
         822   1.2644504015981879     
         823   1.2644990550747830     
         824   1.2645199293035527     
         825   1.2644988636617680     
         826   1.2644515690967411     
         827   1.2644054274171319     
         828   1.2643758989116674     
         829   1.2643629934549094     
         830   1.2643621743387490     
         831   1.2643719665090700     
         832   1.2643920178259922     
         833   1.2644174908510419     
         834   1.2644391105403350     
         835   1.2644508996321644     
         836   1.2644561542475961     
         837   1.2644611678796354     
         838   1.2644655724229992     
         839   1.2644630438557223     
         840   1.2644508845772924     
         841   1.2644343883160567     
         842   1.2644219247839508     
         843   1.2644188193343728     
         844   1.2644263554188089     
         845   1.2644420493685340     
         846   1.2644587946354837     
         847   1.2644683230913727     
         848   1.2644694829519603     
         849   1.2644700766803703     
         850   1.2644768449998915     
         851   1.2644869899617288     
         852   1.2644904015717491     
         853   1.2644795337443433     
         854   1.2644563054875424     
         855   1.2644293056986280     
         856   1.2644068467067688     
         857   1.2643930506549930     
         858   1.2643879826413109     
         859   1.2643887431545537     
         860   1.2643921535351113     
         861   1.2643973145147647     
         862   1.2644057333785783     
         863   1.2644188658724707     
         864   1.2644348252677777     
         865   1.2644448368156538     
         866   1.2644400176654198     
         867   1.2644314506768475     
         868   1.2644478270245401     
         869   1.2644941900567508     
         870   1.2645254951406792     
         871   1.2644970641394810     
         872   1.2644313931971136     
         873   1.2643818939673213     
         874   1.2643679145306366     
         875   1.2643773935129334     
         876   1.2643935431346696     
         877   1.2644062443907511     
         878   1.2644126465011141     
         879   1.2644155287248173     
         880   1.2644204584326881     
         881   1.2644317099390125     
         882   1.2644497283687302     
         883   1.2644710904993366     
         884   1.2644897723539081     
         885   1.2644993807754261     
         886   1.2644962568237883     
         887   1.2644818932480364     
         888   1.2644628716330009     
         889   1.2644471166013629     
         890   1.2644394997859441     
         891   1.2644406433716173     
         892   1.2644489244859021     
         893   1.2644615772888561     
         894   1.2644738110311260     
         895   1.2644787067070493     
         896   1.2644706597891942     
         897   1.2644513562660147     
         898   1.2644298314487532     
         899   1.2644142540505374     
         900   1.2644069714354276     
         901   1.2644073429122902     
         902   1.2644150298264671     
         903   1.2644301951115833     
         904   1.2644513624883080     
         905   1.2644723356409906     
         906   1.2644833526180712     
         907   1.2644801876068668     
         908   1.2644705931006883     
         909   1.2644666982973658     
         910   1.2644735034572365     
         911   1.2644872473547013     
         912   1.2645009978347574     
         913   1.2645092051189293     
         914   1.2645089924570989     
         915   1.2645000292834998     
         916   1.2644839746337369     
         917   1.2644638323469664     
         918   1.2644429918447280     
         919   1.2644248939762330     
         920   1.2644129272370073     
         921   1.2644098707885210     
         922   1.2644168708312344     
         923   1.2644322282034319     
         924   1.2644516367985865     
         925   1.2644694261694078     
         926   1.2644808771473606     
         927   1.2644843600824038     
         928   1.2644814078942632     
         929   1.2644752317621342     
         930   1.2644693534913973     
         931   1.2644669527333969     
         932   1.2644710566162467     
         933   1.2644845204020880     
         934   1.2645064376997537     
         935   1.2645257702646242     
         936   1.2645251937518909     
         937   1.2645007653306606     
         938   1.2644686815281192     
         939   1.2644470059198500     
         940   1.2644419020191107     
         941   1.2644502643124294     
         942   1.2644649871918388     
         943   1.2644769759276011     
         944   1.2644780513962499     
         945   1.2644664969399113     
         946   1.2644501959543879     
         947   1.2644418769665497     
         948   1.2644500368349554     
         949   1.2644726777708795     
         950   1.2644979777637686     
         951   1.2645120301047088     
         952   1.2645095571619089     
         953   1.2644976220758597     
         954   1.2644876974737644     
         955   1.2644852505544453     
         956   1.2644867133410886     
         957   1.2644844831143289     
         958   1.2644736177964806     
         959   1.2644550886945600     
         960   1.2644352362598066     
         961   1.2644228408390412     
         962   1.2644242884586052     
         963   1.2644398183396830     
         964   1.2644628983293009     
         965   1.2644836626956928     
         966   1.2644943398970212     
         967   1.2644942251456244     
         968   1.2644897112875100     
         969   1.2644868989417364     
         970   1.2644843189584574     
         971   1.2644761203030739     
         972   1.2644628283374990     
         973   1.2644524039108915     
         974   1.2644512747021981     
         975   1.2644594052588354     
         976   1.2644727824615871     
         977   1.2644872462899390     
         978   1.2645002591820185     
         979   1.2645105444770643     
         980   1.2645169308874404     
         981   1.2645180291228679     
         982   1.2645133394911205     
         983   1.2645042323230211     
         984   1.2644935294273438     
         985   1.2644842248334505     
         986   1.2644782941112751     
         987   1.2644764275419447     
         988   1.2644771407018309     
         989   1.2644751396276974     
         990   1.2644628875731168     
         991   1.2644390157200798     
         992   1.2644161805391452     
         993   1.2644133166604603     
         994   1.2644308451131010     
         995   1.2644406039116065     
         996   1.2644231624816089     
         997   1.2643983765109919     
         998   1.2643931537603479     
         999   1.2644095859466820     
        1000   1.2644321955125699     
        1001   1.2644451831605279     
        1002   1.2644441482984687     
        1003   1.2644383642541150     
        1004   1.2644398095187861     
        1005   1.2644495541883440     
        1006   1.2644561870693174     
        1007   1.2644470146334632     
        1008   1.2644215774791934     
        1009   1.2643928676144767     
        1010   1.2643748780432831     
        1011   1.2643727975175647     
        1012   1.2643840851674339     
        1013   1.2644032938310763     
        1014   1.2644235081780040     
        1015   1.2644376379179567     
        1016   1.2644423396448388     
        1017   1.2644402031520801     
        1018   1.2644371019629188     
        1019   1.2644390095473841     
        1020   1.2644497099967764     
        1021   1.2644660660295750     
        1022   1.2644757485602898     
        1023   1.2644661139085096     
        1024   1.2644385425474836     
        1025   1.2644086195530586     
        1026   1.2643906631428095     
        1027   1.2643869833444912     
        1028   1.2643918826682805     
        1029   1.2644012115323098     
        1030   1.2644158649449739     
        1031   1.2644360755824184     
        1032   1.2644542579549336     
        1033   1.2644590236819298     
        1034   1.2644483152748403     
        1035   1.2644321641154366     
        1036   1.2644212385491216     
        1037   1.2644192650280162     
        1038   1.2644250159925168     
        1039   1.2644366285696682     
        1040   1.2644527712014360     
        1041   1.2644709665219418     
        1042   1.2644868861420155     
        1043   1.2644963012976911     
        1044   1.2644980579296583     
        1045   1.2644930679228539     
        1046   1.2644805755096848     
        1047   1.2644588315190328     
        1048   1.2644311869043605     
        1049   1.2644076960164568     
        1050   1.2643978150899249     
        1051   1.2644040513809729     
        1052   1.2644213224729626     
        1053   1.2644407642089144     
        1054   1.2644550793671421     
        1055   1.2644623772381798     
        1056   1.2644648235523199     
        1057   1.2644655608746667     
        1058   1.2644670016958681     
        1059   1.2644696414970888     
        1060   1.2644712401151912     
        1061   1.2644680676669651     
        1062   1.2644570332412450     
        1063   1.2644376712492300     
        1064   1.2644138108111784     
        1065   1.2643934578947011     
        1066   1.2643857709966477     
        1067   1.2643966833019356     
        1068   1.2644258797554464     
        1069   1.2644660784386281     
        1070   1.2645048926624169     
        1071   1.2645284571947766     
        1072   1.2645268587649259     
        1073   1.2644989171089531     
        1074   1.2644544146951020     
        1075   1.2644112496943150     
        1076   1.2643876353304893     
        1077   1.2643926740079896     
        1078   1.2644206118130694     
        1079   1.2644530342523694     
        1080   1.2644705374395522     
        1081   1.2644663160536398     
        1082   1.2644502098373662     
        1083   1.2644386906156457     
        1084   1.2644416040880855     
        1085   1.2644568558692653     
        1086   1.2644741728703393     
        1087   1.2644829829806836     
        1088   1.2644794472505549     
        1089   1.2644680225877787     
        1090   1.2644569411800608     
        1091   1.2644528430256896     
        1092   1.2644584123929654     
        1093   1.2644724726859686     
        1094   1.2644908469882308     
        1095   1.2645077342171869     
        1096   1.2645181611396350     
        1097   1.2645207905099558     
        1098   1.2645184196679167     
        1099   1.2645148223164711     
        1100   1.2645103261695345     
        1101   1.2645011299524569     
        1102   1.2644838206465765     
        1103   1.2644596682971545     
        1104   1.2644340744326246     
        1105   1.2644129463955460     
        1106   1.2644005097860691     
        1107   1.2643988469876568     
        1108   1.2644085593531438     
        1109   1.2644294567131107     
        1110   1.2644596667048376     
        1111   1.2644930326002943     
        1112   1.2645182714988730     
        1113   1.2645254414721330     
        1114   1.2645136619732722     
        1115   1.2644900486220765     
        1116   1.2644635401478515     
        1117   1.2644408546819315     
        1118   1.2644239168831393     
        1119   1.2644100566466312     
        1120   1.2643963110343059     
        1121   1.2643844500241017     
        1122   1.2643821025491135     
        1123   1.2643980066659570     
        1124   1.2644345110508062     
        1125   1.2644831728211652     
        1126   1.2645265210475598     
        1127   1.2645460952375824     
        1128   1.2645351159303828     
        1129   1.2645045250889073     
        1130   1.2644734076172650     
        1131   1.2644545538020315     
        1132   1.2644492428171614     
        1133   1.2644513465616769     
        1134   1.2644538463385639     
        1135   1.2644532631267924     
        1136   1.2644507202184152     
        1137   1.2644496147895743     
        1138   1.2644521550979615     
        1139   1.2644573962660686     
        1140   1.2644622030028536     
        1141   1.2644641633896083     
        1142   1.2644635950001994     
        1143   1.2644632693696412     
        1144   1.2644667290931828     
        1145   1.2644764189726352     
        1146   1.2644906767655448     
        1147   1.2645002366780089     
        1148   1.2644925995998397     
        1149   1.2644654416508410     
        1150   1.2644301520600667     
        1151   1.2643995307063416     
        1152   1.2643787726701938     
        1153   1.2643685184480160     
        1154   1.2643710814120017     
        1155   1.2643923028845867     
        1156   1.2644362179206383     
        1157   1.2644940641778355     
        1158   1.2645406415470664     
        1159   1.2645505539056976     
        1160   1.2645223994370018     
        1161   1.2644787998096230     
        1162   1.2644400174927166     
        1163   1.2644093015840630     
        1164   1.2643869642530863     
        1165   1.2643799628802408     
        1166   1.2643900455417687     
        1167   1.2644080305880618     
        1168   1.2644229998713195     
        1169   1.2644300024324449     
        1170   1.2644312848575430     
        1171   1.2644342260901702     
        1172   1.2644451759989253     
        1173   1.2644612090855625     
        1174   1.2644691396652110     
        1175   1.2644584107209051     
        1176   1.2644343176265571     
        1177   1.2644131159171090     
        1178   1.2644060524730834     
        1179   1.2644118101505413     
        1180   1.2644207744810534     
        1181   1.2644245195733848     
        1182   1.2644226412315374     
        1183   1.2644216983187180     
        1184   1.2644287342817790     
        1185   1.2644446110104124     
        1186   1.2644633253980677     
        1187   1.2644778460030426     
        1188   1.2644861086180026     
        1189   1.2644886507509980     
        1190   1.2644821462856655     
        1191   1.2644622687074492     
        1192   1.2644337515081778     
        1193   1.2644102757541704     
        1194   1.2644029467641218     
        1195   1.2644130213929430     
        1196   1.2644330107091175     
        1197   1.2644515082514642     
        1198   1.2644590670453995     
        1199   1.2644528766472107     
        1200   1.2644367087583337     
        1201   1.2644169795752593     
        1202   1.2643997640878939     
        1203   1.2643892017762837     
        1204   1.2643864186158060     
        1205   1.2643891813938988     
        1206   1.2643935549286365     
        1207   1.2643965613600019     
        1208   1.2643986061119035     
        1209   1.2644038257870625     
        1210   1.2644175006313361     
        1211   1.2644414544134337     
        1212   1.2644712082696536     
        1213   1.2644973723832027     
        1214   1.2645093851471154     
        1215   1.2645015189708264     
        1216   1.2644792960597835     
        1217   1.2644569881230097     
        1218   1.2644453282531223     
        1219   1.2644434585291644     
        1220   1.2644429316158541     
        1221   1.2644371041543696     
        1222   1.2644265089482847     
        1223   1.2644172210695566     
        1224   1.2644148949689744     
        1225   1.2644202606725949     
        1226   1.2644284318008701     
        1227   1.2644332291893852     
        1228   1.2644326664018726     
        1229   1.2644306265563696     
        1230   1.2644316448111250     
        1231   1.2644346167639169     
        1232   1.2644343993404679     
        1233   1.2644281963101780     
        1234   1.2644188016129136     
        1235   1.2644124941183619     
        1236   1.2644156500279116     
        1237   1.2644318678292159     
        1238   1.2644593398843176     
        1239   1.2644901880070560     
        1240   1.2645150128613381     
        1241   1.2645305665570516     
        1242   1.2645406188051753     
        1243   1.2645458783335073     
        1244   1.2645378019387472     
        1245   1.2645103998571745     
        1246   1.2644722693507591     
        1247   1.2644384059078091     
        1248   1.2644165567497054     
        1249   1.2644058791438610     
        1250   1.2644041428569959     
        1251   1.2644116692602434     
        1252   1.2644280595985196     
        1253   1.2644479038996888     
        1254   1.2644624375001201     
        1255   1.2644656618921273     
        1256   1.2644577867095341     
        1257   1.2644437159201867     
        1258   1.2644294504561475     
        1259   1.2644194135536679     
        1260   1.2644150772563165     
        1261   1.2644135799467264     
        1262   1.2644098487933455     
        1263   1.2644033628912201     
        1264   1.2644013618728105     
        1265   1.2644131639922602     
        1266   1.2644425162899395     
        1267   1.2644795557923953     
        1268   1.2644951421245350     
        1269   1.2644602697232554     
        1270   1.2643818025832085     
        1271   1.2642996224074676     
        1272   1.2642534770328075     
        1273   1.2642724161651770     
        1274   1.2643698818410867     
        1275   1.2644969260710570     
        1276   1.2645420421735556     
        1277   1.2644849367636963     
        1278   1.2644194294266478     
        1279   1.2643968955031406     
        1280   1.2644031357480876     
        1281   1.2644128260554504     
        1282   1.2644115443764701     
        1283   1.2643980774473962     
        1284   1.2643816616875845     
        1285   1.2643736269410482     
        1286   1.2643785417082429     
        1287   1.2643924141749059     
        1288   1.2644067613941194     
        1289   1.2644131489741222     
        1290   1.2644098635643315     
        1291   1.2644036123530820     
        1292   1.2643988618587769     
        1293   1.2643930665577281     
        1294   1.2643857744065792     
        1295   1.2643833683043242     
        1296   1.2643917434917797     
        1297   1.2644098231188807     
        1298   1.2644305036860124     
        1299   1.2644441617588349     
        1300   1.2644418309231320     
        1301   1.2644215817608049     
        1302   1.2643936201448569     
        1303   1.2643746353036405     
        1304   1.2643753076462281     
        1305   1.2643938973671132     
        1306   1.2644196563027266     
        1307   1.2644412760018651     
        1308   1.2644537270315857     
        1309   1.2644594226846637     
        1310   1.2644636453634894     
        1311   1.2644685115841527     
        1312   1.2644700395707482     
        1313   1.2644621033466734     
        1314   1.2644430837990694     
        1315   1.2644191114272672     
        1316   1.2644007684433427     
        1317   1.2643970570988341     
        1318   1.2644115263550431     
        1319   1.2644422381029505     
        1320   1.2644816446247784     
        1321   1.2645152625354750     
        1322   1.2645255114973484     
        1323   1.2645038841398741     
        1324   1.2644601417483710     
        1325   1.2644152372413642     
        1326   1.2643862909190897     
        1327   1.2643799474643713     
        1328   1.2643943555867236     
        1329   1.2644206905147479     
        1330   1.2644442851835029     
        1331   1.2644531744937653     
        1332   1.2644487695613535     
        1333   1.2644435722151299     
        1334   1.2644477796851978     
        1335   1.2644601030268603     
        1336   1.2644703262523631     
        1337   1.2644709142343014     
        1338   1.2644648680343500     
        1339   1.2644584338801836     
        1340   1.2644522719127487     
        1341   1.2644456912048998     
        1342   1.2644417331231117     
        1343   1.2644435654847999     
        1344   1.2644510162608356     
        1345   1.2644612987138526     
        1346   1.2644700534758635     
        1347   1.2644718013350738     
        1348   1.2644625781069530     
        1349   1.2644450611957350     
        1350   1.2644300501912831     
        1351   1.2644274228359049     
        1352   1.2644312501965069     
        1353   1.2644239553760857     
        1354   1.2644045195079963     
        1355   1.2643945843171354     
        1356   1.2644100820269264     
        1357   1.2644446872272481     
        1358   1.2644770293452621     
        1359   1.2644866401850072     
        1360   1.2644696823805415     
        1361   1.2644393838094059     
        1362   1.2644106656968650     
        1363   1.2643907818099780     
        1364   1.2643823959856062     
        1365   1.2643880570749477     
        1366   1.2644093996053150     
        1367   1.2644433649648512     
        1368   1.2644780965913414     
        1369   1.2644956999056784     
        1370   1.2644873582576046     
        1371   1.2644627656924869     
        1372   1.2644375159710504     
        1373   1.2644188424785430     
        1374   1.2644055881894039     
        1375   1.2643947559386333     
        1376   1.2643852362318428     
        1377   1.2643787250977891     
        1378   1.2643792353980108     
        1379   1.2643911620289068     
        1380   1.2644146555574336     
        1381   1.2644422489088631     
        1382   1.2644629017113447     
        1383   1.2644704121350681     
        1384   1.2644650744615662     
        1385   1.2644496154974112     
        1386   1.2644285150641066     
        1387   1.2644092030421155     
        1388   1.2644020966313250     
        1389   1.2644175033385885     
        1390   1.2644543137546382     
        1391   1.2644888806808074     
        1392   1.2644963167507177     
        1393   1.2644802117006093     
        1394   1.2644541815304602     
        1395   1.2644213276691432     
        1396   1.2643877379819668     
        1397   1.2643653152376135     
        1398   1.2643586064815751     
        1399   1.2643619892944811     
        1400   1.2643675262846867     
        1401   1.2643713621124903     
        1402   1.2643747823214417     
        1403   1.2643820329474669     
        1404   1.2643978718692148     
        1405   1.2644258101255830     
        1406   1.2644655102322231     
        1407   1.2645093905859999     
        1408   1.2645421555450356     
        1409   1.2645481296328556     
        1410   1.2645239295222739     
        1411   1.2644833146292416     
        1412   1.2644466559438583     
        1413   1.2644259798470743     
        1414   1.2644207665019196     
        1415   1.2644242479098258     
        1416   1.2644309287616822     
        1417   1.2644391073959576     
        1418   1.2644484648858572     
        1419   1.2644559662368917     
        1420   1.2644556951148060     
        1421   1.2644452956314420     
        1422   1.2644308715020980     
        1423   1.2644228974470322     
        1424   1.2644278350447569     
        1425   1.2644429260817072     
        1426   1.2644570461979723     
        1427   1.2644581238089800     
        1428   1.2644432994161121     
        1429   1.2644208937966754     
        1430   1.2644027178987396     
        1431   1.2643957859522754     
        1432   1.2644004980999521     
        1433   1.2644141187742202     
        1434   1.2644341000188795     
        1435   1.2644572045227851     
        1436   1.2644764659976881     
        1437   1.2644822923775467     
        1438   1.2644694211196736     
        1439   1.2644421657123286     
        1440   1.2644130597551997     
        1441   1.2643968966990227     
        1442   1.2644025687753195     
        1443   1.2644228042417178     
        1444   1.2644350128641271     
        1445   1.2644246812722530     
        1446   1.2644050001354328     
        1447   1.2643994511645649     
        1448   1.2644146797888824     
        1449   1.2644394770617260     
        1450   1.2644605523961296     
        1451   1.2644711227739012     
        1452   1.2644694918738897     
        1453   1.2644568805992438     
        1454   1.2644380425168291     
        1455   1.2644216176070202     
        1456   1.2644179508073243     
        1457   1.2644332892490504     
        1458   1.2644596541619215     
        1459   1.2644732233434721     
        1460   1.2644583585459217     
        1461   1.2644291165112365     
        1462   1.2644106091893961     
        1463   1.2644133855765505     
        1464   1.2644325037992790     
        1465   1.2644565360727116     
        1466   1.2644736296785193     
        1467   1.2644772884426414     
        1468   1.2644699620227238     
        1469   1.2644598190557570     
        1470   1.2644530123804749     
        1471   1.2644499418531585     
        1472   1.2644476176164126     
        1473   1.2644444025422377     
        1474   1.2644411280956183     
        1475   1.2644391751704158     
        1476   1.2644381141169676     
        1477   1.2644357991111543     
        1478   1.2644309903749367     
        1479   1.2644256445259203     
        1480   1.2644243196901370     
        1481   1.2644315914933810     
        1482   1.2644484840650754     
        1483   1.2644695443986163     
        1484   1.2644841972054066     
        1485   1.2644836599591547     
        1486   1.2644677303561660     
        1487   1.2644449290195496     
        1488   1.2644260410907653     
        1489   1.2644161815601405     
        1490   1.2644120804649508     
        1491   1.2644071106539818     
        1492   1.2643998486581214     
        1493   1.2643962051074984     
        1494   1.2644025350970742     
        1495   1.2644184784821997     
        1496   1.2644372183784318     
        1497   1.2644505859138160     
        1498   1.2644525305014809     
        1499   1.2644407696427793     
        1500   1.2644181650680308     
        1501   1.2643935540636719     
        1502   1.2643788095030064     
        1503   1.2643829812822418     
        1504   1.2644079964290871     
        1505   1.2644490262778227     
        1506   1.2644944808762639     
        1507   1.2645240203797585     
        1508   1.2645200424311751     
        1509   1.2644897045724388     
        1510   1.2644581128717256     
        1511   1.2644403762712297     
        1512   1.2644350354593255     
        1513   1.2644352875548868     
        1514   1.2644367575502893     
        1515   1.2644384644462194     
        1516   1.2644397678368726     
        1517   1.2644357996132145     
        1518   1.2644196042355555     
        1519   1.2643935089209986     
        1520   1.2643723486888749     
        1521   1.2643688522652021     
        1522   1.2643808857532957     
        1523   1.2643962043124559     
        1524   1.2644064298630779     
        1525   1.2644138384959973     
        1526   1.2644250358993092     
        1527   1.2644417423763241     
        1528   1.2644585052038133     
        1529   1.2644687736876006     
        1530   1.2644726767921879     
        1531   1.2644774397244520     
        1532   1.2644879940927067     
        1533   1.2644961809829660     
        1534   1.2644843719751713     
        1535   1.2644475954608181     
        1536   1.2644054782946808     
        1537   1.2643837326385001     
        1538   1.2643938947680491     
        1539   1.2644289708075678     
        1540   1.2644649119567126     
        1541   1.2644749904212147     
        1542   1.2644566586213806     
        1543   1.2644322336241847     
        1544   1.2644207549730622     
        1545   1.2644244658181401     
        1546   1.2644365201858845     
        1547   1.2644496185242020     
        1548   1.2644587723562901     
        1549   1.2644624307083860     
        1550   1.2644624258705996     
        1551   1.2644601764593295     
        1552   1.2644533529446602     
        1553   1.2644401434953125     
        1554   1.2644271538946723     
        1555   1.2644279567114638     
        1556   1.2644514333732204     
        1557   1.2644908531516554     
        1558   1.2645243390481538     
        1559   1.2645294416017894     
        1560   1.2645013198865676     
        1561   1.2644554470490914     
        1562   1.2644136854095303     
        1563   1.2643902340356727     
        1564   1.2643882930181949     
        1565   1.2644032478678229     
        1566   1.2644266152055699     
        1567   1.2644495646728187     
        1568   1.2644660651101756     
        1569   1.2644737200613214     
        1570   1.2644717926648505     
        1571   1.2644613448240893     
        1572   1.2644477545952100     
        1573   1.2644400449125324     
        1574   1.2644456105592272     
        1575   1.2644650586907362     
        1576   1.2644885389807212     
        1577   1.2644996883637982     
        1578   1.2644903494215769     
        1579   1.2644635877865369     
        1580   1.2644250507539774     
        1581   1.2643859965801432     
        1582   1.2643626332052234     
        1583   1.2643614511082792     
        1584   1.2643731967948189     
        1585   1.2643851568364444     
        1586   1.2643956885101399     
        1587   1.2644112992425600     
        1588   1.2644318653720332     
        1589   1.2644475921735800     
        1590   1.2644496765682267     
        1591   1.2644403532384323     
        1592   1.2644334404292281     
        1593   1.2644448008539850     
        1594   1.2644719789793335     
        1595   1.2644820323900183     
        1596   1.2644438268181526     
        1597   1.2643737465918115     
        1598   1.2643158476723997     
        1599   1.2642952598454467     
        1600   1.2643124562842722     
        1601   1.2643591981465399     
        1602   1.2644268816968731     
        1603   1.2645030979432823     
        1604   1.2645617179683954     
        1605   1.2645670727313241     
        1606   1.2645086535773529     
        1607   1.2644248673753773     
        1608   1.2643673440815890     
        1609   1.2643532618323128     
        1610   1.2643640523097384     
        1611   1.2643754709360060     
        1612   1.2643776194597995     
        1613   1.2643756962838668     
        1614   1.2643816639885368     
        1615   1.2644021602602709     
        1616   1.2644315735323532     
        1617   1.2644561356784050     
        1618   1.2644648284234092     
        1619   1.2644579241325267     
        1620   1.2644457310732582     
        1621   1.2644398356246036     
        1622   1.2644444492301030     
        1623   1.2644536332595502     
        1624   1.2644588543828359     
        1625   1.2644612733256371     
        1626   1.2644715094742449     
        1627   1.2644949296498651     
        1628   1.2645215593328953     
        1629   1.2645326883974370     
        1630   1.2645187994300715     
        1631   1.2644887689969777     
        1632   1.2644589891425517     
        1633   1.2644380726966065     
        1634   1.2644254402225323     
        1635   1.2644188806534469     
        1636   1.2644177982722415     
        1637   1.2644203063644937     
        1638   1.2644224942735316     
        1639   1.2644219555440621     
        1640   1.2644188540282180     
        1641   1.2644136708409333     
        1642   1.2644055940631145     
        1643   1.2643941744549385     
        1644   1.2643828916877213     
        1645   1.2643810797541293     
        1646   1.2644008591303444     
        1647   1.2644463026516435     
        1648   1.2645031136623230     
        1649   1.2645459887306765     
        1650   1.2645567807385754     
        1651   1.2645304525052610     
        1652   1.2644757842511445     
        1653   1.2644154021235354     
        1654   1.2643727424105853     
        1655   1.2643566239206887     
        1656   1.2643604281004581     
        1657   1.2643719075526811     
        1658   1.2643823307570685     
        1659   1.2643898390382105     
        1660   1.2643975923165602     
        1661   1.2644099686430830     
        1662   1.2644281641143547     
        1663   1.2644460468308609     
        1664   1.2644515941382428     
        1665   1.2644406069061962     
        1666   1.2644272831499925     
        1667   1.2644271686053208     
        1668   1.2644326084450856     
        1669   1.2644252956077819     
        1670   1.2644086884710219     
        1671   1.2644027685077157     
        1672   1.2644155407239035     
        1673   1.2644357293656050     
        1674   1.2644461061026211     
        1675   1.2644394057957760     
        1676   1.2644243025305191     
        1677   1.2644163887352224     
        1678   1.2644216368002197     
        1679   1.2644294596640289     
        1680   1.2644261476239100     
        1681   1.2644106962487185     
        1682   1.2643914888721692     
        1683   1.2643767679417115     
        1684   1.2643728044939695     
        1685   1.2643838392942450     
        1686   1.2644103097062678     
        1687   1.2644447567367676     
        1688   1.2644717882506709     
        1689   1.2644780613077011     
        1690   1.2644636052458493     
        1691   1.2644390008194457     
        1692   1.2644132241894053     
        1693   1.2643888445670433     
        1694   1.2643673027625453     
        1695   1.2643525437201919     
        1696   1.2643490614736921     
        1697   1.2643593873661876     
        1698   1.2643838522575972     
        1699   1.2644205552746755     
        1700   1.2644636121390080     
        1701   1.2645006801834571     
        1702   1.2645137435570577     
        1703   1.2644916372399644     
        1704   1.2644462193612112     
        1705   1.2644054850206619     
        1706   1.2643883968598586     
        1707   1.2643933059871193     
        1708   1.2644068143582261     
        1709   1.2644178385773719     
        1710   1.2644251010525629     
        1711   1.2644345235333065     
        1712   1.2644502436165219     
        1713   1.2644679619356691     
        1714   1.2644776584790653     
        1715   1.2644731435134791     
        1716   1.2644572523078461     
        1717   1.2644386546907032     
        1718   1.2644252900711217     
        1719   1.2644204961145160     
        1720   1.2644231582935352     
        1721   1.2644310387599074     
        1722   1.2644442687337560     
        1723   1.2644649936155901     
        1724   1.2644925682839685     
        1725   1.2645193441141167     
        1726   1.2645330343106100     
        1727   1.2645252661652817     
        1728   1.2644981858547357     
        1729   1.2644629071392322     
        1730   1.2644317709205368     
        1731   1.2644117886030779     
        1732   1.2644038047289037     
        1733   1.2644050347569877     
        1734   1.2644118658402157     
        1735   1.2644214412712556     
        1736   1.2644325597276167     
        1737   1.2644449492628018     
        1738   1.2644578056939109     
        1739   1.2644703694321606     
        1740   1.2644837808001623     
        1741   1.2644992252131755     
        1742   1.2645131228917137     
        1743   1.2645187920816214     
        1744   1.2645137586032162     
        1745   1.2645016214821094     
        1746   1.2644876290227822     
        1747   1.2644750678467096     
        1748   1.2644648327133525     
        1749   1.2644566757232436     
        1750   1.2644503010534036     
        1751   1.2644461407954453     
        1752   1.2644445114323748     
        1753   1.2644440921350504     
        1754   1.2644414876891013     
        1755   1.2644334575849587     
        1756   1.2644201479075892     
        1757   1.2644061078286297     
        1758   1.2643981650766423     
        1759   1.2644033870902986     
        1760   1.2644267680426298     
        1761   1.2644672443851670     
        1762   1.2645136068619787     
        1763   1.2645458510982919     
        1764   1.2645454978644457     
        1765   1.2645091311098033     
        1766   1.2644515801302192     
        1767   1.2643960597513706     
        1768   1.2643611946484816     
        1769   1.2643533472241881     
        1770   1.2643665359118121     
        1771   1.2643883150135882     
        1772   1.2644050916185514     
        1773   1.2644062965068537     
        1774   1.2643928493703820     
        1775   1.2643792380060219     
        1776   1.2643815797236830     
        1777   1.2644040861907206     
        1778   1.2644370337019475     
        1779   1.2644660635078724     
        1780   1.2644843212776495     
        1781   1.2644949085925743     
        1782   1.2645035063920522     
        1783   1.2645114297629898     
        1784   1.2645155466498235     
        1785   1.2645125622833626     
        1786   1.2645024459895509     
        1787   1.2644867008204059     
        1788   1.2644658195644785     
        1789   1.2644405950823536     
        1790   1.2644152881541322     
        1791   1.2643969393398211     
        1792   1.2643908862797657     
        1793   1.2643978666909588     
        1794   1.2644144740821692     
        1795   1.2644350937513829     
        1796   1.2644539285585017     
        1797   1.2644673010502785     
        1798   1.2644757481091728     
        1799   1.2644839360806448     
        1800   1.2644963803892322     
        1801   1.2645114760312124     
        1802   1.2645197125856729     
        1803   1.2645105047134981     
        1804   1.2644823458513990     
        1805   1.2644465584751954     
        1806   1.2644183038440886     
        1807   1.2644062764623523     
        1808   1.2644109766714666     
        1809   1.2644284036319862     
        1810   1.2644523200899851     
        1811   1.2644753915523581     
        1812   1.2644912254524072     
        1813   1.2644963455779519     
        1814   1.2644913199777972     
        1815   1.2644803278737915     
        1816   1.2644693646419762     
        1817   1.2644632237254445     
        1818   1.2644631308545640     
        1819   1.2644665869188991     
        1820   1.2644692510057136     
        1821   1.2644672325263766     
        1822   1.2644586606910315     
        1823   1.2644447047024663     
        1824   1.2644287634241071     
        1825   1.2644133362508132     
        1826   1.2643983301686190     
        1827   1.2643840816401575     
        1828   1.2643745846164054     
        1829   1.2643754130270319     
        1830   1.2643890376461457     
        1831   1.2644122796127701     
        1832   1.2644366967719232     
        1833   1.2644525205808310     
        1834   1.2644552337662014     
        1835   1.2644480627465364     
        1836   1.2644372530303216     
        1837   1.2644271654743955     
        1838   1.2644203834777523     
        1839   1.2644177632260907     
        1840   1.2644183315233706     
        1841   1.2644207715386053     
        1842   1.2644237822000162     
        1843   1.2644251275577543     
        1844   1.2644217268605957     
        1845   1.2644111364496211     
        1846   1.2643928728906462     
        1847   1.2643695065069571     
        1848   1.2643484622946928     
        1849   1.2643408514090528     
        1850   1.2643548796041770     
        1851   1.2643890205981818     
        1852   1.2644319961528221     
        1853   1.2644694006348416     
        1854   1.2644905214178728     
        1855   1.2644916533784083     
        1856   1.2644766883052887     
        1857   1.2644553487171932     
        1858   1.2644383279606499     
        1859   1.2644321425947322     
        1860   1.2644378541859447     
        1861   1.2644520918196014     
        1862   1.2644682572433406     
        1863   1.2644774250655080     
        1864   1.2644721084510147     
        1865   1.2644516801962622     
        1866   1.2644238313608545     
        1867   1.2643998413612394     
        1868   1.2643883444305239     
        1869   1.2643917741626101     
        1870   1.2644062365351476     
        1871   1.2644248799785236     
        1872   1.2644420203478233     
        1873   1.2644550111615251     
        1874   1.2644634624643554     
        1875   1.2644669918968319     
        1876   1.2644643647831313     
        1877   1.2644548866699852     
        1878   1.2644407860350191     
        1879   1.2644283059633850     
        1880   1.2644260723834040     
        1881   1.2644390521432625     
        1882   1.2644603430130306     
        1883   1.2644712188112368     
        1884   1.2644582426625308     
        1885   1.2644309563261471     
        1886   1.2644136795699374     
        1887   1.2644224215254938     
        1888   1.2644545675998722     
        1889   1.2644926327928516     
        1890   1.2645137053522693     
        1891   1.2645029828676910     
        1892   1.2644651477698297     
        1893   1.2644206043417128     
        1894   1.2643886571074097     
        1895   1.2643767359071509     
        1896   1.2643830030219245     
        1897   1.2644039862338048     
        1898   1.2644373747442321     
        1899   1.2644778781028574     
        1900   1.2645131520477144     
        1901   1.2645294065952091     
        1902   1.2645221231217318     
        1903   1.2644971718398508     
        1904   1.2644633390139082     
        1905   1.2644287829140939     
        1906   1.2644013087006951     
        1907   1.2643879461293976     
        1908   1.2643931969491562     
        1909   1.2644169538676433     
        1910   1.2644530564570240     
        1911   1.2644904354182780     
        1912   1.2645167980318126     
        1913   1.2645222242864249     
        1914   1.2645015739364176     
        1915   1.2644586833048406     
        1916   1.2644090380467765     
        1917   1.2643736377615158     
        1918   1.2643670888459322     
        1919   1.2643893278360019     
        1920   1.2644257090558821     
        1921   1.2644563791588270     
        1922   1.2644703389184357     
        1923   1.2644711550117713     
        1924   1.2644698038003142     
        1925   1.2644744741380227     
        1926   1.2644860892642298     
        1927   1.2644982777611018     
        1928   1.2645004390458028     
        1929   1.2644858161859176     
        1930   1.2644590423358117     
        1931   1.2644336288549920     
        1932   1.2644220305033622     
        1933   1.2644299484447945     
        1934   1.2644538898364013     
        1935   1.2644776006808121     
        1936   1.2644793191790571     
        1937   1.2644542418136777     
        1938   1.2644210774407778     
        1939   1.2644003829135386     
        1940   1.2643999574502713     
        1941   1.2644187341926492     
        1942   1.2644515749788308     
        1943   1.2644881717456378     
        1944   1.2645138939292071     
        1945   1.2645182225485168     
        1946   1.2645022508055670     
        1947   1.2644759291171983     
        1948   1.2644506320855213     
        1949   1.2644340559967413     
        1950   1.2644280629170837     
        1951   1.2644295236859198     
        1952   1.2644341539978048     
        1953   1.2644404191356273     
        1954   1.2644495673815872     
        1955   1.2644629740370856     
        1956   1.2644789402382079     
        1957   1.2644916244249933     
        1958   1.2644936478230164     
        1959   1.2644816666271748     
        1960   1.2644579855962350     
        1961   1.2644273737706864     
        1962   1.2643953680537785     
        1963   1.2643723653797914     
        1964   1.2643761152389394     
        1965   1.2644213085385712     
        1966   1.2644908626053293     
        1967   1.2645272717935829     
        1968   1.2644991629485454     
        1969   1.2644495571635523     
        1970   1.2644255291792508     
        1971   1.2644266189743210     
        1972   1.2644316528660906     
        1973   1.2644276620449046     
        1974   1.2644159073883081     
        1975   1.2644047299337511     
        1976   1.2644005825945546     
        1977   1.2644046204041732     
        1978   1.2644144660690935     
        1979   1.2644271168462180     
        1980   1.2644399933311441     
        1981   1.2644509839521851     
        1982   1.2644588774232148     
        1983   1.2644646362980545     
        1984   1.2644703442954599     
        1985   1.2644759571507953     
        1986   1.2644783923119647     
        1987   1.2644746670022351     
        1988   1.2644644327169119     
        1989   1.2644501360052738     
        1990   1.2644364437208604     
        1991   1.2644291819407896     
        1992   1.2644305062795473     
        1993   1.2644339055454918     
        1994   1.2644306971606563     
        1995   1.2644234956779297     
        1996   1.2644224460387319     
        1997   1.2644299627143565     
        1998   1.2644396973474881     
        1999   1.2644455416507263     
        2000   1.2644459246951061     
