        2001   1.2644327293710802     
        2002   1.2644207907033849     
        2003   1.2644087135903224     
        2004   1.2644036036303317     
        2005   1.2644156483759637     
        2006   1.2644499729891097     
        2007   1.2644958213719806     
        2008   1.2645283471198385     
        2009   1.2645283322963063     
        2010   1.2644988864310132     
        2011   1.2644597722700617     
        2012   1.2644281698243516     
        2013   1.2644089733461690     
        2014   1.2643993466440580     
        2015   1.2643956103832703     
        2016   1.2643952241053749     
        2017   1.2643967441895110     
        2018   1.2644012411848702     
        2019   1.2644134413458290     
        2020   1.2644373995558453     
        2021   1.2644673345947379     
        2022   1.2644871813348173     
        2023   1.2644859893470788     
        2024   1.2644680545460154     
        2025   1.2644439603013322     
        2026   1.2644216394383290     
        2027   1.2644073113037209     
        2028   1.2644053909310033     
        2029   1.2644136153302772     
        2030   1.2644227042498812     
        2031   1.2644263694410662     
        2032   1.2644284853123351     
        2033   1.2644353801144490     
        2034   1.2644459766354652     
        2035   1.2644554011879019     
        2036   1.2644642238826789     
        2037   1.2644759619571992     
        2038   1.2644865552618181     
        2039   1.2644848623091174     
        2040   1.2644641253928155     
        2041   1.2644280859555561     
        2042   1.2643880111619850     
        2043   1.2643569362057496     
        2044   1.2643440165502020     
        2045   1.2643518533189484     
        2046   1.2643802291427941     
        2047   1.2644326086545887     
        2048   1.2645082580188833     
        2049   1.2645727332447143     
        2050   1.2645657064086784     
        2051   1.2644874508771293     
        2052   1.2644089309902755     
        2053   1.2643754060170023     
        2054   1.2643805335152671     
        2055   1.2644029814452113     
        2056   1.2644266940918572     
        2057   1.2644426449804003     
        2058   1.2644485987894636     
        2059   1.2644485278576829     
        2060   1.2644489803438261     
        2061   1.2644540190634062     
        2062   1.2644638379091386     
        2063   1.2644771399234533     
        2064   1.2644926891262900     
        2065   1.2645067336971654     
        2066   1.2645105560860657     
        2067   1.2644962707918259     
        2068   1.2644656441102375     
        2069   1.2644302943212200     
        2070   1.2644038568136966     
        2071   1.2643960134949690     
        2072   1.2644099761545835     
        2073   1.2644409699777033     
        2074   1.2644747608186679     
        2075   1.2644920546262202     
        2076   1.2644826518595287     
        2077   1.2644552025406126     
        2078   1.2644281655805136     
        2079   1.2644150704594810     
        2080   1.2644199481543832     
        2081   1.2644396566518972     
        2082   1.2644649107821215     
        2083   1.2644786146415399     
        2084   1.2644662414060479     
        2085   1.2644397437276647     
        2086   1.2644257976048663     
        2087   1.2644264921489834     
        2088   1.2644211518430704     
        2089   1.2643995492272488     
        2090   1.2643733035146001     
        2091   1.2643570216948148     
        2092   1.2643518251232717     
        2093   1.2643496547359843     
        2094   1.2643464057826452     
        2095   1.2643483189503595     
        2096   1.2643710772895784     
        2097   1.2644297986512361     
        2098   1.2645134313422517     
        2099   1.2645695799947205     
        2100   1.2645508654215445     
        2101   1.2644766064830342     
        2102   1.2644068341282488     
        2103   1.2643778711524987     
        2104   1.2643880348226517     
        2105   1.2644163615872950     
        2106   1.2644400712815789     
        2107   1.2644459072140353     
        2108   1.2644334066251317     
        2109   1.2644099285275558     
        2110   1.2643846875745377     
        2111   1.2643657308095917     
        2112   1.2643586675923182     
        2113   1.2643655566390950     
        2114   1.2643847420160013     
        2115   1.2644120295076888     
        2116   1.2644419572950178     
        2117   1.2644682603969035     
        2118   1.2644849861735934     
        2119   1.2644907359124340     
        2120   1.2644900268013157     
        2121   1.2644875016448307     
        2122   1.2644836179863970     
        2123   1.2644765379828677     
        2124   1.2644644692110185     
        2125   1.2644482003614586     
        2126   1.2644319757790725     
        2127   1.2644208633127607     
        2128   1.2644172851402207     
        2129   1.2644197318993085     
        2130   1.2644240517625167     
        2131   1.2644261482297283     
        2132   1.2644239850348438     
        2133   1.2644184858939336     
        2134   1.2644129447434800     
        2135   1.2644121567540951     
        2136   1.2644209274803226     
        2137   1.2644405270290191     
        2138   1.2644652458511332     
        2139   1.2644847029703095     
        2140   1.2644910907920968     
        2141   1.2644848348481945     
        2142   1.2644728497957907     
        2143   1.2644627941688986     
        2144   1.2644585997648981     
        2145   1.2644588641243626     
        2146   1.2644582280333156     
        2147   1.2644519363000382     
        2148   1.2644404996562524     
        2149   1.2644294107461782     
        2150   1.2644239204627163     
        2151   1.2644234710311952     
        2152   1.2644221274274208     
        2153   1.2644146169994142     
        2154   1.2644023362729098     
        2155   1.2643938036075455     
        2156   1.2644003499468552     
        2157   1.2644289560788518     
        2158   1.2644735448155378     
        2159   1.2645133954783403     
        2160   1.2645289380082074     
        2161   1.2645167701371121     
        2162   1.2644843401959989     
        2163   1.2644421750178418     
        2164   1.2644021055453791     
        2165   1.2643744429275310     
        2166   1.2643662948981382     
        2167   1.2643771471225491     
        2168   1.2643953744432017     
        2169   1.2644073261877011     
        2170   1.2644103491975611     
        2171   1.2644084685413637     
        2172   1.2644017082818171     
        2173   1.2643917466450478     
        2174   1.2643890208513606     
        2175   1.2644048975430819     
        2176   1.2644412008647992     
        2177   1.2644866427205017     
        2178   1.2645191397974256     
        2179   1.2645183878067896     
        2180   1.2644846843304642     
        2181   1.2644403091495839     
        2182   1.2644075463755833     
        2183   1.2643931087998763     
        2184   1.2643920980059220     
        2185   1.2643993057046004     
        2186   1.2644148701242095     
        2187   1.2644395739607490     
        2188   1.2644653493142817     
        2189   1.2644763433171269     
        2190   1.2644668787475228     
        2191   1.2644485974773882     
        2192   1.2644346900947558     
        2193   1.2644289041586014     
        2194   1.2644290484990461     
        2195   1.2644320624435856     
        2196   1.2644353052152977     
        2197   1.2644360035837505     
        2198   1.2644305223561489     
        2199   1.2644158258351665     
        2200   1.2643956177524682     
        2201   1.2643846029769339     
        2202   1.2643959252467738     
        2203   1.2644183064848951     
        2204   1.2644272374713517     
        2205   1.2644235644412110     
        2206   1.2644206977261856     
        2207   1.2644117467178413     
        2208   1.2643860850965893     
        2209   1.2643527065077047     
        2210   1.2643335988097926     
        2211   1.2643447990453733     
        2212   1.2643847762592002     
        2213   1.2644358972663212     
        2214   1.2644767132140320     
        2215   1.2644925187306248     
        2216   1.2644790677118221     
        2217   1.2644467180810262     
        2218   1.2644148798242967     
        2219   1.2643963905140314     
        2220   1.2643948773536002     
        2221   1.2644109468257430     
        2222   1.2644385114401675     
        2223   1.2644596357853399     
        2224   1.2644544920283380     
        2225   1.2644193393354701     
        2226   1.2643708922724848     
        2227   1.2643320648872374     
        2228   1.2643163766086929     
        2229   1.2643241252955719     
        2230   1.2643477595862120     
        2231   1.2643789192024979     
        2232   1.2644127416029347     
        2233   1.2644461872783570     
        2234   1.2644733594685480     
        2235   1.2644863626849183     
        2236   1.2644825379411446     
        2237   1.2644688984844805     
        2238   1.2644563833180018     
        2239   1.2644507810787666     
        2240   1.2644498075836732     
        2241   1.2644481901699780     
        2242   1.2644432085985113     
        2243   1.2644344287316740     
        2244   1.2644224915331477     
        2245   1.2644099532295110     
        2246   1.2644004394603461     
        2247   1.2643957296913866     
        2248   1.2643955151879087     
        2249   1.2643998558844949     
        2250   1.2644095962524771     
        2251   1.2644238049366525     
        2252   1.2644385467723698     
        2253   1.2644492869345116     
        2254   1.2644541634143884     
        2255   1.2644538117454420     
        2256   1.2644484486760827     
        2257   1.2644381921040890     
        2258   1.2644270275660534     
        2259   1.2644234125325606     
        2260   1.2644319868497162     
        2261   1.2644441003839728     
        2262   1.2644468117121099     
        2263   1.2644426625153402     
        2264   1.2644426887993450     
        2265   1.2644463518632523     
        2266   1.2644492220591699     
        2267   1.2644573497918821     
        2268   1.2644769274945553     
        2269   1.2644983353460642     
        2270   1.2645007782330673     
        2271   1.2644738853330293     
        2272   1.2644283013487434     
        2273   1.2643839564296289     
        2274   1.2643557711004720     
        2275   1.2643516558128183     
        2276   1.2643743467152690     
        2277   1.2644174632355023     
        2278   1.2644617330668468     
        2279   1.2644866806592603     
        2280   1.2644884337719104     
        2281   1.2644777747151719     
        2282   1.2644678385560773     
        2283   1.2644687897183320     
        2284   1.2644830347835754     
        2285   1.2645000317098978     
        2286   1.2645027077913840     
        2287   1.2644840235065242     
        2288   1.2644518242824754     
        2289   1.2644179519811232     
        2290   1.2643912041133818     
        2291   1.2643754136886884     
        2292   1.2643687318894292     
        2293   1.2643673002234859     
        2294   1.2643706359438123     
        2295   1.2643827842184696     
        2296   1.2644084294632907     
        2297   1.2644477728943817     
        2298   1.2644942441738620     
        2299   1.2645355640805862     
        2300   1.2645570176988219     
        2301   1.2645490162818134     
        2302   1.2645159726425723     
        2303   1.2644746636891475     
        2304   1.2644405863485650     
        2305   1.2644180465720236     
        2306   1.2644030401887096     
        2307   1.2643921702911052     
        2308   1.2643863406241007     
        2309   1.2643877702565098     
        2310   1.2643967371779254     
        2311   1.2644112873786106     
        2312   1.2644276086703021     
        2313   1.2644402530350516     
        2314   1.2644439143652819     
        2315   1.2644381675284009     
        2316   1.2644330448901815     
        2317   1.2644450944590719     
        2318   1.2644771034512190     
        2319   1.2645005085931702     
        2320   1.2644811660187387     
        2321   1.2644266936717592     
        2322   1.2643761142241625     
        2323   1.2643552080900893     
        2324   1.2643645062211961     
        2325   1.2643923513065103     
        2326   1.2644256032453920     
        2327   1.2644535360921267     
        2328   1.2644692492828724     
        2329   1.2644713439449302     
        2330   1.2644635204839512     
        2331   1.2644518316283528     
        2332   1.2644413708893685     
        2333   1.2644353482538198     
        2334   1.2644364003838104     
        2335   1.2644497033925237     
        2336   1.2644812403933474     
        2337   1.2645234300679316     
        2338   1.2645432152511091     
        2339   1.2645121404546411     
        2340   1.2644485400020127     
        2341   1.2643931042830436     
        2342   1.2643640306119432     
        2343   1.2643561674375166     
        2344   1.2643587523581383     
        2345   1.2643648924794020     
        2346   1.2643732283269513     
        2347   1.2643859449170711     
        2348   1.2644059134587404     
        2349   1.2644350815355885     
        2350   1.2644737985183898     
        2351   1.2645190428308171     
        2352   1.2645615405827066     
        2353   1.2645850996255927     
        2354   1.2645748892962243     
        2355   1.2645302965238634     
        2356   1.2644673590131896     
        2357   1.2644074245818109     
        2358   1.2643660245015802     
        2359   1.2643503471716890     
        2360   1.2643594910172404     
        2361   1.2643838414855264     
        2362   1.2644088686358006     
        2363   1.2644254282195369     
        2364   1.2644342457732507     
        2365   1.2644395641678403     
        2366   1.2644447225023265     
        2367   1.2644518525931288     
        2368   1.2644581638386048     
        2369   1.2644558616725117     
        2370   1.2644414123538639     
        2371   1.2644208773825583     
        2372   1.2644029069899534     
        2373   1.2643911054316821     
        2374   1.2643848588997766     
        2375   1.2643835577208662     
        2376   1.2643864809839305     
        2377   1.2643902215443639     
        2378   1.2643904881635291     
        2379   1.2643883433275511     
        2380   1.2643919198925899     
        2381   1.2644091609905508     
        2382   1.2644370400880944     
        2383   1.2644628321385134     
        2384   1.2644779664443571     
        2385   1.2644810180910619     
        2386   1.2644683521256410     
        2387   1.2644386508261742     
        2388   1.2644033686541831     
        2389   1.2643793831299370     
        2390   1.2643741183590260     
        2391   1.2643828445528098     
        2392   1.2643973716877213     
        2393   1.2644149613400808     
        2394   1.2644358621828715     
        2395   1.2644498749569228     
        2396   1.2644383315053054     
        2397   1.2644005701141730     
        2398   1.2643612437918517     
        2399   1.2643441657857772     
        2400   1.2643552478900399     
        2401   1.2643865811275081     
        2402   1.2644242872819818     
        2403   1.2644545112771355     
        2404   1.2644684883797002     
        2405   1.2644646835854649     
        2406   1.2644471729296627     
        2407   1.2644213021564839     
        2408   1.2643914636500395     
        2409   1.2643631658140939     
        2410   1.2643449048403337     
        2411   1.2643449686067205     
        2412   1.2643662044887334     
        2413   1.2644036892739514     
        2414   1.2644462040005866     
        2415   1.2644813059438165     
        2416   1.2645015639855179     
        2417   1.2645057224861656     
        2418   1.2644930535333674     
        2419   1.2644628102170949     
        2420   1.2644217869127459     
        2421   1.2643874405268987     
        2422   1.2643772387277217     
        2423   1.2643940655174712     
        2424   1.2644243995990934     
        2425   1.2644507080358309     
        2426   1.2644640588644034     
        2427   1.2644650147171239     
        2428   1.2644571391231409     
        2429   1.2644439322570151     
        2430   1.2644299528532477     
        2431   1.2644212929921212     
        2432   1.2644233843475132     
        2433   1.2644382033262809     
        2434   1.2644620686663441     
        2435   1.2644852916812117     
        2436   1.2644966277395362     
        2437   1.2644919986116916     
        2438   1.2644789337181748     
        2439   1.2644700663700221     
        2440   1.2644725134119839     
        2441   1.2644825354382982     
        2442   1.2644896952690350     
        2443   1.2644880552436970     
        2444   1.2644821576333380     
        2445   1.2644787530622081     
        2446   1.2644763563503449     
        2447   1.2644664318229812     
        2448   1.2644429935304156     
        2449   1.2644090049345897     
        2450   1.2643749808648781     
        2451   1.2643541122687476     
        2452   1.2643576675237864     
        2453   1.2643897858998014     
        2454   1.2644417031591553     
        2455   1.2644924456000302     
        2456   1.2645208768945915     
        2457   1.2645206061459375     
        2458   1.2645011502361529     
        2459   1.2644765297178009     
        2460   1.2644569582186085     
        2461   1.2644477523162256     
        2462   1.2644498736074816     
        2463   1.2644594949279475     
        2464   1.2644689884331015     
        2465   1.2644702621893713     
        2466   1.2644594313173729     
        2467   1.2644397407298027     
        2468   1.2644202213228892     
        2469   1.2644108890817289     
        2470   1.2644176249288990     
        2471   1.2644381315903621     
        2472   1.2644612903323775     
        2473   1.2644736285273450     
        2474   1.2644695017448182     
        2475   1.2644555313019610     
        2476   1.2644449978780370     
        2477   1.2644480604936934     
        2478   1.2644643558287418     
        2479   1.2644822364690222     
        2480   1.2644871711313734     
        2481   1.2644747916256915     
        2482   1.2644554352102126     
        2483   1.2644451741994172     
        2484   1.2644521805966469     
        2485   1.2644666461248308     
        2486   1.2644650039489509     
        2487   1.2644345693626129     
        2488   1.2643891715895834     
        2489   1.2643530188604291     
        2490   1.2643425143192371     
        2491   1.2643627209739505     
        2492   1.2644034106175921     
        2493   1.2644379524987372     
        2494   1.2644472423014941     
        2495   1.2644450252064123     
        2496   1.2644594173263917     
        2497   1.2644950825531791     
        2498   1.2645223163751611     
        2499   1.2645083583717509     
        2500   1.2644580527176821     
        2501   1.2644051788836523     
        2502   1.2643726525822041     
        2503   1.2643616135022406     
        2504   1.2643665163304629     
        2505   1.2643853773190543     
        2506   1.2644153080444660     
        2507   1.2644457317891020     
        2508   1.2644659798028792     
        2509   1.2644777521163197     
        2510   1.2644889750015889     
        2511   1.2644982498587503     
        2512   1.2644945731435193     
        2513   1.2644716224585570     
        2514   1.2644360600075371     
        2515   1.2644022723218291     
        2516   1.2643819058539760     
        2517   1.2643774875062941     
        2518   1.2643845432683485     
        2519   1.2643976424751224     
        2520   1.2644144874668517     
        2521   1.2644355793970172     
        2522   1.2644613089060279     
        2523   1.2644890840710734     
        2524   1.2645133354188962     
        2525   1.2645284105863908     
        2526   1.2645311858111208     
        2527   1.2645208276260762     
        2528   1.2644989429542919     
        2529   1.2644704802264219     
        2530   1.2644419458542950     
        2531   1.2644183202469086     
        2532   1.2644026903986783     
        2533   1.2643975086862684     
        2534   1.2644037431926363     
        2535   1.2644180178144193     
        2536   1.2644318563630335     
        2537   1.2644390432074495     
        2538   1.2644425728621667     
        2539   1.2644497170031375     
        2540   1.2644624736454082     
        2541   1.2644766039020490     
        2542   1.2644855978868814     
        2543   1.2644835314722842     
        2544   1.2644685253178212     
        2545   1.2644458534254688     
        2546   1.2644261659463438     
        2547   1.2644204078336641     
        2548   1.2644353619911599     
        2549   1.2644695257775376     
        2550   1.2645092379310763     
        2551   1.2645337903158054     
        2552   1.2645320345963043     
        2553   1.2645113620366071     
        2554   1.2644865061303165     
        2555   1.2644661646998254     
        2556   1.2644517608920856     
        2557   1.2644418891039142     
        2558   1.2644352880482046     
        2559   1.2644318026969943     
        2560   1.2644323596410940     
        2561   1.2644382393229714     
        2562   1.2644500257508342     
        2563   1.2644666616344442     
        2564   1.2644850151033122     
        2565   1.2645010720149261     
        2566   1.2645121686795751     
        2567   1.2645182613744801     
        2568   1.2645208889444897     
        2569   1.2645207707062478     
        2570   1.2645170171812934     
        2571   1.2645086585676624     
        2572   1.2644968896470468     
        2573   1.2644850908738752     
        2574   1.2644755578767168     
        2575   1.2644662786055978     
        2576   1.2644533478287221     
        2577   1.2644378219286347     
        2578   1.2644269190479311     
        2579   1.2644277589275708     
        2580   1.2644414906420156     
        2581   1.2644635858236217     
        2582   1.2644866918206696     
        2583   1.2645033747681318     
        2584   1.2645084716585049     
        2585   1.2645023314173445     
        2586   1.2644913807763249     
        2587   1.2644828297084612     
        2588   1.2644791954704049     
        2589   1.2644784069318118     
        2590   1.2644777702752719     
        2591   1.2644759567376049     
        2592   1.2644727841772263     
        2593   1.2644686403195895     
        2594   1.2644645800342014     
        2595   1.2644621516360854     
        2596   1.2644621853349425     
        2597   1.2644628642668259     
        2598   1.2644600455960193     
        2599   1.2644505628362075     
        2600   1.2644361187749529     
        2601   1.2644227635170233     
        2602   1.2644175587102451     
        2603   1.2644264768115945     
        2604   1.2644519759996427     
        2605   1.2644872479331335     
        2606   1.2645143760138828     
        2607   1.2645181683313793     
        2608   1.2645021027389625     
        2609   1.2644814226091836     
        2610   1.2644670934089182     
        2611   1.2644629275844435     
        2612   1.2644685291435467     
        2613   1.2644784468148409     
        2614   1.2644826799211359     
        2615   1.2644729502082419     
        2616   1.2644494655542466     
        2617   1.2644231516495033     
        2618   1.2644128676977917     
        2619   1.2644280811299875     
        2620   1.2644449613428446     
        2621   1.2644299154129315     
        2622   1.2643943659442127     
        2623   1.2643738627043344     
        2624   1.2643757101276727     
        2625   1.2643851644543385     
        2626   1.2643920251622212     
        2627   1.2643963446139377     
        2628   1.2644026617624697     
        2629   1.2644173824076543     
        2630   1.2644462825057856     
        2631   1.2644851099178278     
        2632   1.2645142832010405     
        2633   1.2645143531112413     
        2634   1.2644879202907471     
        2635   1.2644563345497724     
        2636   1.2644386220027655     
        2637   1.2644400220847252     
        2638   1.2644537599974530     
        2639   1.2644674446648507     
        2640   1.2644699110196087     
        2641   1.2644568743845244     
        2642   1.2644320246599949     
        2643   1.2644040748176670     
        2644   1.2643837581717778     
        2645   1.2643802842832659     
        2646   1.2643922924726350     
        2647   1.2644028624917065     
        2648   1.2643979777564329     
        2649   1.2643898618212930     
        2650   1.2644034907462478     
        2651   1.2644454079460870     
        2652   1.2644924762583198     
        2653   1.2645095806625153     
        2654   1.2644864250703860     
        2655   1.2644489915019481     
        2656   1.2644272150245728     
        2657   1.2644251175634147     
        2658   1.2644235507035324     
        2659   1.2644065067432866     
        2660   1.2643806705391936     
        2661   1.2643642423626236     
        2662   1.2643660342638379     
        2663   1.2643818603484753     
        2664   1.2644021262458152     
        2665   1.2644178954199876     
        2666   1.2644252675720336     
        2667   1.2644272231092741     
        2668   1.2644288367986616     
        2669   1.2644320951122050     
        2670   1.2644366375199927     
        2671   1.2644424151603586     
        2672   1.2644483531169295     
        2673   1.2644496408442769     
        2674   1.2644407309004864     
        2675   1.2644242104227976     
        2676   1.2644133085307727     
        2677   1.2644198501757202     
        2678   1.2644413374823948     
        2679   1.2644634974697717     
        2680   1.2644744350085970     
        2681   1.2644732090442945     
        2682   1.2644653183390160     
        2683   1.2644548548205643     
        2684   1.2644424006596915     
        2685   1.2644276696705403     
        2686   1.2644131514903747     
        2687   1.2644050192365497     
        2688   1.2644101225405515     
        2689   1.2644308350962088     
        2690   1.2644615842908404     
        2691   1.2644895317337963     
        2692   1.2644999244898676     
        2693   1.2644857439618533     
        2694   1.2644541137118663     
        2695   1.2644216155071255     
        2696   1.2644030323970554     
        2697   1.2644038903930388     
        2698   1.2644194304692340     
        2699   1.2644379822921177     
        2700   1.2644489808513526     
        2701   1.2644504060033621     
        2702   1.2644474984750558     
        2703   1.2644460749357715     
        2704   1.2644488028946475     
        2705   1.2644547613563146     
        2706   1.2644601454228166     
        2707   1.2644606003762791     
        2708   1.2644538640590217     
        2709   1.2644410291448089     
        2710   1.2644260107160790     
        2711   1.2644140591646473     
        2712   1.2644106433184032     
        2713   1.2644203237119700     
        2714   1.2644426698621651     
        2715   1.2644674016055708     
        2716   1.2644789690679579     
        2717   1.2644704170411845     
        2718   1.2644491261646289     
        2719   1.2644277903748724     
        2720   1.2644145858916256     
        2721   1.2644113539739812     
        2722   1.2644165655186148     
        2723   1.2644282273739407     
        2724   1.2644448036201053     
        2725   1.2644644994329548     
        2726   1.2644836625277502     
        2727   1.2644966569991802     
        2728   1.2644980479803862     
        2729   1.2644866054999793     
        2730   1.2644672170094218     
        2731   1.2644475742746244     
        2732   1.2644330970161994     
        2733   1.2644254335232064     
        2734   1.2644247697746474     
        2735   1.2644310647283188     
        2736   1.2644434357603445     
        2737   1.2644591282167972     
        2738   1.2644737005034834     
        2739   1.2644820869514994     
        2740   1.2644808147989703     
        2741   1.2644696749592557     
        2742   1.2644510712019095     
        2743   1.2644276751163575     
        2744   1.2644019188760967     
        2745   1.2643777226002899     
        2746   1.2643641010425939     
        2747   1.2643802460481708     
        2748   1.2644474359328410     
        2749   1.2645381448048079     
        2750   1.2645554930453287     
        2751   1.2644780467132053     
        2752   1.2644068916850468     
        2753   1.2643983682293118     
        2754   1.2644280418323035     
        2755   1.2644576242688841     
        2756   1.2644668025863244     
        2757   1.2644555738827217     
        2758   1.2644365470616101     
        2759   1.2644237914853664     
        2760   1.2644240002865152     
        2761   1.2644344214265517     
        2762   1.2644464596243918     
        2763   1.2644525513139069     
        2764   1.2644524287006733     
        2765   1.2644520393841945     
        2766   1.2644553382503378     
        2767   1.2644594379642546     
        2768   1.2644595329060597     
        2769   1.2644563066264727     
        2770   1.2644562752976909     
        2771   1.2644641425110477     
        2772   1.2644745471992533     
        2773   1.2644744934414747     
        2774   1.2644572911923615     
        2775   1.2644310490758399     
        2776   1.2644099450993285     
        2777   1.2644018269654660     
        2778   1.2644069019816915     
        2779   1.2644234323244854     
        2780   1.2644500534088858     
        2781   1.2644801468503732     
        2782   1.2644976525402707     
        2783   1.2644889484309205     
        2784   1.2644603667920080     
        2785   1.2644326058981097     
        2786   1.2644198254822390     
        2787   1.2644223250031372     
        2788   1.2644339512603020     
        2789   1.2644484187815723     
        2790   1.2644609807335396     
        2791   1.2644695250093774     
        2792   1.2644726019538020     
        2793   1.2644650138716702     
        2794   1.2644432679746895     
        2795   1.2644175351207685     
        2796   1.2644091916769014     
        2797   1.2644291759024082     
        2798   1.2644553678689094     
        2799   1.2644511985867495     
        2800   1.2644201030002928     
        2801   1.2643981919231020     
        2802   1.2643981355949097     
        2803   1.2644055769460860     
        2804   1.2644125197097134     
        2805   1.2644258384229594     
        2806   1.2644500984870617     
        2807   1.2644783776686799     
        2808   1.2644991213390409     
        2809   1.2645054363270201     
        2810   1.2644985987910839     
        2811   1.2644868020320810     
        2812   1.2644789089172828     
        2813   1.2644726694840329     
        2814   1.2644519775582062     
        2815   1.2644087195340341     
        2816   1.2643608986004478     
        2817   1.2643336057132997     
        2818   1.2643351972363690     
        2819   1.2643580447605625     
        2820   1.2643901259947263     
        2821   1.2644239606478314     
        2822   1.2644584412841093     
        2823   1.2644926611899878     
        2824   1.2645196588053955     
        2825   1.2645289876728110     
        2826   1.2645142241274621     
        2827   1.2644780576044938     
        2828   1.2644330231842345     
        2829   1.2643972033485631     
        2830   1.2643848595428839     
        2831   1.2643962687888204     
        2832   1.2644167040625325     
        2833   1.2644291077451495     
        2834   1.2644292243796325     
        2835   1.2644255798475945     
        2836   1.2644263252475421     
        2837   1.2644305538644889     
        2838   1.2644303272919559     
        2839   1.2644179941202769     
        2840   1.2643947094186059     
        2841   1.2643735392984006     
        2842   1.2643715041097139     
        2843   1.2643966627577625     
        2844   1.2644404382419163     
        2845   1.2644815660775630     
        2846   1.2645010965582342     
        2847   1.2644966416376509     
        2848   1.2644800990114664     
        2849   1.2644648156882377     
        2850   1.2644570846996679     
        2851   1.2644561680264865     
        2852   1.2644582083424782     
        2853   1.2644597525920935     
        2854   1.2644594851315127     
        2855   1.2644568489022330     
        2856   1.2644504805762269     
        2857   1.2644398963942673     
        2858   1.2644285890643114     
        2859   1.2644217501937542     
        2860   1.2644206741207551     
        2861   1.2644229495768862     
        2862   1.2644279111352248     
        2863   1.2644385751979912     
        2864   1.2644579408637058     
        2865   1.2644837251727914     
        2866   1.2645073114137801     
        2867   1.2645185329993325     
        2868   1.2645121048346040     
        2869   1.2644898140990111     
        2870   1.2644572626608608     
        2871   1.2644200098648031     
        2872   1.2643827211026726     
        2873   1.2643509837252167     
        2874   1.2643340713133884     
        2875   1.2643455427765149     
        2876   1.2643938663939527     
        2877   1.2644652753954424     
        2878   1.2645288412135458     
        2879   1.2645669001094257     
        2880   1.2645754483359348     
        2881   1.2645499224237366     
        2882   1.2644974713435602     
        2883   1.2644405546530977     
        2884   1.2643988749908908     
        2885   1.2643780923562846     
        2886   1.2643733673308284     
        2887   1.2643770994200778     
        2888   1.2643841452115319     
        2889   1.2643945081417201     
        2890   1.2644143422074672     
        2891   1.2644499683002299     
        2892   1.2644883709799464     
        2893   1.2644935329386067     
        2894   1.2644550066330460     
        2895   1.2644099299520537     
        2896   1.2643895250951749     
        2897   1.2643923688883181     
        2898   1.2644065838446561     
        2899   1.2644264716956384     
        2900   1.2644521653992475     
        2901   1.2644839824569112     
        2902   1.2645175631759180     
        2903   1.2645415233902093     
        2904   1.2645420608926914     
        2905   1.2645133590724931     
        2906   1.2644634175813116     
        2907   1.2644079751218884     
        2908   1.2643618496049216     
        2909   1.2643350148959591     
        2910   1.2643309689620117     
        2911   1.2643460173770356     
        2912   1.2643719290161246     
        2913   1.2644009729939993     
        2914   1.2644270382863594     
        2915   1.2644439689224616     
        2916   1.2644487119412862     
        2917   1.2644419815293670     
        2918   1.2644222979209463     
        2919   1.2643917106839235     
        2920   1.2643659165537371     
        2921   1.2643650689817698     
        2922   1.2643949227148372     
        2923   1.2644402287514955     
        2924   1.2644763512919570     
        2925   1.2644859431261541     
        2926   1.2644673766058974     
        2927   1.2644327661855048     
        2928   1.2643908402174309     
        2929   1.2643498942853957     
        2930   1.2643305361251609     
        2931   1.2643420898825974     
        2932   1.2643713277186028     
        2933   1.2644006099864464     
        2934   1.2644232973888598     
        2935   1.2644446646705743     
        2936   1.2644709630499515     
        2937   1.2644951410228793     
        2938   1.2644974978133701     
        2939   1.2644701770777780     
        2940   1.2644327779727078     
        2941   1.2644093282066122     
        2942   1.2644012070227018     
        2943   1.2643952462826620     
        2944   1.2643873874360407     
        2945   1.2643863017115928     
        2946   1.2643989490727277     
        2947   1.2644224243196269     
        2948   1.2644484746644751     
        2949   1.2644705344305032     
        2950   1.2644848997932343     
        2951   1.2644888687884559     
        2952   1.2644807188789997     
        2953   1.2644617231552768     
        2954   1.2644370129218485     
        2955   1.2644138864631080     
        2956   1.2643996370439265     
        2957   1.2644010122080038     
        2958   1.2644223870834685     
        2959   1.2644594587368396     
        2960   1.2644925575988419     
        2961   1.2644981702905014     
        2962   1.2644755536063461     
        2963   1.2644482598038354     
        2964   1.2644355126405711     
        2965   1.2644364255089233     
        2966   1.2644401302940471     
        2967   1.2644412201018089     
        2968   1.2644421704743092     
        2969   1.2644447030487380     
        2970   1.2644457722252469     
        2971   1.2644402494302061     
        2972   1.2644232156236979     
        2973   1.2643934644238897     
        2974   1.2643603491986415     
        2975   1.2643451882187642     
        2976   1.2643678463488253     
        2977   1.2644232773177277     
        2978   1.2644758710741586     
        2979   1.2644936937844053     
        2980   1.2644779427904707     
        2981   1.2644476283169928     
        2982   1.2644197345596555     
        2983   1.2644057883285917     
        2984   1.2644102473437155     
        2985   1.2644266091207261     
        2986   1.2644400759899255     
        2987   1.2644418774742943     
        2988   1.2644377424966737     
        2989   1.2644368884114843     
        2990   1.2644394491244153     
        2991   1.2644396686496913     
        2992   1.2644349212276251     
        2993   1.2644276710681639     
        2994   1.2644198633931825     
        2995   1.2644088535553226     
        2996   1.2643909326892997     
        2997   1.2643692881497646     
        2998   1.2643552710603647     
        2999   1.2643599462110586     
        3000   1.2643844222489538     
        3001   1.2644177838299329     
        3002   1.2644443096241784     
        3003   1.2644564726575243     
        3004   1.2644621068485247     
        3005   1.2644761269361342     
        3006   1.2645016669697453     
        3007   1.2645186367317116     
        3008   1.2645010117354709     
        3009   1.2644492156195692     
        3010   1.2643909605462125     
        3011   1.2643529566517164     
        3012   1.2643450472077187     
        3013   1.2643627303099585     
        3014   1.2643939850996637     
        3015   1.2644269466919111     
        3016   1.2644557522366680     
        3017   1.2644797154034977     
        3018   1.2644985395326240     
        3019   1.2645108823980822     
        3020   1.2645159425827881     
        3021   1.2645133768456076     
        3022   1.2645027709073924     
        3023   1.2644856928738313     
        3024   1.2644668343739558     
        3025   1.2644513322969986     
        3026   1.2644420313716673     
        3027   1.2644404858082745     
        3028   1.2644479459242062     
        3029   1.2644618537217469     
        3030   1.2644732257430518     
        3031   1.2644741422776353     
        3032   1.2644666031639726     
        3033   1.2644585895236113     
        3034   1.2644543777055075     
        3035   1.2644530811088164     
        3036   1.2644530868505859     
        3037   1.2644552894827652     
        3038   1.2644625274948205     
        3039   1.2644762112005661     
        3040   1.2644925214252236     
        3041   1.2645021541830235     
        3042   1.2644954357381466     
        3043   1.2644694497657887     
        3044   1.2644307414400691     
        3045   1.2643912773423036     
        3046   1.2643628386998547     
        3047   1.2643548931322632     
        3048   1.2643746847630326     
        3049   1.2644239793166219     
        3050   1.2644898001507685     
        3051   1.2645430129563433     
        3052   1.2645609732348528     
        3053   1.2645447695412551     
        3054   1.2645052909000429     
        3055   1.2644508247389226     
        3056   1.2643912269555664     
        3057   1.2643389488778665     
        3058   1.2643036515204851     
        3059   1.2642894552620354     
        3060   1.2642975143441346     
        3061   1.2643279710292552     
        3062   1.2643767716269725     
        3063   1.2644314705782898     
        3064   1.2644755129744634     
        3065   1.2644990870080286     
        3066   1.2645042630999517     
        3067   1.2644998608119322     
        3068   1.2644927823661121     
        3069   1.2644845666847200     
        3070   1.2644748188708808     
        3071   1.2644648766870521     
        3072   1.2644566906335817     
        3073   1.2644497291173045     
        3074   1.2644412039106867     
        3075   1.2644293171881178     
        3076   1.2644157559611369     
        3077   1.2644049306954799     
        3078   1.2644020049510056     
        3079   1.2644108353445636     
        3080   1.2644310998549062     
        3081   1.2644563022720683     
        3082   1.2644766620940449     
        3083   1.2644862552619283     
        3084   1.2644852813675835     
        3085   1.2644757837767959     
        3086   1.2644604861738316     
        3087   1.2644455272574187     
        3088   1.2644386015123561     
        3089   1.2644421004917219     
        3090   1.2644501584551451     
        3091   1.2644534383439621     
        3092   1.2644473991271292     
        3093   1.2644348197064859     
        3094   1.2644217087231440     
        3095   1.2644128166963475     
        3096   1.2644112203713607     
        3097   1.2644191353622101     
        3098   1.2644365934621005     
        3099   1.2644578785227281     
        3100   1.2644710533752130     
        3101   1.2644651864564471     
        3102   1.2644415330824526     
        3103   1.2644156838822753     
        3104   1.2644066547987936     
        3105   1.2644221347251454     
        3106   1.2644523254841933     
        3107   1.2644811438801677     
        3108   1.2645041967392072     
        3109   1.2645254233257448     
        3110   1.2645363174344613     
        3111   1.2645182538170889     
        3112   1.2644707173042755     
        3113   1.2644186112822065     
        3114   1.2643852352622837     
        3115   1.2643737794102812     
        3116   1.2643756219705673     
        3117   1.2643830606429836     
        3118   1.2643932091418497     
        3119   1.2644061853105668     
        3120   1.2644227339084102     
        3121   1.2644428840021789     
        3122   1.2644652453483096     
        3123   1.2644863459669144     
        3124   1.2645010883819201     
        3125   1.2645048233038056     
        3126   1.2644963698666598     
        3127   1.2644798953029470     
        3128   1.2644632020518149     
        3129   1.2644536523935046     
        3130   1.2644541878479587     
        3131   1.2644610616319532     
        3132   1.2644658613116926     
        3133   1.2644628974343488     
        3134   1.2644540595586520     
        3135   1.2644442784459646     
        3136   1.2644360127781447     
        3137   1.2644304024462460     
        3138   1.2644316623460741     
        3139   1.2644465130451570     
        3140   1.2644773466359664     
        3141   1.2645139581154956     
        3142   1.2645351411691190     
        3143   1.2645266198564460     
        3144   1.2644965739444793     
        3145   1.2644657601809535     
        3146   1.2644469240177199     
        3147   1.2644396210559434     
        3148   1.2644382506097993     
        3149   1.2644391432007798     
        3150   1.2644429462036295     
        3151   1.2644521332552940     
        3152   1.2644655787976937     
        3153   1.2644766097958315     
        3154   1.2644780111002571     
        3155   1.2644686460677645     
        3156   1.2644539904690908     
        3157   1.2644406876845711     
        3158   1.2644313029081000     
        3159   1.2644240517153893     
        3160   1.2644166758717945     
        3161   1.2644099486512883     
        3162   1.2644072288024595     
        3163   1.2644116749553422     
        3164   1.2644241253031203     
        3165   1.2644420015776185     
        3166   1.2644600672791118     
        3167   1.2644741481543678     
        3168   1.2644855261243682     
        3169   1.2644993257601533     
        3170   1.2645146319679952     
        3171   1.2645173971022556     
        3172   1.2644922693742608     
        3173   1.2644435788575743     
        3174   1.2643938315625287     
        3175   1.2643619023645649     
        3176   1.2643520730620339     
        3177   1.2643599440672677     
        3178   1.2643800989059879     
        3179   1.2644086977346971     
        3180   1.2644413598243920     
        3181   1.2644713603970024     
        3182   1.2644913544131169     
        3183   1.2644969985432846     
        3184   1.2644878823985692     
        3185   1.2644677094420422     
        3186   1.2644446443563644     
        3187   1.2644275752267036     
        3188   1.2644197951779312     
        3189   1.2644175897181031     
        3190   1.2644158101257106     
        3191   1.2644144748110646     
        3192   1.2644191813877643     
        3193   1.2644343903866129     
        3194   1.2644559820414676     
        3195   1.2644720003349410     
        3196   1.2644736244897268     
        3197   1.2644639089502447     
        3198   1.2644527047723975     
        3199   1.2644458853379952     
        3200   1.2644424444363624     
        3201   1.2644387331168656     
        3202   1.2644329868600308     
        3203   1.2644272385746627     
        3204   1.2644256387648030     
        3205   1.2644308094738399     
        3206   1.2644420374784222     
        3207   1.2644554625329425     
        3208   1.2644653436245115     
        3209   1.2644663111642023     
        3210   1.2644570964334398     
        3211   1.2644431969582315     
        3212   1.2644333839352040     
        3213   1.2644323710317122     
        3214   1.2644378384166659     
        3215   1.2644451829965586     
        3216   1.2644531990938526     
        3217   1.2644640825136513     
        3218   1.2644797370556846     
        3219   1.2644974611694644     
        3220   1.2645067628093773     
        3221   1.2644957921468296     
        3222   1.2644671712409339     
        3223   1.2644391514381539     
        3224   1.2644266318272543     
        3225   1.2644301609192605     
        3226   1.2644423311609438     
        3227   1.2644570405074245     
        3228   1.2644707448516799     
        3229   1.2644774140239869     
        3230   1.2644690435542567     
        3231   1.2644459783671342     
        3232   1.2644215806989929     
        3233   1.2644128210487815     
        3234   1.2644289671518463     
        3235   1.2644639294442546     
        3236   1.2644909101686914     
        3237   1.2644806499924113     
        3238   1.2644400786439087     
        3239   1.2644051784586954     
        3240   1.2643960967752370     
        3241   1.2644074121382132     
        3242   1.2644264103439125     
        3243   1.2644444759556221     
        3244   1.2644584453525916     
        3245   1.2644691332960365     
        3246   1.2644792694264901     
        3247   1.2644910938084948     
        3248   1.2645047269808636     
        3249   1.2645171936701671     
        3250   1.2645233274787531     
        3251   1.2645177252251592     
        3252   1.2644969435615194     
        3253   1.2644620180011470     
        3254   1.2644201810817508     
        3255   1.2643837091212298     
        3256   1.2643660567040778     
        3257   1.2643754793128092     
        3258   1.2644067761310875     
        3259   1.2644389766200781     
        3260   1.2644500757370967     
        3261   1.2644362119238930     
        3262   1.2644123414075290     
        3263   1.2643993365767947     
        3264   1.2644119620242340     
        3265   1.2644505500480356     
        3266   1.2644970162816134     
        3267   1.2645215026646175     
        3268   1.2645060280570268     
        3269   1.2644634884220154     
        3270   1.2644220838128803     
        3271   1.2643973029495468     
        3272   1.2643865526402789     
        3273   1.2643814526032995     
        3274   1.2643795001409406     
        3275   1.2643867330343777     
        3276   1.2644113498455183     
        3277   1.2644538933023728     
        3278   1.2645015466527811     
        3279   1.2645323532506452     
        3280   1.2645295990131085     
        3281   1.2644947903874755     
        3282   1.2644441913066533     
        3283   1.2643936261243782     
        3284   1.2643525325196918     
        3285   1.2643281421097921     
        3286   1.2643267861011058     
        3287   1.2643494833846760     
        3288   1.2643887495407293     
        3289   1.2644328173968358     
        3290   1.2644724763823363     
        3291   1.2644997492591661     
        3292   1.2645034388262246     
        3293   1.2644780535699682     
        3294   1.2644339086548975     
        3295   1.2643898282044086     
        3296   1.2643600025513244     
        3297   1.2643516703081681     
        3298   1.2643680606587668     
        3299   1.2644063337145222     
        3300   1.2644526028641154     
        3301   1.2644863168384424     
        3302   1.2644944944874874     
        3303   1.2644779545255527     
        3304   1.2644449825892277     
        3305   1.2644063558558676     
        3306   1.2643748543964828     
        3307   1.2643637664704106     
        3308   1.2643826429081999     
        3309   1.2644293355165614     
        3310   1.2644824455113075     
        3311   1.2645107589731936     
        3312   1.2645004164564904     
        3313   1.2644651714625428     
        3314   1.2644283420761826     
        3315   1.2644063688700360     
        3316   1.2644054309132389     
        3317   1.2644221021322206     
        3318   1.2644454094113002     
        3319   1.2644636431036536     
        3320   1.2644722154087946     
        3321   1.2644746571773153     
        3322   1.2644764810444398     
        3323   1.2644794645905271     
        3324   1.2644796619962584     
        3325   1.2644702828438044     
        3326   1.2644476941204608     
        3327   1.2644162012969080     
        3328   1.2643870586157382     
        3329   1.2643724663564406     
        3330   1.2643787008599385     
        3331   1.2644032959168994     
        3332   1.2644369171207197     
        3333   1.2644684489981080     
        3334   1.2644897832874860     
        3335   1.2644983441930386     
        3336   1.2644969113635207     
        3337   1.2644912901959069     
        3338   1.2644866605006633     
        3339   1.2644837341705244     
        3340   1.2644780628121643     
        3341   1.2644634274377200     
        3342   1.2644373993403033     
        3343   1.2644048412589735     
        3344   1.2643775958379873     
        3345   1.2643700645707230     
        3346   1.2643896167131259     
        3347   1.2644238169799928     
        3348   1.2644446318813214     
        3349   1.2644399385756757     
        3350   1.2644238394089822     
        3351   1.2644095380177167     
        3352   1.2643974055239366     
        3353   1.2643879261378941     
        3354   1.2643874400435990     
        3355   1.2643985482360547     
        3356   1.2644134986157884     
        3357   1.2644208622610456     
        3358   1.2644160992553430     
        3359   1.2644049023214619     
        3360   1.2643978775254969     
        3361   1.2644019332414969     
        3362   1.2644146534687997     
        3363   1.2644267245389975     
        3364   1.2644313681653514     
        3365   1.2644310477338214     
        3366   1.2644326770298042     
        3367   1.2644380409693037     
        3368   1.2644425233423073     
        3369   1.2644419628194425     
        3370   1.2644365251806464     
        3371   1.2644289588146291     
        3372   1.2644225765359765     
        3373   1.2644202894629888     
        3374   1.2644215888991468     
        3375   1.2644200121628784     
        3376   1.2644083613646164     
        3377   1.2643895161900656     
        3378   1.2643757484710219     
        3379   1.2643763128289951     
        3380   1.2643910796796880     
        3381   1.2644149367457227     
        3382   1.2644419832947578     
        3383   1.2644652547230715     
        3384   1.2644769998946186     
        3385   1.2644734761102479     
        3386   1.2644593822422232     
        3387   1.2644448280635290     
        3388   1.2644359310812874     
        3389   1.2644295517730755     
        3390   1.2644184960276559     
        3391   1.2644006889142614     
        3392   1.2643830090849595     
        3393   1.2643769750205873     
        3394   1.2643906462934673     
        3395   1.2644253620214365     
        3396   1.2644737120021490     
        3397   1.2645059864037353     
        3398   1.2644823903138791     
        3399   1.2644132641844081     
        3400   1.2643571464153975     
        3401   1.2643519089992896     
        3402   1.2643910523194886     
        3403   1.2644424225086004     
        3404   1.2644760969816591     
        3405   1.2644866471550564     
        3406   1.2644860591571727     
        3407   1.2644818986874351     
        3408   1.2644737270025459     
        3409   1.2644612082044522     
        3410   1.2644474913457113     
        3411   1.2644372279096538     
        3412   1.2644341857747230     
        3413   1.2644394984275444     
        3414   1.2644510523170456     
        3415   1.2644642836428903     
        3416   1.2644747227219866     
        3417   1.2644812941890562     
        3418   1.2644862359236897     
        3419   1.2644883233217232     
        3420   1.2644805710940132     
        3421   1.2644610385857651     
        3422   1.2644367043247247     
        3423   1.2644117361297924     
        3424   1.2643857036449910     
        3425   1.2643621067630728     
        3426   1.2643498823072590     
        3427   1.2643593199769927     
        3428   1.2643978819400623     
        3429   1.2644597331161995     
        3430   1.2645168392747874     
        3431   1.2645344779972292     
        3432   1.2645052248976021     
        3433   1.2644551771910766     
        3434   1.2644147694016301     
        3435   1.2643960664672949     
        3436   1.2643948404669703     
        3437   1.2644016677717582     
        3438   1.2644094507756951     
        3439   1.2644174181372545     
        3440   1.2644312887767417     
        3441   1.2644554304564188     
        3442   1.2644832217295452     
        3443   1.2645003662286647     
        3444   1.2644994389578121     
        3445   1.2644851574260487     
        3446   1.2644654998764806     
        3447   1.2644456635173911     
        3448   1.2644301877967499     
        3449   1.2644233005203125     
        3450   1.2644265415294624     
        3451   1.2644381764760182     
        3452   1.2644537360280586     
        3453   1.2644654736608960     
        3454   1.2644655397502989     
        3455   1.2644546351462069     
        3456   1.2644446558049200     
        3457   1.2644474357027629     
        3458   1.2644624303002978     
        3459   1.2644775615579722     
        3460   1.2644812785951813     
        3461   1.2644715863282019     
        3462   1.2644545356483790     
        3463   1.2644381895372834     
        3464   1.2644293227874321     
        3465   1.2644318278046969     
        3466   1.2644456391650336     
        3467   1.2644664219556123     
        3468   1.2644863669131290     
        3469   1.2644974437198633     
        3470   1.2644967861770313     
        3471   1.2644894177076509     
        3472   1.2644835209877834     
        3473   1.2644826299481986     
        3474   1.2644837660841288     
        3475   1.2644828258287752     
        3476   1.2644790235045702     
        3477   1.2644729233536696     
        3478   1.2644640676978995     
        3479   1.2644533727373797     
        3480   1.2644446313468156     
        3481   1.2644419118205801     
        3482   1.2644455253074844     
        3483   1.2644506564244593     
        3484   1.2644502416611032     
        3485   1.2644408193282590     
        3486   1.2644269997725397     
        3487   1.2644205517521305     
        3488   1.2644332341309386     
        3489   1.2644670211682034     
        3490   1.2645066612974289     
        3491   1.2645262787556346     
        3492   1.2645134989324871     
        3493   1.2644809872971186     
        3494   1.2644478809050539     
        3495   1.2644237092732524     
        3496   1.2644105066264848     
        3497   1.2644075262629291     
        3498   1.2644115589748621     
        3499   1.2644168152367463     
        3500   1.2644168219711620     
        3501   1.2644080295348030     
        3502   1.2643944847139963     
        3503   1.2643891343748237     
        3504   1.2644071594645205     
        3505   1.2644486396228225     
        3506   1.2644852281988745     
        3507   1.2644824631343208     
        3508   1.2644436012859783     
        3509   1.2644045463338955     
        3510   1.2643920611584385     
        3511   1.2644092216718876     
        3512   1.2644437838843383     
        3513   1.2644747690476041     
        3514   1.2644824690728642     
        3515   1.2644627839433995     
        3516   1.2644292947940237     
        3517   1.2644003870813840     
        3518   1.2643868238140374     
        3519   1.2643875366168316     
        3520   1.2643935277370157     
        3521   1.2643978502272777     
        3522   1.2644006082084944     
        3523   1.2644030144900893     
        3524   1.2644030137734288     
        3525   1.2643998010756399     
        3526   1.2643984172311333     
        3527   1.2644078897939914     
        3528   1.2644319855148540     
        3529   1.2644569220831245     
        3530   1.2644571018912965     
        3531   1.2644254451814145     
        3532   1.2643834481040610     
        3533   1.2643535620921686     
        3534   1.2643409659139226     
        3535   1.2643414206647303     
        3536   1.2643526346957885     
        3537   1.2643773407809920     
        3538   1.2644204509210730     
        3539   1.2644778313921354     
        3540   1.2645230186888661     
        3541   1.2645208540912589     
        3542   1.2644719452028492     
        3543   1.2644185660991627     
        3544   1.2643935696155122     
        3545   1.2643943722500088     
        3546   1.2644028892804828     
        3547   1.2644079570681743     
        3548   1.2644094252566551     
        3549   1.2644118552421890     
        3550   1.2644184044353544     
        3551   1.2644288627496456     
        3552   1.2644409506792487     
        3553   1.2644530639028484     
        3554   1.2644643572156817     
        3555   1.2644705499954028     
        3556   1.2644634462356170     
        3557   1.2644435669814797     
        3558   1.2644270795026991     
        3559   1.2644305937737341     
        3560   1.2644534941521988     
        3561   1.2644791133623112     
        3562   1.2644906172028882     
        3563   1.2644849111968961     
        3564   1.2644711863268125     
        3565   1.2644592686114771     
        3566   1.2644526803150975     
        3567   1.2644500684378785     
        3568   1.2644487073129533     
        3569   1.2644473450113596     
        3570   1.2644472109191971     
        3571   1.2644507676065766     
        3572   1.2644588452003893     
        3573   1.2644690381218886     
        3574   1.2644768013852183     
        3575   1.2644785394733309     
        3576   1.2644732456700551     
        3577   1.2644622535339449     
        3578   1.2644486906136128     
        3579   1.2644377058257841     
        3580   1.2644364788302673     
        3581   1.2644503005985741     
        3582   1.2644726206469907     
        3583   1.2644814176908457     
        3584   1.2644607017762592     
        3585   1.2644233877152415     
        3586   1.2643967722123133     
        3587   1.2643962982482511     
        3588   1.2644208288129011     
        3589   1.2644578204020740     
        3590   1.2644886324862288     
        3591   1.2644986262083999     
        3592   1.2644887679723502     
        3593   1.2644712253745403     
        3594   1.2644529594214853     
        3595   1.2644309397782558     
        3596   1.2644040604297837     
        3597   1.2643838409660924     
        3598   1.2643887615967024     
        3599   1.2644225279783208     
        3600   1.2644600652447411     
        3601   1.2644674297337315     
        3602   1.2644376047152255     
        3603   1.2643942788933900     
        3604   1.2643656574027089     
        3605   1.2643664963391985     
        3606   1.2643953995018813     
        3607   1.2644378499333064     
        3608   1.2644719405720761     
        3609   1.2644791074773909     
        3610   1.2644580879154024     
        3611   1.2644270653297998     
        3612   1.2644064065719518     
        3613   1.2644030236419144     
        3614   1.2644120833456383     
        3615   1.2644255646505589     
        3616   1.2644367948145230     
        3617   1.2644421755205701     
        3618   1.2644423861770804     
        3619   1.2644408330528769     
        3620   1.2644395797801853     
        3621   1.2644373063742278     
        3622   1.2644320711782240     
        3623   1.2644278399123023     
        3624   1.2644372621988567     
        3625   1.2644645199812379     
        3626   1.2644784176981654     
        3627   1.2644432919901478     
        3628   1.2643832603613530     
        3629   1.2643503889256955     
        3630   1.2643619754615516     
        3631   1.2644038961862001     
        3632   1.2644523465193627     
        3633   1.2644843901944705     
        3634   1.2644879208098869     
        3635   1.2644684438715661     
        3636   1.2644443504239626     
        3637   1.2644339278239949     
        3638   1.2644439763211848     
        3639   1.2644659015134008     
        3640   1.2644827391929438     
        3641   1.2644846155915517     
        3642   1.2644761020424982     
        3643   1.2644661790166403     
        3644   1.2644576090987483     
        3645   1.2644487610471800     
        3646   1.2644413244865667     
        3647   1.2644418822412398     
        3648   1.2644534306601254     
        3649   1.2644654326798181     
        3650   1.2644609115738694     
        3651   1.2644383979588900     
        3652   1.2644150060672259     
        3653   1.2644060314453891     
        3654   1.2644122147237349     
        3655   1.2644237917991461     
        3656   1.2644294907405476     
        3657   1.2644239795613346     
        3658   1.2644099601658714     
        3659   1.2643949588520269     
        3660   1.2643868399571905     
        3661   1.2643923687176681     
        3662   1.2644154030424688     
        3663   1.2644528528875898     
        3664   1.2644918585280434     
        3665   1.2645157705802603     
        3666   1.2645169760449111     
        3667   1.2645010241521391     
        3668   1.2644797315251672     
        3669   1.2644633512056376     
        3670   1.2644558626013520     
        3671   1.2644540849423187     
        3672   1.2644514992854821     
        3673   1.2644433938109865     
        3674   1.2644290424654177     
        3675   1.2644119746600095     
        3676   1.2643985452097961     
        3677   1.2643939020531834     
        3678   1.2643981473467842     
        3679   1.2644073176545039     
        3680   1.2644206218187422     
        3681   1.2644432653433686     
        3682   1.2644748945941378     
        3683   1.2644988168987437     
        3684   1.2644958368411201     
        3685   1.2644702750025973     
        3686   1.2644453462532794     
        3687   1.2644354259649639     
        3688   1.2644362205706892     
        3689   1.2644365640696504     
        3690   1.2644298520272059     
        3691   1.2644160215857916     
        3692   1.2643992114347069     
        3693   1.2643851994769515     
        3694   1.2643790353269853     
        3695   1.2643834981966600     
        3696   1.2643994505087128     
        3697   1.2644262623432638     
        3698   1.2644591728702539     
        3699   1.2644870978355724     
        3700   1.2644961119162419     
        3701   1.2644787814384282     
        3702   1.2644423173487844     
        3703   1.2644062962920342     
        3704   1.2643896648614339     
        3705   1.2643980141786302     
        3706   1.2644216483482436     
        3707   1.2644435763265678     
        3708   1.2644510335487127     
        3709   1.2644430575436583     
        3710   1.2644293857889650     
        3711   1.2644207842386204     
        3712   1.2644179361043970     
        3713   1.2644125035726166     
        3714   1.2644047259642655     
        3715   1.2644086377945145     
        3716   1.2644259508133322     
        3717   1.2644354109585243     
        3718   1.2644263319724001     
        3719   1.2644155192391078     
        3720   1.2644194786341982     
        3721   1.2644368721752048     
        3722   1.2644579284996227     
        3723   1.2644751564117138     
        3724   1.2644856986836048     
        3725   1.2644894629501682     
        3726   1.2644865065833497     
        3727   1.2644764030938598     
        3728   1.2644607951646880     
        3729   1.2644451916027957     
        3730   1.2644359776650491     
        3731   1.2644353847877148     
        3732   1.2644405571345796     
        3733   1.2644474366261060     
        3734   1.2644541919144363     
        3735   1.2644610891998547     
        3736   1.2644679042612572     
        3737   1.2644730622904137     
        3738   1.2644752473691856     
        3739   1.2644742879006885     
        3740   1.2644706150197207     
        3741   1.2644647450237168     
        3742   1.2644581179667376     
        3743   1.2644529444251926     
        3744   1.2644500265488019     
        3745   1.2644470275281037     
        3746   1.2644397598794377     
        3747   1.2644265816478168     
        3748   1.2644111690621891     
        3749   1.2644011446727572     
        3750   1.2644034038157683     
        3751   1.2644181181562173     
        3752   1.2644358081219087     
        3753   1.2644442889054459     
        3754   1.2644421048261321     
        3755   1.2644388337688044     
        3756   1.2644404941861649     
        3757   1.2644428953602698     
        3758   1.2644403159343300     
        3759   1.2644343900801673     
        3760   1.2644316218351395     
        3761   1.2644350303010925     
        3762   1.2644406815434754     
        3763   1.2644432414356430     
        3764   1.2644425197056881     
        3765   1.2644427165275687     
        3766   1.2644463029855051     
        3767   1.2644505657250191     
        3768   1.2644493850205298     
        3769   1.2644385188630807     
        3770   1.2644205552527021     
        3771   1.2644035562928946     
        3772   1.2643936465171270     
        3773   1.2643897612330299     
        3774   1.2643861514203993     
        3775   1.2643800194647645     
        3776   1.2643752541141420     
        3777   1.2643788342381241     
        3778   1.2643943242101199     
        3779   1.2644195313269668     
        3780   1.2644483924660741     
        3781   1.2644733320149255     
        3782   1.2644868149789450     
        3783   1.2644841551390051     
        3784   1.2644662888533609     
        3785   1.2644391714294656     
        3786   1.2644101650179207     
        3787   1.2643856285141168     
        3788   1.2643705350367980     
        3789   1.2643685111418019     
        3790   1.2643791060407032     
        3791   1.2643948290071725     
        3792   1.2644037727529216     
        3793   1.2643998512561401     
        3794   1.2643896884330319     
        3795   1.2643844741288082     
        3796   1.2643859277143275     
        3797   1.2643845438086885     
        3798   1.2643745727975366     
        3799   1.2643654734115093     
        3800   1.2643733481541486     
        3801   1.2644009584800768     
        3802   1.2644299415682463     
        3803   1.2644376433380211     
        3804   1.2644229847892219     
        3805   1.2644071737439742     
        3806   1.2644085425255258     
        3807   1.2644259390711394     
        3808   1.2644450818054334     
        3809   1.2644536878185701     
        3810   1.2644494361565470     
        3811   1.2644376718292971     
        3812   1.2644253702312835     
        3813   1.2644174991738999     
        3814   1.2644163073361767     
        3815   1.2644216700830508     
        3816   1.2644318657211167     
        3817   1.2644436305646525     
        3818   1.2644524170829019     
        3819   1.2644538883786764     
        3820   1.2644463183145547     
        3821   1.2644312724786744     
        3822   1.2644122059489016     
        3823   1.2643946910830413     
        3824   1.2643867167385179     
        3825   1.2643946631354424     
        3826   1.2644159101176358     
        3827   1.2644375099399956     
        3828   1.2644468150855928     
        3829   1.2644446992037457     
        3830   1.2644452586629935     
        3831   1.2644596660413745     
        3832   1.2644797492115800     
        3833   1.2644850898010900     
        3834   1.2644701243929417     
        3835   1.2644507885505809     
        3836   1.2644420726397994     
        3837   1.2644443065338773     
        3838   1.2644499501735393     
        3839   1.2644524014554657     
        3840   1.2644498553139574     
        3841   1.2644455644706050     
        3842   1.2644429811698368     
        3843   1.2644396689601907     
        3844   1.2644306891884012     
        3845   1.2644168942239489     
        3846   1.2644043578949196     
        3847   1.2643974802878371     
        3848   1.2643968937947068     
        3849   1.2644020040308015     
        3850   1.2644124317661594     
        3851   1.2644281198580263     
        3852   1.2644495695042917     
        3853   1.2644765992200568     
        3854   1.2645038413542240     
        3855   1.2645179837294918     
        3856   1.2645065656144931     
        3857   1.2644717482644401     
        3858   1.2644284556756520     
        3859   1.2643899421810638     
        3860   1.2643615485132058     
        3861   1.2643448882687243     
        3862   1.2643411607054871     
        3863   1.2643500404869332     
        3864   1.2643672751974788     
        3865   1.2643859067304826     
        3866   1.2644022217473245     
        3867   1.2644226599421009     
        3868   1.2644564082468337     
        3869   1.2644908778380268     
        3870   1.2644929997954442     
        3871   1.2644594808953222     
        3872   1.2644216730221745     
        3873   1.2643947236000936     
        3874   1.2643722863758904     
        3875   1.2643525131439923     
        3876   1.2643392638128277     
        3877   1.2643303213896222     
        3878   1.2643275533622393     
        3879   1.2643453624300682     
        3880   1.2643848479330284     
        3881   1.2644222622744103     
        3882   1.2644375175757152     
        3883   1.2644336113375458     
        3884   1.2644235388944476     
        3885   1.2644162470777309     
        3886   1.2644175025575775     
        3887   1.2644286802284066     
        3888   1.2644403057221520     
        3889   1.2644393693725742     
        3890   1.2644269932096091     
        3891   1.2644179414992955     
        3892   1.2644234591783863     
        3893   1.2644420035465296     
        3894   1.2644629602983790     
        3895   1.2644755392401374     
        3896   1.2644762964203138     
        3897   1.2644697050084670     
        3898   1.2644614687171987     
        3899   1.2644530757986583     
        3900   1.2644429491867295     
        3901   1.2644313166395096     
        3902   1.2644219194953443     
        3903   1.2644199210968936     
        3904   1.2644285821388381     
        3905   1.2644474341584986     
        3906   1.2644715958725756     
        3907   1.2644925952236528     
        3908   1.2645017548617887     
        3909   1.2644966497890660     
        3910   1.2644842437650825     
        3911   1.2644743685197504     
        3912   1.2644705501825224     
        3913   1.2644688334715513     
        3914   1.2644641306093911     
        3915   1.2644560379245702     
        3916   1.2644489853438254     
        3917   1.2644479006799214     
        3918   1.2644545715237665     
        3919   1.2644677069733365     
        3920   1.2644848909827024     
        3921   1.2645016140674783     
        3922   1.2645098774270183     
        3923   1.2645022497337639     
        3924   1.2644777262278648     
        3925   1.2644411134198674     
        3926   1.2643997638903768     
        3927   1.2643651283759487     
        3928   1.2643518289728830     
        3929   1.2643684205363552     
        3930   1.2644085654119053     
        3931   1.2644531449037082     
        3932   1.2644834947060750     
        3933   1.2644946496429055     
        3934   1.2644949033472412     
        3935   1.2644942538057520     
        3936   1.2644955638898288     
        3937   1.2644945653717459     
        3938   1.2644854139560544     
        3939   1.2644658984942372     
        3940   1.2644389651440360     
        3941   1.2644111733158292     
        3942   1.2643899214197307     
        3943   1.2643797430188246     
        3944   1.2643785617223067     
        3945   1.2643785436695931     
        3946   1.2643744407526034     
        3947   1.2643698640350163     
        3948   1.2643712572157115     
        3949   1.2643790037409541     
        3950   1.2643914481023111     
        3951   1.2644143158887982     
        3952   1.2644566552883794     
        3953   1.2645139638361718     
        3954   1.2645566644255610     
        3955   1.2645486073329371     
        3956   1.2644893540327304     
        3957   1.2644178594740341     
        3958   1.2643666186007945     
        3959   1.2643390768072136     
        3960   1.2643266431579860     
        3961   1.2643254234319965     
        3962   1.2643373004814968     
        3963   1.2643643598403704     
        3964   1.2644047823592381     
        3965   1.2644488542561954     
        3966   1.2644788402334319     
        3967   1.2644802521657077     
        3968   1.2644568257869624     
        3969   1.2644287964619068     
        3970   1.2644176518808503     
        3971   1.2644358071037876     
        3972   1.2644812158042475     
        3973   1.2645304261751384     
        3974   1.2645464470086332     
        3975   1.2645120597976747     
        3976   1.2644496086127963     
        3977   1.2643960396967870     
        3978   1.2643706842665887     
        3979   1.2643727566858187     
        3980   1.2643936418568775     
        3981   1.2644231838421915     
        3982   1.2644508886266785     
        3983   1.2644690844080906     
        3984   1.2644772573301166     
        3985   1.2644807780962029     
        3986   1.2644843210556265     
        3987   1.2644883604930841     
        3988   1.2644904608634064     
        3989   1.2644886510052822     
        3990   1.2644834262606079     
        3991   1.2644779766469640     
        3992   1.2644769681034753     
        3993   1.2644837847933299     
        3994   1.2644975092692110     
        3995   1.2645114770575132     
        3996   1.2645159110039295     
        3997   1.2645047901083066     
        3998   1.2644803390166857     
        3999   1.2644507341119988     
        4000   1.2644248859870530     
