        2001   1.2644404734400294     
        2002   1.2644392519697845     
        2003   1.2644378159347474     
        2004   1.2644362304430010     
        2005   1.2644346223602678     
        2006   1.2644331735371868     
        2007   1.2644321408126080     
        2008   1.2644318508137136     
        2009   1.2644326388426377     
        2010   1.2644347718737698     
        2011   1.2644383441382789     
        2012   1.2644431794217232     
        2013   1.2644487981082262     
        2014   1.2644544557751418     
        2015   1.2644592987276355     
        2016   1.2644625594082677     
        2017   1.2644637443821152     
        2018   1.2644627502593615     
        2019   1.2644598592322029     
        2020   1.2644556561292633     
        2021   1.2644508303582953     
        2022   1.2644460224402196     
        2023   1.2644417006293123     
        2024   1.2644381106852143     
        2025   1.2644353129367416     
        2026   1.2644332333874149     
        2027   1.2644317592362506     
        2028   1.2644307594127928     
        2029   1.2644301277613703     
        2030   1.2644297806665548     
        2031   1.2644296422367076     
        2032   1.2644296556711789     
        2033   1.2644297868432224     
        2034   1.2644300338064971     
        2035   1.2644304555996133     
        2036   1.2644311768371477     
        2037   1.2644323770162615     
        2038   1.2644342338578087     
        2039   1.2644368541758300     
        2040   1.2644401662375180     
        2041   1.2644438963345030     
        2042   1.2644475580733521     
        2043   1.2644505890730737     
        2044   1.2644525096494112     
        2045   1.2644530752292251     
        2046   1.2644523123113660     
        2047   1.2644504756587820     
        2048   1.2644479184948372     
        2049   1.2644449754328622     
        2050   1.2644419197651753     
        2051   1.2644389748145795     
        2052   1.2644363365419329     
        2053   1.2644341988196977     
        2054   1.2644327365555030     
        2055   1.2644320693919429     
        2056   1.2644321992655574     
        2057   1.2644329932806420     
        2058   1.2644341746047472     
        2059   1.2644354144954515     
        2060   1.2644364240275490     
        2061   1.2644370654394783     
        2062   1.2644373986782282     
        2063   1.2644376201808196     
        2064   1.2644379819560876     
        2065   1.2644386574034381     
        2066   1.2644396874408341     
        2067   1.2644409633595832     
        2068   1.2644423077940101     
        2069   1.2644435651780856     
        2070   1.2644446927971140     
        2071   1.2644457659798496     
        2072   1.2644469373094709     
        2073   1.2644483076035962     
        2074   1.2644498418286918     
        2075   1.2644513265422455     
        2076   1.2644524158820831     
        2077   1.2644527305998945     
        2078   1.2644519762928752     
        2079   1.2644500036883906     
        2080   1.2644468547038783     
        2081   1.2644427259939643     
        2082   1.2644379369617540     
        2083   1.2644328816425432     
        2084   1.2644279863533701     
        2085   1.2644236556389057     
        2086   1.2644202280836687     
        2087   1.2644179513657476     
        2088   1.2644169485559487     
        2089   1.2644172514205665     
        2090   1.2644188336554869     
        2091   1.2644216805396522     
        2092   1.2644258550948013     
        2093   1.2644315181100612     
        2094   1.2644388100800703     
        2095   1.2644476514129517     
        2096   1.2644574053260893     
        2097   1.2644666446527757     
        2098   1.2644733167536337     
        2099   1.2644754404427148     
        2100   1.2644720880989240     
        2101   1.2644639954367574     
        2102   1.2644532875872940     
        2103   1.2644425235620367     
        2104   1.2644337140391633     
        2105   1.2644278341797575     
        2106   1.2644249408955419     
        2107   1.2644245332175741     
        2108   1.2644259109573830     
        2109   1.2644283902254552     
        2110   1.2644314019993659     
        2111   1.2644344913946464     
        2112   1.2644373216263127     
        2113   1.2644396564183267     
        2114   1.2644413610112324     
        2115   1.2644424217810393     
        2116   1.2644429226889389     
        2117   1.2644430286290369     
        2118   1.2644429629319140     
        2119   1.2644429254232814     
        2120   1.2644430905141126     
        2121   1.2644435492076955     
        2122   1.2644443320952448     
        2123   1.2644454215137397     
        2124   1.2644467719889962     
        2125   1.2644483449711776     
        2126   1.2644500987731226     
        2127   1.2644520022174857     
        2128   1.2644539760309288     
        2129   1.2644558778210855     
        2130   1.2644574570254576     
        2131   1.2644584019600980     
        2132   1.2644584076590277     
        2133   1.2644572566948549     
        2134   1.2644549075247822     
        2135   1.2644515066009006     
        2136   1.2644473683213524     
        2137   1.2644429215811333     
        2138   1.2644386112886279     
        2139   1.2644348583731966     
        2140   1.2644320124774757     
        2141   1.2644303376224335     
        2142   1.2644299922592921     
        2143   1.2644310232561660     
        2144   1.2644333683998021     
        2145   1.2644368090433451     
        2146   1.2644409761291409     
        2147   1.2644453544449394     
        2148   1.2644493248172102     
        2149   1.2644522604105561     
        2150   1.2644536858066722     
        2151   1.2644533918942471     
        2152   1.2644515074756053     
        2153   1.2644484481285261     
        2154   1.2644448000862278     
        2155   1.2644411663862503     
        2156   1.2644380650170863     
        2157   1.2644358469840529     
        2158   1.2644347150178463     
        2159   1.2644347275549912     
        2160   1.2644358333519510     
        2161   1.2644378951321236     
        2162   1.2644406819005636     
        2163   1.2644438515577925     
        2164   1.2644469308279063     
        2165   1.2644493053907104     
        2166   1.2644503563276648     
        2167   1.2644497006795681     
        2168   1.2644474410945761     
        2169   1.2644442140975758     
        2170   1.2644409859465113     
        2171   1.2644385888320961     
        2172   1.2644374023836900     
        2173   1.2644372103309491     
        2174   1.2644373819710513     
        2175   1.2644371706866011     
        2176   1.2644360323327535     
        2177   1.2644338137903919     
        2178   1.2644307694073116     
        2179   1.2644274137554854     
        2180   1.2644242946540838     
        2181   1.2644218219851338     
        2182   1.2644201663640615     
        2183   1.2644192286538165     
        2184   1.2644187624144387     
        2185   1.2644184805122241     
        2186   1.2644181691334455     
        2187   1.2644177616016270     
        2188   1.2644173694843976     
        2189   1.2644172652880132     
        2190   1.2644178894107863     
        2191   1.2644198011639771     
        2192   1.2644235879825707     
        2193   1.2644296806964321     
        2194   1.2644381156150728     
        2195   1.2644482640001247     
        2196   1.2644587244005376     
        2197   1.2644675332812643     
        2198   1.2644727288574278     
        2199   1.2644730688203767     
        2200   1.2644685468279651     
        2201   1.2644603729427946     
        2202   1.2644504898681637     
        2203   1.2644408958836872     
        2204   1.2644331065649856     
        2205   1.2644279537997196     
        2206   1.2644256130577474     
        2207   1.2644257786007853     
        2208   1.2644278591450002     
        2209   1.2644311032321722     
        2210   1.2644347457494551     
        2211   1.2644380935297421     
        2212   1.2644406253417468     
        2213   1.2644420124538645     
        2214   1.2644421523896472     
        2215   1.2644411249789396     
        2216   1.2644391314610814     
        2217   1.2644364375432904     
        2218   1.2644333416754252     
        2219   1.2644301330338472     
        2220   1.2644270762478569     
        2221   1.2644244144294770     
        2222   1.2644223420647833     
        2223   1.2644210196773740     
        2224   1.2644205418893992     
        2225   1.2644209427195272     
        2226   1.2644221947440342     
        2227   1.2644242208401133     
        2228   1.2644269063081655     
        2229   1.2644301045088189     
        2230   1.2644336526350197     
        2231   1.2644373814512271     
        2232   1.2644411042486872     
        2233   1.2644446229413990     
        2234   1.2644477354484129     
        2235   1.2644502573827503     
        2236   1.2644520806217789     
        2237   1.2644531975097677     
        2238   1.2644537139330922     
        2239   1.2644538026261078     
        2240   1.2644536361543652     
        2241   1.2644533434561982     
        2242   1.2644529729165206     
        2243   1.2644525118363417     
        2244   1.2644519145401447     
        2245   1.2644511178891955     
        2246   1.2644500521415731     
        2247   1.2644486699581585     
        2248   1.2644469607970490     
        2249   1.2644449857599183     
        2250   1.2644428503878153     
        2251   1.2644407221217810     
        2252   1.2644387752710333     
        2253   1.2644371617009618     
        2254   1.2644359913975092     
        2255   1.2644353085440061     
        2256   1.2644350942084781     
        2257   1.2644352688641547     
        2258   1.2644357119749046     
        2259   1.2644362748689701     
        2260   1.2644368168098405     
        2261   1.2644372133952655     
        2262   1.2644373779273415     
        2263   1.2644372624797233     
        2264   1.2644368777107577     
        2265   1.2644362765296409     
        2266   1.2644355407184160     
        2267   1.2644347998759526     
        2268   1.2644341959074605     
        2269   1.2644338908820916     
        2270   1.2644340459994892     
        2271   1.2644348015472215     
        2272   1.2644362431578959     
        2273   1.2644383713799106     
        2274   1.2644410582603935     
        2275   1.2644440634327041     
        2276   1.2644470727621715     
        2277   1.2644497443006082     
        2278   1.2644517791185192     
        2279   1.2644529841708732     
        2280   1.2644533171986430     
        2281   1.2644528641304129     
        2282   1.2644518164232825     
        2283   1.2644504295327454     
        2284   1.2644489563688330     
        2285   1.2644476216348939     
        2286   1.2644465803670000     
        2287   1.2644459116308884     
        2288   1.2644456179154075     
        2289   1.2644456033636597     
        2290   1.2644457177669772     
        2291   1.2644457673241809     
        2292   1.2644455724228862     
        2293   1.2644449987764141     
        2294   1.2644440093587590     
        2295   1.2644426714160737     
        2296   1.2644411337571255     
        2297   1.2644396047056023     
        2298   1.2644382957214688     
        2299   1.2644373515854954     
        2300   1.2644368189035475     
        2301   1.2644366336020958     
        2302   1.2644366245534517     
        2303   1.2644365785500065     
        2304   1.2644362843577230     
        2305   1.2644355997443328     
        2306   1.2644344944474035     
        2307   1.2644330693258681     
        2308   1.2644315424144108     
        2309   1.2644302220310810     
        2310   1.2644294728206287     
        2311   1.2644296449596411     
        2312   1.2644310473410940     
        2313   1.2644338453894437     
        2314   1.2644379988569332     
        2315   1.2644432037767721     
        2316   1.2644488854074445     
        2317   1.2644543039530565     
        2318   1.2644587186290650     
        2319   1.2644615927819123     
        2320   1.2644626889081296     
        2321   1.2644620357504774     
        2322   1.2644598462780117     
        2323   1.2644563821713093     
        2324   1.2644519572765112     
        2325   1.2644469121069384     
        2326   1.2644416040112700     
        2327   1.2644364109597386     
        2328   1.2644316685982360     
        2329   1.2644276820664375     
        2330   1.2644247065004808     
        2331   1.2644229476922479     
        2332   1.2644224852051398     
        2333   1.2644232473638208     
        2334   1.2644249580112661     
        2335   1.2644271822139674     
        2336   1.2644294326725956     
        2337   1.2644313000768133     
        2338   1.2644325773838894     
        2339   1.2644332582863669     
        2340   1.2644334826821542     
        2341   1.2644333756715542     
        2342   1.2644329801950662     
        2343   1.2644322614806260     
        2344   1.2644312008050949     
        2345   1.2644299102650267     
        2346   1.2644286689829205     
        2347   1.2644278754597607     
        2348   1.2644279449845341     
        2349   1.2644292184595098     
        2350   1.2644318591608790     
        2351   1.2644358382183611     
        2352   1.2644409038275197     
        2353   1.2644465996891054     
        2354   1.2644522809402121     
        2355   1.2644571793971084     
        2356   1.2644605236824529     
        2357   1.2644617362217914     
        2358   1.2644605791229639     
        2359   1.2644572571177499     
        2360   1.2644523830049659     
        2361   1.2644467886122055     
        2362   1.2644413045829785     
        2363   1.2644365697138369     
        2364   1.2644329505822545     
        2365   1.2644305241693401     
        2366   1.2644291878708724     
        2367   1.2644287182550009     
        2368   1.2644289082250615     
        2369   1.2644296007972038     
        2370   1.2644307489368292     
        2371   1.2644323908775104     
        2372   1.2644345929818475     
        2373   1.2644373543389420     
        2374   1.2644405362386750     
        2375   1.2644438097146788     
        2376   1.2644466740256930     
        2377   1.2644486205617178     
        2378   1.2644493137702746     
        2379   1.2644487262327191     
        2380   1.2644471426735584     
        2381   1.2644450418959727     
        2382   1.2644429109081798     
        2383   1.2644410867994471     
        2384   1.2644397446807036     
        2385   1.2644388974139011     
        2386   1.2644384707574914     
        2387   1.2644383711931984     
        2388   1.2644385003007381     
        2389   1.2644387781882060     
        2390   1.2644391326832993     
        2391   1.2644395036261662     
        2392   1.2644398210450354     
        2393   1.2644400029220990     
        2394   1.2644399466596896     
        2395   1.2644395236878234     
        2396   1.2644385966440432     
        2397   1.2644370709200274     
        2398   1.2644349550445830     
        2399   1.2644324313850759     
        2400   1.2644298938286838     
        2401   1.2644279000401364     
        2402   1.2644270301063871     
        2403   1.2644276357038617     
        2404   1.2644296300854507     
        2405   1.2644324077045201     
        2406   1.2644350664736135     
        2407   1.2644368252655245     
        2408   1.2644374253329849     
        2409   1.2644371832203003     
        2410   1.2644366769337312     
        2411   1.2644362937575673     
        2412   1.2644359893368953     
        2413   1.2644353440121323     
        2414   1.2644338633032945     
        2415   1.2644312655837280     
        2416   1.2644276260368317     
        2417   1.2644233924314807     
        2418   1.2644192511232994     
        2419   1.2644159522653189     
        2420   1.2644141498392520     
        2421   1.2644142862763603     
        2422   1.2644165003553889     
        2423   1.2644206134839893     
        2424   1.2644261661501879     
        2425   1.2644325066445048     
        2426   1.2644389152428719     
        2427   1.2644447202495570     
        2428   1.2644493694194998     
        2429   1.2644524472778735     
        2430   1.2644537052054519     
        2431   1.2644530789323700     
        2432   1.2644507574249575     
        2433   1.2644471913713855     
        2434   1.2644430016692667     
        2435   1.2644388339989696     
        2436   1.2644352066462465     
        2437   1.2644324253413521     
        2438   1.2644306376200589     
        2439   1.2644298989523741     
        2440   1.2644302391430369     
        2441   1.2644316586103359     
        2442   1.2644340645666974     
        2443   1.2644371864737640     
        2444   1.2644405498557436     
        2445   1.2644435152365761     
        2446   1.2644453931743702     
        2447   1.2644456184269810     
        2448   1.2644439038489645     
        2449   1.2644402971350772     
        2450   1.2644352142849939     
        2451   1.2644292945379991     
        2452   1.2644232930257604     
        2453   1.2644179107488975     
        2454   1.2644136752252555     
        2455   1.2644109203393232     
        2456   1.2644097359436905     
        2457   1.2644100509750360     
        2458   1.2644116573788451     
        2459   1.2644142797461222     
        2460   1.2644176305909414     
        2461   1.2644214541854089     
        2462   1.2644255625199041     
        2463   1.2644298190852870     
        2464   1.2644341368858816     
        2465   1.2644384215615379     
        2466   1.2644425158914836     
        2467   1.2644462198271964     
        2468   1.2644492635161466     
        2469   1.2644514162466791     
        2470   1.2644525190930360     
        2471   1.2644525521769716     
        2472   1.2644516752890023     
        2473   1.2644501754446440     
        2474   1.2644484076913103     
        2475   1.2644467047056256     
        2476   1.2644453088312628     
        2477   1.2644443319068763     
        2478   1.2644437514335753     
        2479   1.2644434392754773     
        2480   1.2644432277905073     
        2481   1.2644429702176088     
        2482   1.2644425615188006     
        2483   1.2644419646297844     
        2484   1.2644411617768059     
        2485   1.2644401596715507     
        2486   1.2644389640771365     
        2487   1.2644375991117993     
        2488   1.2644361197882752     
        2489   1.2644346268955791     
        2490   1.2644332239446014     
        2491   1.2644320217972793     
        2492   1.2644310887365178     
        2493   1.2644304461460085     
        2494   1.2644300796721515     
        2495   1.2644299658057871     
        2496   1.2644300865354436     
        2497   1.2644304566917683     
        2498   1.2644311145548075     
        2499   1.2644320948089329     
        2500   1.2644334131340083     
        2501   1.2644350284738295     
        2502   1.2644368491991846     
        2503   1.2644387425405026     
        2504   1.2644405455178651     
        2505   1.2644421272678108     
        2506   1.2644433813174520     
        2507   1.2644442574705406     
        2508   1.2644447594308703     
        2509   1.2644449043686410     
        2510   1.2644447004936068     
        2511   1.2644441455910722     
        2512   1.2644432376909229     
        2513   1.2644419976796226     
        2514   1.2644405110342516     
        2515   1.2644389655935642     
        2516   1.2644376271374260     
        2517   1.2644367914880639     
        2518   1.2644367095131970     
        2519   1.2644374561590748     
        2520   1.2644388502237602     
        2521   1.2644404865668817     
        2522   1.2644418491682958     
        2523   1.2644425386914557     
        2524   1.2644424706736492     
        2525   1.2644419085155225     
        2526   1.2644413019077640     
        2527   1.2644410196964775     
        2528   1.2644411923810797     
        2529   1.2644416712069093     
        2530   1.2644422182257933     
        2531   1.2644426992731663     
        2532   1.2644432100899312     
        2533   1.2644440192035906     
        2534   1.2644454312966633     
        2535   1.2644475923631220     
        2536   1.2644503492497021     
        2537   1.2644532333684924     
        2538   1.2644555673283899     
        2539   1.2644566473876009     
        2540   1.2644559851236590     
        2541   1.2644534437598947     
        2542   1.2644492464241064     
        2543   1.2644439104983665     
        2544   1.2644380815979939     
        2545   1.2644323731699849     
        2546   1.2644272922633584     
        2547   1.2644232167764549     
        2548   1.2644204276644264     
        2549   1.2644191130614624     
        2550   1.2644194103188013     
        2551   1.2644213735165344     
        2552   1.2644249248594139     
        2553   1.2644297807459162     
        2554   1.2644354277294783     
        2555   1.2644411708630814     
        2556   1.2644462697516925     
        2557   1.2644501317322974     
        2558   1.2644524664057175     
        2559   1.2644533146765462     
        2560   1.2644529625345660     
        2561   1.2644518168923429     
        2562   1.2644503024917437     
        2563   1.2644488165850687     
        2564   1.2644477158296015     
        2565   1.2644472962543101     
        2566   1.2644477422761433     
        2567   1.2644490575967633     
        2568   1.2644510232507193     
        2569   1.2644532041480159     
        2570   1.2644550319488341     
        2571   1.2644559605723158     
        2572   1.2644556140067009     
        2573   1.2644538933547063     
        2574   1.2644509652774043     
        2575   1.2644471687282057     
        2576   1.2644428950326765     
        2577   1.2644385223653036     
        2578   1.2644343798536108     
        2579   1.2644307224203297     
        2580   1.2644277290588715     
        2581   1.2644254706260480     
        2582   1.2644239188689381     
        2583   1.2644229680112937     
        2584   1.2644224749285140     
        2585   1.2644223318683157     
        2586   1.2644224996531779     
        2587   1.2644230137936481     
        2588   1.2644239991132595     
        2589   1.2644256067983477     
        2590   1.2644279887575225     
        2591   1.2644312337650183     
        2592   1.2644353258246968     
        2593   1.2644401401492300     
        2594   1.2644454342231786     
        2595   1.2644508779851344     
        2596   1.2644561040013222     
        2597   1.2644607462146356     
        2598   1.2644644413215311     
        2599   1.2644668793321596     
        2600   1.2644678322740164     
        2601   1.2644671869292194     
        2602   1.2644650173109995     
        2603   1.2644615839672206     
        2604   1.2644573234868235     
        2605   1.2644527338353651     
        2606   1.2644482947149958     
        2607   1.2644443579949758     
        2608   1.2644410858952857     
        2609   1.2644384764369292     
        2610   1.2644363926199294     
        2611   1.2644346412820227     
        2612   1.2644330724375372     
        2613   1.2644316042507198     
        2614   1.2644302454060758     
        2615   1.2644290825051194     
        2616   1.2644282355829375     
        2617   1.2644278163383946     
        2618   1.2644278971559353     
        2619   1.2644284967958985     
        2620   1.2644295961174978     
        2621   1.2644311090502076     
        2622   1.2644329101915475     
        2623   1.2644348426424681     
        2624   1.2644367229439197     
        2625   1.2644383458560180     
        2626   1.2644395222883857     
        2627   1.2644401070888163     
        2628   1.2644400334705184     
        2629   1.2644393844115107     
        2630   1.2644384239245410     
        2631   1.2644376004233555     
        2632   1.2644374730119838     
        2633   1.2644386024591889     
        2634   1.2644412751356300     
        2635   1.2644453306092998     
        2636   1.2644500115058119     
        2637   1.2644540667177859     
        2638   1.2644561426122287     
        2639   1.2644553185354779     
        2640   1.2644514872194157     
        2641   1.2644454074224629     
        2642   1.2644383550213694     
        2643   1.2644316508762941     
        2644   1.2644263065723456     
        2645   1.2644228731218257     
        2646   1.2644214780354184     
        2647   1.2644219412665296     
        2648   1.2644239091894911     
        2649   1.2644269573180309     
        2650   1.2644306322299104     
        2651   1.2644345249448241     
        2652   1.2644382647929433     
        2653   1.2644415526805557     
        2654   1.2644441683044989     
        2655   1.2644459943128181     
        2656   1.2644470030120507     
        2657   1.2644472531774682     
        2658   1.2644468714614288     
        2659   1.2644460316021795     
        2660   1.2644449153806603     
        2661   1.2644437087400366     
        2662   1.2644425592533062     
        2663   1.2644415785872676     
        2664   1.2644408588324363     
        2665   1.2644404465980381     
        2666   1.2644403690129375     
        2667   1.2644406686598999     
        2668   1.2644414150841263     
        2669   1.2644427374456630     
        2670   1.2644448046352039     
        2671   1.2644477739056412     
        2672   1.2644516742955541     
        2673   1.2644562234917229     
        2674   1.2644607387476252     
        2675   1.2644641617595354     
        2676   1.2644653531778580     
        2677   1.2644635475507493     
        2678   1.2644587376730094     
        2679   1.2644516982783462     
        2680   1.2644436910833474     
        2681   1.2644359918900892     
        2682   1.2644295203263987     
        2683   1.2644247124738306     
        2684   1.2644215979723206     
        2685   1.2644199479441658     
        2686   1.2644194207676396     
        2687   1.2644196710015956     
        2688   1.2644203998348338     
        2689   1.2644214014005848     
        2690   1.2644225456200626     
        2691   1.2644237919055605     
        2692   1.2644251652246123     
        2693   1.2644267275414611     
        2694   1.2644285709839962     
        2695   1.2644307861698900     
        2696   1.2644334692243735     
        2697   1.2644366901517587     
        2698   1.2644405198544502     
        2699   1.2644449863102529     
        2700   1.2644500507186893     
        2701   1.2644555859599449     
        2702   1.2644613230902479     
        2703   1.2644668468881379     
        2704   1.2644716197103694     
        2705   1.2644750520866634     
        2706   1.2644766290972469     
        2707   1.2644760221800055     
        2708   1.2644731936368263     
        2709   1.2644683995987804     
        2710   1.2644621202901600     
        2711   1.2644549494743398     
        2712   1.2644474878425760     
        2713   1.2644402471374525     
        2714   1.2644336313362727     
        2715   1.2644279330351886     
        2716   1.2644233624445533     
        2717   1.2644200660218019     
        2718   1.2644181384594200     
        2719   1.2644175981337549     
        2720   1.2644183718202631     
        2721   1.2644202681172039     
        2722   1.2644229880993780     
        2723   1.2644261767775231     
        2724   1.2644294837757162     
        2725   1.2644326557215426     
        2726   1.2644355480204843     
        2727   1.2644381434756649     
        2728   1.2644404694456934     
        2729   1.2644425576550617     
        2730   1.2644444223643772     
        2731   1.2644460418682997     
        2732   1.2644473893264447     
        2733   1.2644483859951845     
        2734   1.2644489205509326     
        2735   1.2644488562593343     
        2736   1.2644480778104676     
        2737   1.2644465591863254     
        2738   1.2644443955335221     
        2739   1.2644418005970639     
        2740   1.2644390546658315     
        2741   1.2644364410726583     
        2742   1.2644341745166157     
        2743   1.2644323895606897     
        2744   1.2644311189825967     
        2745   1.2644303129495620     
        2746   1.2644298831800107     
        2747   1.2644297298747054     
        2748   1.2644297680981977     
        2749   1.2644299426475012     
        2750   1.2644302181028872     
        2751   1.2644305489002485     
        2752   1.2644308531348032     
        2753   1.2644310216360846     
        2754   1.2644309280132813     
        2755   1.2644304787005303     
        2756   1.2644296601163454     
        2757   1.2644285815764915     
        2758   1.2644274708870069     
        2759   1.2644266487779550     
        2760   1.2644264755922887     
        2761   1.2644272386303892     
        2762   1.2644290772471309     
        2763   1.2644319114850426     
        2764   1.2644354308872270     
        2765   1.2644391800694561     
        2766   1.2644426809359084     
        2767   1.2644455791381553     
        2768   1.2644476786001628     
        2769   1.2644489180062393     
        2770   1.2644492723409333     
        2771   1.2644486809610715     
        2772   1.2644470613722061     
        2773   1.2644444284754019     
        2774   1.2644409783516330     
        2775   1.2644370968466476     
        2776   1.2644332902209001     
        2777   1.2644300282970629     
        2778   1.2644276406590551     
        2779   1.2644262650006324     
        2780   1.2644258556285015     
        2781   1.2644262773930137     
        2782   1.2644273712060277     
        2783   1.2644290305742822     
        2784   1.2644312236899420     
        2785   1.2644339647856566     
        2786   1.2644372195971514     
        2787   1.2644408092741548     
        2788   1.2644443019973306     
        2789   1.2644470190700501     
        2790   1.2644481815931470     
        2791   1.2644471751479647     
        2792   1.2644438395430015     
        2793   1.2644385946062018     
        2794   1.2644323321161046     
        2795   1.2644261409318589     
        2796   1.2644209974705456     
        2797   1.2644175687848687     
        2798   1.2644161614982572     
        2799   1.2644167582903780     
        2800   1.2644190946795235     
        2801   1.2644227375488555     
        2802   1.2644271676183245     
        2803   1.2644318503955487     
        2804   1.2644362912875804     
        2805   1.2644400738748385     
        2806   1.2644429170862725     
        2807   1.2644446852144036     
        2808   1.2644453807375213     
        2809   1.2644451292620968     
        2810   1.2644441240441027     
        2811   1.2644425359517197     
        2812   1.2644404833639522     
        2813   1.2644380022509649     
        2814   1.2644350723690523     
        2815   1.2644317036914865     
        2816   1.2644279841212425     
        2817   1.2644241350373377     
        2818   1.2644204837125228     
        2819   1.2644174086120874     
        2820   1.2644152504086774     
        2821   1.2644142562103351     
        2822   1.2644145222409626     
        2823   1.2644160049580841     
        2824   1.2644185603191622     
        2825   1.2644220042781278     
        2826   1.2644261689343981     
        2827   1.2644309292524296     
        2828   1.2644362000291149     
        2829   1.2644418876053751     
        2830   1.2644478527336207     
        2831   1.2644538563231333     
        2832   1.2644595490105413     
        2833   1.2644644731477142     
        2834   1.2644681300186189     
        2835   1.2644700183270476     
        2836   1.2644697395880478     
        2837   1.2644670650351846     
        2838   1.2644620486370681     
        2839   1.2644550584154057     
        2840   1.2644467955431096     
        2841   1.2644381866951058     
        2842   1.2644302319252758     
        2843   1.2644238243880976     
        2844   1.2644195799287834     
        2845   1.2644177605216278     
        2846   1.2644182418899397     
        2847   1.2644205900806820     
        2848   1.2644241735655541     
        2849   1.2644282958291004     
        2850   1.2644323318048971     
        2851   1.2644358347702553     
        2852   1.2644385465145571     
        2853   1.2644404070862181     
        2854   1.2644414775728556     
        2855   1.2644419008366410     
        2856   1.2644418514938489     
        2857   1.2644415144806815     
        2858   1.2644410842136593     
        2859   1.2644407506717237     
        2860   1.2644406761533711     
        2861   1.2644410024728450     
        2862   1.2644418329755482     
        2863   1.2644432055427328     
        2864   1.2644451132117653     
        2865   1.2644474814607136     
        2866   1.2644501719323948     
        2867   1.2644529818921444     
        2868   1.2644556668233697     
        2869   1.2644579205466155     
        2870   1.2644594450107174     
        2871   1.2644599810434749     
        2872   1.2644593927679866     
        2873   1.2644577096130112     
        2874   1.2644551528454477     
        2875   1.2644520966368407     
        2876   1.2644489965556085     
        2877   1.2644463054764827     
        2878   1.2644443300628332     
        2879   1.2644432168591875     
        2880   1.2644428995542394     
        2881   1.2644431213561758     
        2882   1.2644435123469122     
        2883   1.2644437023487731     
        2884   1.2644434566827885     
        2885   1.2644427522579593     
        2886   1.2644418040838419     
        2887   1.2644409796044407     
        2888   1.2644406965680930     
        2889   1.2644412677481371     
        2890   1.2644428177218119     
        2891   1.2644452192439333     
        2892   1.2644480891461674     
        2893   1.2644508509090366     
        2894   1.2644528325511015     
        2895   1.2644534017645817     
        2896   1.2644521237453907     
        2897   1.2644488667904841     
        2898   1.2644438677979570     
        2899   1.2644376856235735     
        2900   1.2644311091993119     
        2901   1.2644249890067902     
        2902   1.2644200913026424     
        2903   1.2644170079100827     
        2904   1.2644160796252506     
        2905   1.2644173940029009     
        2906   1.2644207975573862     
        2907   1.2644259477068287     
        2908   1.2644323528635497     
        2909   1.2644394240956167     
        2910   1.2644465387925008     
        2911   1.2644530806108860     
        2912   1.2644585343257013     
        2913   1.2644625112336398     
        2914   1.2644648153904208     
        2915   1.2644654501337627     
        2916   1.2644646230140928     
        2917   1.2644626801212215     
        2918   1.2644600334225442     
        2919   1.2644571011341390     
        2920   1.2644542271723225     
        2921   1.2644516555853933     
        2922   1.2644495201443986     
        2923   1.2644478377043886     
        2924   1.2644465621447560     
        2925   1.2644456008089651     
        2926   1.2644448495678169     
        2927   1.2644442152029491     
        2928   1.2644436358131208     
        2929   1.2644430744348116     
        2930   1.2644425241584263     
        2931   1.2644419800454760     
        2932   1.2644414527468790     
        2933   1.2644409316968246     
        2934   1.2644404207169682     
        2935   1.2644399094285106     
        2936   1.2644394011073530     
        2937   1.2644389178639845     
        2938   1.2644385025952596     
        2939   1.2644381988260056     
        2940   1.2644380612180188     
        2941   1.2644381429244103     
        2942   1.2644384882962041     
        2943   1.2644391197667531     
        2944   1.2644400444984494     
        2945   1.2644412451639360     
        2946   1.2644426708848411     
        2947   1.2644442517965198     
        2948   1.2644458925465709     
        2949   1.2644474993866301     
        2950   1.2644490065243033     
        2951   1.2644503951519093     
        2952   1.2644517295695992     
        2953   1.2644531232276326     
        2954   1.2644546653798123     
        2955   1.2644563957684820     
        2956   1.2644582291935396     
        2957   1.2644599381714161     
        2958   1.2644611885797015     
        2959   1.2644616475249641     
        2960   1.2644610870995110     
        2961   1.2644594438886405     
        2962   1.2644568483631446     
        2963   1.2644535756208901     
        2964   1.2644499512147354     
        2965   1.2644462694323608     
        2966   1.2644427559616167     
        2967   1.2644395312769041     
        2968   1.2644366358853354     
        2969   1.2644340631765443     
        2970   1.2644317925443342     
        2971   1.2644298256883819     
        2972   1.2644281851720329     
        2973   1.2644269078229433     
        2974   1.2644260011045616     
        2975   1.2644254254067357     
        2976   1.2644251080330724     
        2977   1.2644249948596316     
        2978   1.2644251341031456     
        2979   1.2644257269681378     
        2980   1.2644270677479070     
        2981   1.2644294141953134     
        2982   1.2644328171728110     
        2983   1.2644370439824346     
        2984   1.2644415944384786     
        2985   1.2644458617379550     
        2986   1.2644492366892042     
        2987   1.2644511844914796     
        2988   1.2644513294367710     
        2989   1.2644495299382470     
        2990   1.2644459710461100     
        2991   1.2644411801327249     
        2992   1.2644359298175170     
        2993   1.2644310170274979     
        2994   1.2644271063571220     
        2995   1.2644246234735386     
        2996   1.2644237626149066     
        2997   1.2644245383969792     
        2998   1.2644268217127668     
        2999   1.2644303591118287     
        3000   1.2644347877974518     
        3001   1.2644396589670370     
        3002   1.2644444971344719     
        3003   1.2644488842401962     
        3004   1.2644525245322042     
        3005   1.2644552955507620     
        3006   1.2644571833452205     
        3007   1.2644582151795698     
        3008   1.2644583531269926     
        3009   1.2644575011322328     
        3010   1.2644555848325392     
        3011   1.2644526909694311     
        3012   1.2644491660319219     
        3013   1.2644455774200658     
        3014   1.2644425750749884     
        3015   1.2644407260758139     
        3016   1.2644403327608411     
        3017   1.2644413720730416     
        3018   1.2644434890778393     
        3019   1.2644460746052832     
        3020   1.2644483883882729     
        3021   1.2644497547880325     
        3022   1.2644497267351977     
        3023   1.2644482196348155     
        3024   1.2644455168854236     
        3025   1.2644421574558675     
        3026   1.2644387696093764     
        3027   1.2644359238618184     
        3028   1.2644340129060623     
        3029   1.2644331940940940     
        3030   1.2644334326032942     
        3031   1.2644345312840715     
        3032   1.2644362007080985     
        3033   1.2644380930044976     
        3034   1.2644398676081190     
        3035   1.2644412270158418     
        3036   1.2644419340287540     
        3037   1.2644418594071691     
        3038   1.2644409900054931     
        3039   1.2644394592609864     
        3040   1.2644375283342142     
        3041   1.2644355845916193     
        3042   1.2644340719476306     
        3043   1.2644334265750046     
        3044   1.2644339852198514     
        3045   1.2644358978150638     
        3046   1.2644390913312011     
        3047   1.2644432272823258     
        3048   1.2644477725181069     
        3049   1.2644520713161311     
        3050   1.2644555093631342     
        3051   1.2644576659209426     
        3052   1.2644584044695169     
        3053   1.2644578919605263     
        3054   1.2644565336496731     
        3055   1.2644548044509638     
        3056   1.2644531170961228     
        3057   1.2644516900989300     
        3058   1.2644505331221498     
        3059   1.2644494666285877     
        3060   1.2644482487072222     
        3061   1.2644467090170655     
        3062   1.2644448293834656     
        3063   1.2644427536726814     
        3064   1.2644407476143913     
        3065   1.2644390899188120     
        3066   1.2644380120658680     
        3067   1.2644376634463379     
        3068   1.2644381080737284     
        3069   1.2644393235712230     
        3070   1.2644412148277180     
        3071   1.2644436180016969     
        3072   1.2644462907137139     
        3073   1.2644489365386700     
        3074   1.2644512317096908     
        3075   1.2644528897270138     
        3076   1.2644537139012761     
        3077   1.2644536380223572     
        3078   1.2644527348878807     
        3079   1.2644511940847596     
        3080   1.2644492652320725     
        3081   1.2644472018561470     
        3082   1.2644452204490575     
        3083   1.2644434594935769     
        3084   1.2644419899667207     
        3085   1.2644408125506241     
        3086   1.2644398721413674     
        3087   1.2644390926963596     
        3088   1.2644384053846149     
        3089   1.2644377739903814     
        3090   1.2644372216958546     
        3091   1.2644368491660738     
        3092   1.2644368399097226     
        3093   1.2644373903013442     
        3094   1.2644386889478461     
        3095   1.2644408277342682     
        3096   1.2644437143615921     
        3097   1.2644470601787998     
        3098   1.2644503991416620     
        3099   1.2644531992425647     
        3100   1.2644550088480240     
        3101   1.2644556092647481     
        3102   1.2644550539005099     
        3103   1.2644536393954935     
        3104   1.2644517606952828     
        3105   1.2644498030487470     
        3106   1.2644480221396681     
        3107   1.2644465613730587     
        3108   1.2644454484191647     
        3109   1.2644446457134921     
        3110   1.2644440935924506     
        3111   1.2644437213499589     
        3112   1.2644434772991864     
        3113   1.2644433302328060     
        3114   1.2644432737371236     
        3115   1.2644433310565182     
        3116   1.2644435387673050     
        3117   1.2644439526827114     
        3118   1.2644446116131509     
        3119   1.2644455496952536     
        3120   1.2644467660290108     
        3121   1.2644482109467088     
        3122   1.2644497975427318     
        3123   1.2644513890875633     
        3124   1.2644528281005165     
        3125   1.2644539477154528     
        3126   1.2644546291428180     
        3127   1.2644548140769407     
        3128   1.2644545355265633     
        3129   1.2644538915543144     
        3130   1.2644530225002637     
        3131   1.2644520628307792     
        3132   1.2644511098717612     
        3133   1.2644502168248595     
        3134   1.2644493851486545     
        3135   1.2644485994498846     
        3136   1.2644478525284586     
        3137   1.2644471536826369     
        3138   1.2644465405690728     
        3139   1.2644460546655729     
        3140   1.2644457475923256     
        3141   1.2644456293567732     
        3142   1.2644456928041841     
        3143   1.2644458941490706     
        3144   1.2644461658571962     
        3145   1.2644464453897637     
        3146   1.2644466706337529     
        3147   1.2644468052914224     
        3148   1.2644468294775071     
        3149   1.2644467613149004     
        3150   1.2644466344755079     
        3151   1.2644465047420890     
        3152   1.2644464468926873     
        3153   1.2644465435439050     
        3154   1.2644468654575858     
        3155   1.2644474862004871     
        3156   1.2644484381321561     
        3157   1.2644497182572221     
        3158   1.2644512743871772     
        3159   1.2644529977992316     
        3160   1.2644547515486639     
        3161   1.2644563722191260     
        3162   1.2644577022733892     
        3163   1.2644586056890752     
        3164   1.2644590007823284     
        3165   1.2644588368345571     
        3166   1.2644581049001524     
        3167   1.2644568236104776     
        3168   1.2644550331851736     
        3169   1.2644528226894023     
        3170   1.2644503199724584     
        3171   1.2644477129511835     
        3172   1.2644452319643051     
        3173   1.2644431195452048     
        3174   1.2644415847023311     
        3175   1.2644407635255619     
        3176   1.2644407028669264     
        3177   1.2644413406550872     
        3178   1.2644425295930104     
        3179   1.2644440544614080     
        3180   1.2644456865704166     
        3181   1.2644472183571076     
        3182   1.2644485273355937     
        3183   1.2644495961513371     
        3184   1.2644505046210357     
        3185   1.2644513991171160     
        3186   1.2644524189894315     
        3187   1.2644536180596195     
        3188   1.2644549042167621     
        3189   1.2644560284320101     
        3190   1.2644566595590161     
        3191   1.2644565067726310     
        3192   1.2644554319817565     
        3193   1.2644535177514569     
        3194   1.2644510455384350     
        3195   1.2644483987438750     
        3196   1.2644459443679832     
        3197   1.2644439535790970     
        3198   1.2644425769657872     
        3199   1.2644418525646426     
        3200   1.2644417442267319     
        3201   1.2644421685683471     
        3202   1.2644430032739162     
        3203   1.2644441118707208     
        3204   1.2644453430337674     
        3205   1.2644465436707639     
        3206   1.2644475690291368     
        3207   1.2644483178154127     
        3208   1.2644487427489159     
        3209   1.2644488588051919     
        3210   1.2644487383424012     
        3211   1.2644484771537494     
        3212   1.2644481645092511     
        3213   1.2644478475863374     
        3214   1.2644475234437857     
        3215   1.2644471315826360     
        3216   1.2644465786546817     
        3217   1.2644457679760932     
        3218   1.2644446385707169     
        3219   1.2644432049837100     
        3220   1.2644415771279964     
        3221   1.2644399790433618     
        3222   1.2644387288957666     
        3223   1.2644382002039658     
        3224   1.2644387505081438     
        3225   1.2644406072399432     
        3226   1.2644437355833089     
        3227   1.2644477478973406     
        3228   1.2644519049883853     
        3229   1.2644552460726082     
        3230   1.2644568360439001     
        3231   1.2644560464885366     
        3232   1.2644527319385270     
        3233   1.2644472388949701     
        3234   1.2644402760189988     
        3235   1.2644327191892757     
        3236   1.2644254528072794     
        3237   1.2644192987414469     
        3238   1.2644149569549343     
        3239   1.2644129807228057     
        3240   1.2644136931830761     
        3241   1.2644170278025801     
        3242   1.2644224047440380     
        3243   1.2644286842850354     
        3244   1.2644343653572472     
        3245   1.2644380082584967     
        3246   1.2644387365904939     
        3247   1.2644365690230259     
        3248   1.2644323425745614     
        3249   1.2644273519907880     
        3250   1.2644228552146064     
        3251   1.2644197470480536     
        3252   1.2644184276553996     
        3253   1.2644188836403174     
        3254   1.2644208151980725     
        3255   1.2644237641254144     
        3256   1.2644272414666728     
        3257   1.2644307914990529     
        3258   1.2644340695470300     
        3259   1.2644369094465098     
        3260   1.2644393860057555     
        3261   1.2644417826368080     
        3262   1.2644444940483077     
        3263   1.2644477850644078     
        3264   1.2644515190774843     
        3265   1.2644549667833416     
        3266   1.2644569232232348     
        3267   1.2644561498784253     
        3268   1.2644520060517523     
        3269   1.2644448815552813     
        3270   1.2644360291237158     
        3271   1.2644270200548355     
        3272   1.2644191300413326     
        3273   1.2644130108741976     
        3274   1.2644087821010164     
        3275   1.2644062635256463     
        3276   1.2644052362408478     
        3277   1.2644055440679773     
        3278   1.2644070990399547     
        3279   1.2644098032910651     
        3280   1.2644134747186189     
        3281   1.2644178045896819     
        3282   1.2644223658340321     
        3283   1.2644266866778464     
        3284   1.2644303609828720     
        3285   1.2644331512697331     
        3286   1.2644350578378749     
        3287   1.2644363293085912     
        3288   1.2644373639437991     
        3289   1.2644385849356654     
        3290   1.2644402769961602     
        3291   1.2644425012072489     
        3292   1.2644450299388630     
        3293   1.2644473721848173     
        3294   1.2644488741862934     
        3295   1.2644488858775600     
        3296   1.2644469507484228     
        3297   1.2644429639378310     
        3298   1.2644372579651719     
        3299   1.2644305500802644     
        3300   1.2644237840448065     
        3301   1.2644179283633989     
        3302   1.2644138053075653     
        3303   1.2644119737317057     
        3304   1.2644126514812091     
        3305   1.2644157186539990     
        3306   1.2644207239042460     
        3307   1.2644269566213442     
        3308   1.2644335358876637     
        3309   1.2644395877562531     
        3310   1.2644444211541015     
        3311   1.2644477076878000     
        3312   1.2644495179350574     
        3313   1.2644502643783113     
        3314   1.2644504982988809     
        3315   1.2644507103408538     
        3316   1.2644511627653285     
        3317   1.2644518350502838     
        3318   1.2644525081023490     
        3319   1.2644528524681802     
        3320   1.2644525500191413     
        3321   1.2644513928228447     
        3322   1.2644493040968636     
        3323   1.2644463780855615     
        3324   1.2644428408019406     
        3325   1.2644389964101426     
        3326   1.2644351729187622     
        3327   1.2644316695853295     
        3328   1.2644287108840373     
        3329   1.2644264658260047     
        3330   1.2644250569957878     
        3331   1.2644245535203935     
        3332   1.2644249957223441     
        3333   1.2644263663891109     
        3334   1.2644285922624197     
        3335   1.2644315172446705     
        3336   1.2644348986025280     
        3337   1.2644384131858706     
        3338   1.2644416665574369     
        3339   1.2644442785694894     
        3340   1.2644459314331997     
        3341   1.2644464495027070     
        3342   1.2644458416772482     
        3343   1.2644442995519580     
        3344   1.2644421643174684     
        3345   1.2644398413600988     
        3346   1.2644377271811218     
        3347   1.2644361393861006     
        3348   1.2644352798558520     
        3349   1.2644352391660125     
        3350   1.2644360147620155     
        3351   1.2644375612769470     
        3352   1.2644397969888503     
        3353   1.2644426362596579     
        3354   1.2644459846232170     
        3355   1.2644496898297377     
        3356   1.2644535053148782     
        3357   1.2644570484903990     
        3358   1.2644598058032170     
        3359   1.2644612346035795     
        3360   1.2644609163050613     
        3361   1.2644587116954247     
        3362   1.2644548379877532     
        3363   1.2644498208124189     
        3364   1.2644443194048749     
        3365   1.2644389774390943     
        3366   1.2644342766596517     
        3367   1.2644305171191412     
        3368   1.2644278066522099     
        3369   1.2644261403626653     
        3370   1.2644254518206255     
        3371   1.2644256493264476     
        3372   1.2644266178873140     
        3373   1.2644282514205765     
        3374   1.2644304187646327     
        3375   1.2644329810153825     
        3376   1.2644357551330598     
        3377   1.2644385511662666     
        3378   1.2644411302352021     
        3379   1.2644432727205817     
        3380   1.2644447814795092     
        3381   1.2644455393049536     
        3382   1.2644455470173483     
        3383   1.2644448854020625     
        3384   1.2644437315694725     
        3385   1.2644422994608167     
        3386   1.2644408558433913     
        3387   1.2644396884171201     
        3388   1.2644390700813624     
        3389   1.2644391762153202     
        3390   1.2644399845559695     
        3391   1.2644412135668814     
        3392   1.2644424391667475     
        3393   1.2644432358305724     
        3394   1.2644433858269013     
        3395   1.2644429271030149     
        3396   1.2644421035496136     
        3397   1.2644412254050899     
        3398   1.2644405493382482     
        3399   1.2644402210135708     
        3400   1.2644402684982246     
        3401   1.2644406112101283     
        3402   1.2644411097406716     
        3403   1.2644416031831209     
        3404   1.2644419747704401     
        3405   1.2644421953420817     
        3406   1.2644423233321276     
        3407   1.2644424841322632     
        3408   1.2644427785596002     
        3409   1.2644432311061906     
        3410   1.2644437595002977     
        3411   1.2644441945558058     
        3412   1.2644443606095110     
        3413   1.2644441307374550     
        3414   1.2644434790150001     
        3415   1.2644424884202088     
        3416   1.2644413178987575     
        3417   1.2644401605244773     
        3418   1.2644391799191417     
        3419   1.2644384789477241     
        3420   1.2644380676030660     
        3421   1.2644378756619679     
        3422   1.2644377557029287     
        3423   1.2644375442129876     
        3424   1.2644371203373250     
        3425   1.2644364457932835     
        3426   1.2644356262273226     
        3427   1.2644348777005674     
        3428   1.2644344922228679     
        3429   1.2644347638182194     
        3430   1.2644358818857633     
        3431   1.2644379170046736     
        3432   1.2644407707657783     
        3433   1.2644441827844444     
        3434   1.2644477707213779     
        3435   1.2644511030414236     
        3436   1.2644537428047602     
        3437   1.2644553394262066     
        3438   1.2644556710368033     
        3439   1.2644547106063517     
        3440   1.2644526429792262     
        3441   1.2644498509285067     
        3442   1.2644468822982091     
        3443   1.2644443286285161     
        3444   1.2644427170464874     
        3445   1.2644423723590639     
        3446   1.2644432844544107     
        3447   1.2644450788152857     
        3448   1.2644470494472990     
        3449   1.2644483587529165     
        3450   1.2644483024167790     
        3451   1.2644465934188713     
        3452   1.2644434713840065     
        3453   1.2644396065693710     
        3454   1.2644358348955753     
        3455   1.2644328688192137     
        3456   1.2644311448098806     
        3457   1.2644307886888693     
        3458   1.2644316563084002     
        3459   1.2644334573149867     
        3460   1.2644358136611162     
        3461   1.2644383452350894     
        3462   1.2644407203869326     
        3463   1.2644426892623799     
        3464   1.2644441176726970     
        3465   1.2644450078343932     
        3466   1.2644454755631429     
        3467   1.2644457367999871     
        3468   1.2644460335485930     
        3469   1.2644465610904465     
        3470   1.2644474133258763     
        3471   1.2644485010494548     
        3472   1.2644495861542226     
        3473   1.2644503407173948     
        3474   1.2644504805219041     
        3475   1.2644498888413698     
        3476   1.2644486681412093     
        3477   1.2644471181352479     
        3478   1.2644456343859805     
        3479   1.2644445766723087     
        3480   1.2644442103060922     
        3481   1.2644446555261746     
        3482   1.2644459163051907     
        3483   1.2644478895420517     
        3484   1.2644503632993880     
        3485   1.2644530414485255     
        3486   1.2644555245615483     
        3487   1.2644573587610139     
        3488   1.2644581092717004     
        3489   1.2644574593795141     
        3490   1.2644553123593529     
        3491   1.2644518087736660     
        3492   1.2644473319849845     
        3493   1.2644424010896551     
        3494   1.2644375637959007     
        3495   1.2644332862818128     
        3496   1.2644299143578270     
        3497   1.2644276289818883     
        3498   1.2644264876460776     
        3499   1.2644264544569146     
        3500   1.2644274361637593     
        3501   1.2644292905978358     
        3502   1.2644318839434567     
        3503   1.2644350550583043     
        3504   1.2644386309672500     
        3505   1.2644424288319627     
        3506   1.2644462350637493     
        3507   1.2644498123424961     
        3508   1.2644528764710683     
        3509   1.2644551525219545     
        3510   1.2644563941769698     
        3511   1.2644564717763533     
        3512   1.2644553983150204     
        3513   1.2644533693148294     
        3514   1.2644507107428646     
        3515   1.2644478378261126     
        3516   1.2644451423374226     
        3517   1.2644429426126667     
        3518   1.2644414477577177     
        3519   1.2644407350098794     
        3520   1.2644407636962085     
        3521   1.2644414153465222     
        3522   1.2644425063309073     
        3523   1.2644438118999273     
        3524   1.2644450934753193     
        3525   1.2644461082796850     
        3526   1.2644466424968637     
        3527   1.2644465238811171     
        3528   1.2644456599276759     
        3529   1.2644440452875716     
        3530   1.2644417826145271     
        3531   1.2644390673819874     
        3532   1.2644361686545347     
        3533   1.2644333819804818     
        3534   1.2644310020980301     
        3535   1.2644292742743213     
        3536   1.2644283741420381     
        3537   1.2644284004792814     
        3538   1.2644293805762572     
        3539   1.2644312793651431     
        3540   1.2644339904462836     
        3541   1.2644373472926431     
        3542   1.2644410726012763     
        3543   1.2644447706046842     
        3544   1.2644479058825273     
        3545   1.2644499072455169     
        3546   1.2644502791219763     
        3547   1.2644487792660111     
        3548   1.2644455170806830     
        3549   1.2644409305483708     
        3550   1.2644356702876640     
        3551   1.2644304647365112     
        3552   1.2644259740396235     
        3553   1.2644227060621946     
        3554   1.2644210041565791     
        3555   1.2644210217440339     
        3556   1.2644227720193317     
        3557   1.2644261357790563     
        3558   1.2644308633339638     
        3559   1.2644365718539718     
        3560   1.2644427048798259     
        3561   1.2644485610676541     
        3562   1.2644533691812296     
        3563   1.2644564504964699     
        3564   1.2644573652662723     
        3565   1.2644560558462601     
        3566   1.2644528523630301     
        3567   1.2644483825254400     
        3568   1.2644433891588132     
        3569   1.2644385579193380     
        3570   1.2644344439906070     
        3571   1.2644314334353455     
        3572   1.2644297892413752     
        3573   1.2644297105711177     
        3574   1.2644313724781933     
        3575   1.2644348875612494     
        3576   1.2644401642489080     
        3577   1.2644467445508685     
        3578   1.2644536788390845     
        3579   1.2644596208661780     
        3580   1.2644632001535441     
        3581   1.2644635473116488     
        3582   1.2644607011914795     
        3583   1.2644555598299725     
        3584   1.2644494825341392     
        3585   1.2644437443289238     
        3586   1.2644391877332828     
        3587   1.2644361544818050     
        3588   1.2644345960192069     
        3589   1.2644342601444620     
        3590   1.2644348409196029     
        3591   1.2644360432964845     
        3592   1.2644376363993466     
        3593   1.2644394487979649     
        3594   1.2644413621203809     
        3595   1.2644432774065160     
        3596   1.2644451184279124     
        3597   1.2644468137755405     
        3598   1.2644482972691535     
        3599   1.2644495314908739     
        3600   1.2644505034586961     
        3601   1.2644512203410536     
        3602   1.2644517190318951     
        3603   1.2644520445584533     
        3604   1.2644522388821304     
        3605   1.2644523387013793     
        3606   1.2644523592286419     
        3607   1.2644523030682489     
        3608   1.2644521508725806     
        3609   1.2644518670972742     
        3610   1.2644514176804749     
        3611   1.2644507674684622     
        3612   1.2644498933652972     
        3613   1.2644487818867960     
        3614   1.2644474375944825     
        3615   1.2644458823528031     
        3616   1.2644441600842637     
        3617   1.2644423187360561     
        3618   1.2644404352840093     
        3619   1.2644385962267868     
        3620   1.2644369050114375     
        3621   1.2644354879525537     
        3622   1.2644344841504453     
        3623   1.2644340609551785     
        3624   1.2644344189703687     
        3625   1.2644357730594791     
        3626   1.2644383062407178     
        3627   1.2644420534887861     
        3628   1.2644467761360314     
        3629   1.2644518232153965     
        3630   1.2644561084304140     
        3631   1.2644583759898140     
        3632   1.2644576697956968     
        3633   1.2644537926335109     
        3634   1.2644474564265595     
        3635   1.2644399874120431     
        3636   1.2644328224454702     
        3637   1.2644270412092895     
        3638   1.2644232119747487     
        3639   1.2644214520179835     
        3640   1.2644215820907778     
        3641   1.2644232982755432     
        3642   1.2644262492956662     
        3643   1.2644300867188372     
        3644   1.2644344554832341     
        3645   1.2644390216680512     
        3646   1.2644434649489118     
        3647   1.2644474959738170     
        3648   1.2644508769715779     
        3649   1.2644534004446291     
        3650   1.2644549021721743     
        3651   1.2644552844264816     
        3652   1.2644545110766858     
        3653   1.2644526363908428     
        3654   1.2644498023300272     
        3655   1.2644462565488181     
        3656   1.2644423070916544     
        3657   1.2644383082807602     
        3658   1.2644346016243391     
        3659   1.2644314625524724     
        3660   1.2644290812257468     
        3661   1.2644275531503593     
        3662   1.2644268983457678     
        3663   1.2644270951680707     
        3664   1.2644281174093817     
        3665   1.2644299044919471     
        3666   1.2644323276773033     
        3667   1.2644351391050828     
        3668   1.2644379581617184     
        3669   1.2644403277789196     
        3670   1.2644418099696488     
        3671   1.2644421188198938     
        3672   1.2644412128488289     
        3673   1.2644393103074010     
        3674   1.2644368170345817     
        3675   1.2644342315947936     
        3676   1.2644320032997531     
        3677   1.2644304561181083     
        3678   1.2644297654544889     
        3679   1.2644299622930217     
        3680   1.2644309688842923     
        3681   1.2644326575203775     
        3682   1.2644348686478994     
        3683   1.2644374371678495     
        3684   1.2644402188485302     
        3685   1.2644430889432989     
        3686   1.2644459333212379     
        3687   1.2644486175659542     
        3688   1.2644509756350391     
        3689   1.2644527961503287     
        3690   1.2644538515721155     
        3691   1.2644539353135835     
        3692   1.2644529317643149     
        3693   1.2644508757002697     
        3694   1.2644479391524512     
        3695   1.2644444239190658     
        3696   1.2644406981400040     
        3697   1.2644371446157665     
        3698   1.2644341200194631     
        3699   1.2644319597825886     
        3700   1.2644309617968199     
        3701   1.2644313647236851     
        3702   1.2644332642026124     
        3703   1.2644365184682984     
        3704   1.2644406776952288     
        3705   1.2644449881349358     
        3706   1.2644485581727460     
        3707   1.2644506306325507     
        3708   1.2644508316481955     
        3709   1.2644493169715172     
        3710   1.2644466318498151     
        3711   1.2644434590902223     
        3712   1.2644403661697203     
        3713   1.2644377081910814     
        3714   1.2644356478422594     
        3715   1.2644342495228571     
        3716   1.2644335679531742     
        3717   1.2644336827239591     
        3718   1.2644346792671102     
        3719   1.2644365879903507     
        3720   1.2644393257149584     
        3721   1.2644426738875203     
        3722   1.2644462794227529     
        3723   1.2644497244018116     
        3724   1.2644526221530246     
        3725   1.2644546687357496     
        3726   1.2644556555423490     
        3727   1.2644554539584263     
        3728   1.2644540114294096     
        3729   1.2644513608887555     
        3730   1.2644477061246320     
        3731   1.2644434615937103     
        3732   1.2644391755477173     
        3733   1.2644354290303688     
        3734   1.2644326850022356     
        3735   1.2644312196705618     
        3736   1.2644311213861297     
        3737   1.2644323261430319     
        3738   1.2644346968309490     
        3739   1.2644380547760585     
        3740   1.2644421933349828     
        3741   1.2644468574915364     
        3742   1.2644517248511380     
        3743   1.2644563687431627     
        3744   1.2644603144764055     
        3745   1.2644630781603881     
        3746   1.2644642778132420     
        3747   1.2644637379882235     
        3748   1.2644615207523753     
        3749   1.2644579230271893     
        3750   1.2644534141040951     
        3751   1.2644485280586051     
        3752   1.2644437891327993     
        3753   1.2644396285436250     
        3754   1.2644363490934567     
        3755   1.2644340972936865     
        3756   1.2644328974067485     
        3757   1.2644326611128565     
        3758   1.2644332236909941     
        3759   1.2644343800390425     
        3760   1.2644358802820275     
        3761   1.2644374640567899     
        3762   1.2644388926697150     
        3763   1.2644399553112780     
        3764   1.2644405278712831     
        3765   1.2644406080891395     
        3766   1.2644403213468745     
        3767   1.2644399220886711     
        3768   1.2644397307105679     
        3769   1.2644400817306649     
        3770   1.2644412203684923     
        3771   1.2644432800607046     
        3772   1.2644461901344659     
        3773   1.2644497003207589     
        3774   1.2644533954893917     
        3775   1.2644567646802565     
        3776   1.2644593095571230     
        3777   1.2644606371887694     
        3778   1.2644605430635740     
        3779   1.2644590505947919     
        3780   1.2644563860544102     
        3781   1.2644529248171299     
        3782   1.2644490920657314     
        3783   1.2644452863742575     
        3784   1.2644418192589018     
        3785   1.2644388812844638     
        3786   1.2644365295864062     
        3787   1.2644347143717918     
        3788   1.2644333071500189     
        3789   1.2644321480546306     
        3790   1.2644310896934057     
        3791   1.2644300296130186     
        3792   1.2644289775112580     
        3793   1.2644280803461450     
        3794   1.2644276597872459     
        3795   1.2644281511124853     
        3796   1.2644299756643225     
        3797   1.2644333260334850     
        3798   1.2644379151282410     
        3799   1.2644428742568423     
        3800   1.2644469183147693     
        3801   1.2644488442329096     
        3802   1.2644480919940420     
        3803   1.2644450085518053     
        3804   1.2644406123794174     
        3805   1.2644360802974881     
        3806   1.2644322748236712     
        3807   1.2644295751958934     
        3808   1.2644279761136450     
        3809   1.2644272974193069     
        3810   1.2644273246139428     
        3811   1.2644279025725402     
        3812   1.2644288890571009     
        3813   1.2644301566954652     
        3814   1.2644315368356160     
        3815   1.2644328408115579     
        3816   1.2644338900198897     
        3817   1.2644345568683231     
        3818   1.2644347843581962     
        3819   1.2644346361572061     
        3820   1.2644342733419283     
        3821   1.2644339401268847     
        3822   1.2644339195420988     
        3823   1.2644344975607269     
        3824   1.2644358829954334     
        3825   1.2644381710861303     
        3826   1.2644412915576086     
        3827   1.2644449999813629     
        3828   1.2644489127575897     
        3829   1.2644525564192666     
        3830   1.2644555047135924     
        3831   1.2644574487335820     
        3832   1.2644582499981205     
        3833   1.2644579396893374     
        3834   1.2644566596256870     
        3835   1.2644546173186684     
        3836   1.2644520421854866     
        3837   1.2644491493744463     
        3838   1.2644461192784946     
        3839   1.2644430921864669     
        3840   1.2644401247896360     
        3841   1.2644372238299204     
        3842   1.2644343592754788     
        3843   1.2644315039812863     
        3844   1.2644286614082594     
        3845   1.2644258955402821     
        3846   1.2644233258084960     
        3847   1.2644210966783516     
        3848   1.2644193586263142     
        3849   1.2644182172994904     
        3850   1.2644177108856414     
        3851   1.2644178404731559     
        3852   1.2644185649381812     
        3853   1.2644198763353831     
        3854   1.2644218100713758     
        3855   1.2644244459333047     
        3856   1.2644279043778808     
        3857   1.2644322656849911     
        3858   1.2644375111753337     
        3859   1.2644434316201112     
        3860   1.2644496253726794     
        3861   1.2644554846443659     
        3862   1.2644603068796627     
        3863   1.2644634212328292     
        3864   1.2644643614489737     
        3865   1.2644630123428349     
        3866   1.2644596127978835     
        3867   1.2644547287845738     
        3868   1.2644490753971120     
        3869   1.2644433654975109     
        3870   1.2644381728441434     
        3871   1.2644338599587857     
        3872   1.2644305836219831     
        3873   1.2644283366227578     
        3874   1.2644270080913371     
        3875   1.2644264441361430     
        3876   1.2644264845711120     
        3877   1.2644269958150569     
        3878   1.2644278851240514     
        3879   1.2644290891836767     
        3880   1.2644305667036457     
        3881   1.2644322791131524     
        3882   1.2644341526904499     
        3883   1.2644360466660916     
        3884   1.2644377568372631     
        3885   1.2644390420734941     
        3886   1.2644397059850947     
        3887   1.2644396909118665     
        3888   1.2644391503270436     
        3889   1.2644384430234008     
        3890   1.2644380258830208     
        3891   1.2644383171506004     
        3892   1.2644395206472461     
        3893   1.2644415750484586     
        3894   1.2644441830975439     
        3895   1.2644468959837507     
        3896   1.2644492674266206     
        3897   1.2644509506392898     
        3898   1.2644517607534165     
        3899   1.2644516691894871     
        3900   1.2644507699390928     
        3901   1.2644492284006410     
        3902   1.2644472199253731     
        3903   1.2644449189033813     
        3904   1.2644425013558913     
        3905   1.2644401433332977     
        3906   1.2644380464656728     
        3907   1.2644364146515776     
        3908   1.2644353957926260     
        3909   1.2644350533471580     
        3910   1.2644353060749376     
        3911   1.2644359490231918     
        3912   1.2644366819818702     
        3913   1.2644371947068960     
        3914   1.2644372524883025     
        3915   1.2644367619824657     
        3916   1.2644357986458450     
        3917   1.2644345892682507     
        3918   1.2644334214224031     
        3919   1.2644325963666252     
        3920   1.2644323352961910     
        3921   1.2644327666285236     
        3922   1.2644339036604637     
        3923   1.2644356684000171     
        3924   1.2644379173705982     
        3925   1.2644404406536816     
        3926   1.2644430089960630     
        3927   1.2644453944334124     
        3928   1.2644473972608541     
        3929   1.2644488959927691     
        3930   1.2644498601533087     
        3931   1.2644503402325391     
        3932   1.2644504276881350     
        3933   1.2644502138423759     
        3934   1.2644497589892918     
        3935   1.2644490748199786     
        3936   1.2644481557314966     
        3937   1.2644469805646574     
        3938   1.2644455638972301     
        3939   1.2644439754836174     
        3940   1.2644423457682525     
        3941   1.2644408318127762     
        3942   1.2644395949330729     
        3943   1.2644387567598154     
        3944   1.2644383789263176     
        3945   1.2644384300479108     
        3946   1.2644388051721023     
        3947   1.2644393285278910     
        3948   1.2644398127979197     
        3949   1.2644400857484390     
        3950   1.2644400181451503     
        3951   1.2644395614457271     
        3952   1.2644387400032704     
        3953   1.2644376626211136     
        3954   1.2644364982027751     
        3955   1.2644354648393001     
        3956   1.2644347919681196     
        3957   1.2644346894239042     
        3958   1.2644353024605994     
        3959   1.2644366848089730     
        3960   1.2644387742185907     
        3961   1.2644413771709258     
        3962   1.2644441814852336     
        3963   1.2644467801953083     
        3964   1.2644486995945097     
        3965   1.2644494745801982     
        3966   1.2644487728509231     
        3967   1.2644464809141653     
        3968   1.2644427948437080     
        3969   1.2644382070887810     
        3970   1.2644334117405802     
        3971   1.2644291277062909     
        3972   1.2644259646216591     
        3973   1.2644243436708154     
        3974   1.2644244520834955     
        3975   1.2644262494003338     
        3976   1.2644294832134277     
        3977   1.2644337413623163     
        3978   1.2644385146661117     
        3979   1.2644432724137089     
        3980   1.2644475401041915     
        3981   1.2644509424153898     
        3982   1.2644532172588741     
        3983   1.2644542089884769     
        3984   1.2644538697046004     
        3985   1.2644522801236577     
        3986   1.2644496361216055     
        3987   1.2644462591905312     
        3988   1.2644425234249124     
        3989   1.2644387922597358     
        3990   1.2644353541548163     
        3991   1.2644324243818532     
        3992   1.2644301139934901     
        3993   1.2644284805742438     
        3994   1.2644275360736852     
        3995   1.2644272781081709     
        3996   1.2644276900728801     
        3997   1.2644287331780630     
        3998   1.2644303407238859     
        3999   1.2644323887703321     
        4000   1.2644346844091707     
