        2001   1.2643621472168336     
        2002   1.2642990125938713     
        2003   1.2645019920160436     
        2004   1.2648302761274803     
        2005   1.2646793667181213     
        2006   1.2643892464662465     
        2007   1.2642839288381020     
        2008   1.2642719586044722     
        2009   1.2642948166697718     
        2010   1.2644423999513368     
        2011   1.2646491548520764     
        2012   1.2645588832777719     
        2013   1.2643724225026793     
        2014   1.2643122925873158     
        2015   1.2643892965974410     
        2016   1.2644042244442586     
        2017   1.2644782144147177     
        2018   1.2645453215232549     
        2019   1.2646427909221138     
        2020   1.2645493504124530     
        2021   1.2642340177130200     
        2022   1.2640608391068584     
        2023   1.2642157628689130     
        2024   1.2647589710162768     
        2025   1.2649660716404043     
        2026   1.2642859722502924     
        2027   1.2642211973374753     
        2028   1.2644123175626349     
        2029   1.2644912602930467     
        2030   1.2644883239992804     
        2031   1.2645504356428769     
        2032   1.2646658899989927     
        2033   1.2647406485098316     
        2034   1.2645477999099690     
        2035   1.2642953010181395     
        2036   1.2643315204617505     
        2037   1.2646070509011611     
        2038   1.2646231858998869     
        2039   1.2643941834102583     
        2040   1.2643740556653900     
        2041   1.2645630038825684     
        2042   1.2645568859919318     
        2043   1.2643904978819578     
        2044   1.2643864839321197     
        2045   1.2641784483527376     
        2046   1.2641048678732951     
        2047   1.2640852948725705     
        2048   1.2641795656306651     
        2049   1.2647811400530189     
        2050   1.2648970842185872     
        2051   1.2642846291355920     
        2052   1.2642471117358363     
        2053   1.2644701440627357     
        2054   1.2644313127020204     
        2055   1.2642284198926996     
        2056   1.2641266674616354     
        2057   1.2642417574581875     
        2058   1.2644777540788161     
        2059   1.2646339140261262     
        2060   1.2646346197676399     
        2061   1.2646177718500855     
        2062   1.2645518922466328     
        2063   1.2644259467102943     
        2064   1.2643677778648481     
        2065   1.2643924270351063     
        2066   1.2643873337911866     
        2067   1.2643390288228598     
        2068   1.2643678786787249     
        2069   1.2645611751638226     
        2070   1.2646764904385877     
        2071   1.2645888930969584     
        2072   1.2645199663902782     
        2073   1.2645174663159970     
        2074   1.2644464154917805     
        2075   1.2643905320395754     
        2076   1.2643882907065283     
        2077   1.2642948470186139     
        2078   1.2642877549074334     
        2079   1.2646121910593819     
        2080   1.2648350587478148     
        2081   1.2646293707163774     
        2082   1.2642846541634252     
        2083   1.2641542344018797     
        2084   1.2642861753874086     
        2085   1.2643331018432304     
        2086   1.2643129017033456     
        2087   1.2642611387872709     
        2088   1.2644711082500288     
        2089   1.2647763489384714     
        2090   1.2646073011232335     
        2091   1.2643103126273576     
        2092   1.2642593747795932     
        2093   1.2643562731702316     
        2094   1.2645996428271902     
        2095   1.2645806498937633     
        2096   1.2644056131822747     
        2097   1.2643883615933984     
        2098   1.2644312986321280     
        2099   1.2644088133978886     
        2100   1.2642665412975682     
        2101   1.2642939513726748     
        2102   1.2644210973224188     
        2103   1.2643778896547095     
        2104   1.2642182892658929     
        2105   1.2640411956486908     
        2106   1.2642958557448152     
        2107   1.2646434362888019     
        2108   1.2646023108221143     
        2109   1.2643152251623719     
        2110   1.2642284278529736     
        2111   1.2644369839633516     
        2112   1.2645487453392277     
        2113   1.2641997042945770     
        2114   1.2639790303487028     
        2115   1.2641002213941472     
        2116   1.2643432012079143     
        2117   1.2645909652584542     
        2118   1.2646188357993768     
        2119   1.2644928650287759     
        2120   1.2644828944931601     
        2121   1.2644826450741369     
        2122   1.2644026813072138     
        2123   1.2642950101957138     
        2124   1.2642649458353121     
        2125   1.2643307530967665     
        2126   1.2644423846441311     
        2127   1.2644799517585139     
        2128   1.2644736725326562     
        2129   1.2644169711591984     
        2130   1.2644330395419576     
        2131   1.2644978922249186     
        2132   1.2644815293311975     
        2133   1.2644575600409147     
        2134   1.2645525622527283     
        2135   1.2646871309414180     
        2136   1.2644314229549871     
        2137   1.2641199486657573     
        2138   1.2641955151233573     
        2139   1.2645598357779737     
        2140   1.2646205812045777     
        2141   1.2645292887595159     
        2142   1.2646270661263359     
        2143   1.2647384005512625     
        2144   1.2645468206046797     
        2145   1.2643194762110772     
        2146   1.2642287510482066     
        2147   1.2642093448661913     
        2148   1.2642490956439767     
        2149   1.2645366620702418     
        2150   1.2649368483611350     
        2151   1.2649143009046941     
        2152   1.2645865460126520     
        2153   1.2643341531738139     
        2154   1.2642055373898584     
        2155   1.2642253600172872     
        2156   1.2643245689786209     
        2157   1.2644133574404399     
        2158   1.2645001257823845     
        2159   1.2647248435598901     
        2160   1.2647514708417371     
        2161   1.2642347060722021     
        2162   1.2641122548645456     
        2163   1.2643075557735646     
        2164   1.2644739445280520     
        2165   1.2645813966848356     
        2166   1.2645845471016044     
        2167   1.2644487308837591     
        2168   1.2644323231903694     
        2169   1.2647528752559034     
        2170   1.2646292301629454     
        2171   1.2642145881493794     
        2172   1.2641362758493844     
        2173   1.2641942428321193     
        2174   1.2643662572982981     
        2175   1.2646333960299239     
        2176   1.2648331149670085     
        2177   1.2647843593013657     
        2178   1.2645260266038201     
        2179   1.2643390060710584     
        2180   1.2644051364432269     
        2181   1.2643379223082205     
        2182   1.2641860973373631     
        2183   1.2643092820524746     
        2184   1.2644031050087348     
        2185   1.2644588987148238     
        2186   1.2645191385373376     
        2187   1.2643459737925506     
        2188   1.2640946846954795     
        2189   1.2640872206398355     
        2190   1.2643802328215146     
        2191   1.2645536530115984     
        2192   1.2644880992878118     
        2193   1.2644765199584169     
        2194   1.2644545575657935     
        2195   1.2644076492416096     
        2196   1.2641757865391139     
        2197   1.2640922744900300     
        2198   1.2643057863654474     
        2199   1.2642333557994747     
        2200   1.2642235974574849     
        2201   1.2644268549112994     
        2202   1.2645463683367906     
        2203   1.2645093493490229     
        2204   1.2644059340376161     
        2205   1.2642808386586626     
        2206   1.2643799893405951     
        2207   1.2646412125911426     
        2208   1.2645734221708929     
        2209   1.2643202615846441     
        2210   1.2642764072748189     
        2211   1.2644363000736898     
        2212   1.2645744114469359     
        2213   1.2645610092301651     
        2214   1.2644814183310735     
        2215   1.2643847610034213     
        2216   1.2642987344196699     
        2217   1.2643811147490975     
        2218   1.2645790656671063     
        2219   1.2646016912808733     
        2220   1.2644935632276693     
        2221   1.2645915704890185     
        2222   1.2647267504007988     
        2223   1.2645848890945284     
        2224   1.2643555019944577     
        2225   1.2642876055478922     
        2226   1.2643619810389946     
        2227   1.2644136142732441     
        2228   1.2645320083585982     
        2229   1.2646273501585605     
        2230   1.2645487833770070     
        2231   1.2644792912843119     
        2232   1.2644868651573375     
        2233   1.2644420876233629     
        2234   1.2644013002959928     
        2235   1.2644647468079586     
        2236   1.2644587379903007     
        2237   1.2643881730567794     
        2238   1.2644582778636204     
        2239   1.2645798004732995     
        2240   1.2646533946929019     
        2241   1.2646306135119929     
        2242   1.2645466084455736     
        2243   1.2644596818098439     
        2244   1.2643049586700776     
        2245   1.2644572454774643     
        2246   1.2645044074527760     
        2247   1.2643443631904712     
        2248   1.2644384330975844     
        2249   1.2645592714777687     
        2250   1.2645463360756493     
        2251   1.2646270181428370     
        2252   1.2647535954780333     
        2253   1.2648248577480099     
        2254   1.2648044213275709     
        2255   1.2646155320737638     
        2256   1.2643948067054711     
        2257   1.2642918911701613     
        2258   1.2644130592970022     
        2259   1.2646908366398770     
        2260   1.2647683933583513     
        2261   1.2647161232805568     
        2262   1.2646691868626299     
        2263   1.2646307370547871     
        2264   1.2646322554636806     
        2265   1.2646043214283873     
        2266   1.2645426758489586     
        2267   1.2645440386106439     
        2268   1.2646446756535308     
        2269   1.2647334332259845     
        2270   1.2646628827489046     
        2271   1.2644954664746297     
        2272   1.2645475898259377     
        2273   1.2645671489790100     
        2274   1.2644955675858194     
        2275   1.2646166896104889     
        2276   1.2646055978634647     
        2277   1.2644991735889153     
        2278   1.2646301260590267     
        2279   1.2647585467231521     
        2280   1.2644937287241651     
        2281   1.2643494486999698     
        2282   1.2643390459873225     
        2283   1.2644041690868972     
        2284   1.2645470353111430     
        2285   1.2647722355437168     
        2286   1.2648472518105716     
        2287   1.2646766683002766     
        2288   1.2645271857547389     
        2289   1.2644873625365418     
        2290   1.2645064928291534     
        2291   1.2644835879011456     
        2292   1.2645348386319712     
        2293   1.2646359797944484     
        2294   1.2645518112894529     
        2295   1.2645089040498863     
        2296   1.2645130392159833     
        2297   1.2645088325934479     
        2298   1.2645283105364427     
        2299   1.2645333365353340     
        2300   1.2645156535786874     
        2301   1.2645598345360918     
        2302   1.2645975229766493     
        2303   1.2645744782127792     
        2304   1.2645009956736808     
        2305   1.2644562697305777     
        2306   1.2644538500801694     
        2307   1.2644411233640747     
        2308   1.2644949600611861     
        2309   1.2644613606173225     
        2310   1.2643152104062798     
        2311   1.2643664005806194     
        2312   1.2644808798326261     
        2313   1.2645476826880142     
        2314   1.2644745590121995     
        2315   1.2643188813644453     
        2316   1.2644465318268425     
        2317   1.2645634787023285     
        2318   1.2644551512425393     
        2319   1.2643413581641583     
        2320   1.2642693866727091     
        2321   1.2643514726482090     
        2322   1.2646106459667610     
        2323   1.2645980387239328     
        2324   1.2644828244850101     
        2325   1.2646169025147460     
        2326   1.2645853461961998     
        2327   1.2644381096416215     
        2328   1.2643584235679826     
        2329   1.2644214848885615     
        2330   1.2644855852259456     
        2331   1.2644724808017678     
        2332   1.2645461564005256     
        2333   1.2646584734286834     
        2334   1.2645732273657426     
        2335   1.2643229551749751     
        2336   1.2642583652071870     
        2337   1.2645329324539352     
        2338   1.2647011826433607     
        2339   1.2644470852816871     
        2340   1.2642470751150476     
        2341   1.2642100957328082     
        2342   1.2643468112366048     
        2343   1.2645749217113287     
        2344   1.2646793342510829     
        2345   1.2646876234859039     
        2346   1.2646396219038922     
        2347   1.2645092308134744     
        2348   1.2644630001890820     
        2349   1.2645364609242451     
        2350   1.2645483738485681     
        2351   1.2644602501142526     
        2352   1.2643343427535974     
        2353   1.2643225062211019     
        2354   1.2645225968347753     
        2355   1.2647168520215213     
        2356   1.2647617378700073     
        2357   1.2646407065538374     
        2358   1.2644135783972423     
        2359   1.2642486084836571     
        2360   1.2642097233987706     
        2361   1.2644629458294232     
        2362   1.2648445984950014     
        2363   1.2648139003538974     
        2364   1.2646316500161747     
        2365   1.2644366272338021     
        2366   1.2642954656525931     
        2367   1.2642168551859376     
        2368   1.2642867602673173     
        2369   1.2645182914994995     
        2370   1.2646967282806578     
        2371   1.2646942954087708     
        2372   1.2646656717923102     
        2373   1.2646214369156070     
        2374   1.2645832534096773     
        2375   1.2645463611345709     
        2376   1.2645079366158603     
        2377   1.2646180231868547     
        2378   1.2648071461914987     
        2379   1.2647159046220664     
        2380   1.2645374147423116     
        2381   1.2644776411217928     
        2382   1.2644524772692820     
        2383   1.2644836496932159     
        2384   1.2646028674866021     
        2385   1.2646192522618960     
        2386   1.2645155706216205     
        2387   1.2644491355489995     
        2388   1.2644390705454422     
        2389   1.2644934207861631     
        2390   1.2644795094248558     
        2391   1.2643675807129129     
        2392   1.2643138569737267     
        2393   1.2646358206960999     
        2394   1.2648290337423072     
        2395   1.2644937739898396     
        2396   1.2644021799356864     
        2397   1.2643902009515569     
        2398   1.2642562384306277     
        2399   1.2642954084044877     
        2400   1.2644853139505439     
        2401   1.2644480050521341     
        2402   1.2644434855003586     
        2403   1.2646082592858237     
        2404   1.2646170384773248     
        2405   1.2645226559386531     
        2406   1.2645136837893389     
        2407   1.2645163463897222     
        2408   1.2644151291693633     
        2409   1.2643869123703966     
        2410   1.2646066841596117     
        2411   1.2647243034563833     
        2412   1.2645904009763305     
        2413   1.2644975873424360     
        2414   1.2644537004194236     
        2415   1.2644395767035252     
        2416   1.2645183599219258     
        2417   1.2646481230635040     
        2418   1.2646677428919499     
        2419   1.2646653204678753     
        2420   1.2646704313462878     
        2421   1.2645568835250491     
        2422   1.2643244257177735     
        2423   1.2642847143733267     
        2424   1.2644051913332763     
        2425   1.2645842230551865     
        2426   1.2647072855879031     
        2427   1.2646568219958292     
        2428   1.2645595380372296     
        2429   1.2645293561997417     
        2430   1.2646167069727356     
        2431   1.2647650892320130     
        2432   1.2648099235484977     
        2433   1.2646858336635072     
        2434   1.2645582240576179     
        2435   1.2645303490090596     
        2436   1.2644190865129139     
        2437   1.2642300007493283     
        2438   1.2641135057223218     
        2439   1.2642072222294742     
        2440   1.2646023808202038     
        2441   1.2648418337969969     
        2442   1.2645893529077932     
        2443   1.2644159923847216     
        2444   1.2644716846526733     
        2445   1.2645594132800411     
        2446   1.2644467744338626     
        2447   1.2642790713094036     
        2448   1.2644244748704341     
        2449   1.2647356103129033     
        2450   1.2647069604808334     
        2451   1.2642457755545355     
        2452   1.2639804893116300     
        2453   1.2641867522960766     
        2454   1.2643553727611496     
        2455   1.2644490908433230     
        2456   1.2646340614674916     
        2457   1.2645349107966783     
        2458   1.2643754139426873     
        2459   1.2644637153742901     
        2460   1.2645330105424386     
        2461   1.2643831730727424     
        2462   1.2643878494607259     
        2463   1.2645897701896871     
        2464   1.2645264804454746     
        2465   1.2643777079940945     
        2466   1.2643650044072334     
        2467   1.2645038291947344     
        2468   1.2644858233883318     
        2469   1.2642422895687262     
        2470   1.2640156140249981     
        2471   1.2639220239012832     
        2472   1.2639552120129625     
        2473   1.2644797174834459     
        2474   1.2649870052743213     
        2475   1.2644293248658656     
        2476   1.2642914723230545     
        2477   1.2642023240212859     
        2478   1.2641162005707471     
        2479   1.2641844586480435     
        2480   1.2642800534425334     
        2481   1.2643062169832475     
        2482   1.2643978840329297     
        2483   1.2645538768508984     
        2484   1.2645846495332236     
        2485   1.2644072526103654     
        2486   1.2641334759471867     
        2487   1.2640739945711581     
        2488   1.2643544669117239     
        2489   1.2646081524040194     
        2490   1.2647092606088437     
        2491   1.2646011202400527     
        2492   1.2642917836967662     
        2493   1.2641393110004415     
        2494   1.2640157130085492     
        2495   1.2639655201012012     
        2496   1.2646832958006908     
        2497   1.2648314364454620     
        2498   1.2642412718733946     
        2499   1.2640799026903835     
        2500   1.2641474200868283     
        2501   1.2642988407884115     
        2502   1.2643393779526673     
        2503   1.2642818949767203     
        2504   1.2644410687280077     
        2505   1.2647197402040118     
        2506   1.2644236821762287     
        2507   1.2643242471589793     
        2508   1.2643570199404515     
        2509   1.2643306998538120     
        2510   1.2643583527023436     
        2511   1.2644426196028200     
        2512   1.2645931177121164     
        2513   1.2647274728588367     
        2514   1.2645810909957520     
        2515   1.2643295661744134     
        2516   1.2642721046332783     
        2517   1.2643485983426166     
        2518   1.2643939281543348     
        2519   1.2644725254386615     
        2520   1.2645490051905650     
        2521   1.2646359008721144     
        2522   1.2647301575932159     
        2523   1.2645531257452796     
        2524   1.2643446784687464     
        2525   1.2643253837296704     
        2526   1.2643158692205838     
        2527   1.2643284179710212     
        2528   1.2644847213140546     
        2529   1.2645349415137526     
        2530   1.2646981577452012     
        2531   1.2643927059263080     
        2532   1.2641221549386823     
        2533   1.2640946252326231     
        2534   1.2642580947965327     
        2535   1.2645691103556493     
        2536   1.2648434216634101     
        2537   1.2647919137023020     
        2538   1.2644796628906216     
        2539   1.2642959320850311     
        2540   1.2643229437314325     
        2541   1.2644325474620894     
        2542   1.2644950780357187     
        2543   1.2645560785242598     
        2544   1.2645962604206993     
        2545   1.2645071545939151     
        2546   1.2644871444204715     
        2547   1.2646164451918129     
        2548   1.2645282415166434     
        2549   1.2642054236559024     
        2550   1.2640409005960365     
        2551   1.2642876406552404     
        2552   1.2646809377494022     
        2553   1.2646464133248250     
        2554   1.2645269785204554     
        2555   1.2644698402890122     
        2556   1.2645075747269190     
        2557   1.2645234299104007     
        2558   1.2642749586718005     
        2559   1.2641761685090591     
        2560   1.2644875584690956     
        2561   1.2647161575512422     
        2562   1.2643892484053652     
        2563   1.2642760564273798     
        2564   1.2644663546561112     
        2565   1.2645764620616471     
        2566   1.2643868353853653     
        2567   1.2642572555706337     
        2568   1.2644640063698964     
        2569   1.2647732813702941     
        2570   1.2648104377066698     
        2571   1.2646302634447397     
        2572   1.2645780674400284     
        2573   1.2644749249145080     
        2574   1.2642549293534617     
        2575   1.2641584908061256     
        2576   1.2642419102323972     
        2577   1.2643613093509467     
        2578   1.2644401730213559     
        2579   1.2645791143354064     
        2580   1.2647771859920027     
        2581   1.2647136769696847     
        2582   1.2644360976163009     
        2583   1.2642541671600791     
        2584   1.2643135978911961     
        2585   1.2644768220531000     
        2586   1.2645496671188095     
        2587   1.2645142574575503     
        2588   1.2645189906217551     
        2589   1.2645382619267354     
        2590   1.2644312476545125     
        2591   1.2643708723233300     
        2592   1.2644511664617286     
        2593   1.2646299533137677     
        2594   1.2646066018016759     
        2595   1.2645738271855473     
        2596   1.2646020515799843     
        2597   1.2644384466430869     
        2598   1.2642992002513971     
        2599   1.2643712353930883     
        2600   1.2645297122334942     
        2601   1.2646361678992344     
        2602   1.2646122320003976     
        2603   1.2644618092488695     
        2604   1.2644024898837940     
        2605   1.2644666734459094     
        2606   1.2644629334873421     
        2607   1.2644865949660300     
        2608   1.2647040287332647     
        2609   1.2647976501591933     
        2610   1.2644765464858967     
        2611   1.2642955376066058     
        2612   1.2643749074877602     
        2613   1.2644241036820989     
        2614   1.2644894084709986     
        2615   1.2646493440016955     
        2616   1.2646233307609962     
        2617   1.2645093572334574     
        2618   1.2644524009149749     
        2619   1.2643477689015545     
        2620   1.2643060636779491     
        2621   1.2643885417439868     
        2622   1.2645190732955456     
        2623   1.2646335568007316     
        2624   1.2646762972522403     
        2625   1.2644566691790762     
        2626   1.2640951203252682     
        2627   1.2641602398063152     
        2628   1.2645267293325138     
        2629   1.2646276249738015     
        2630   1.2644336255967568     
        2631   1.2643725773411409     
        2632   1.2644657379813198     
        2633   1.2645692520537724     
        2634   1.2645621022725757     
        2635   1.2645728750468168     
        2636   1.2646330406642123     
        2637   1.2645893027629742     
        2638   1.2644721411861060     
        2639   1.2643919994478181     
        2640   1.2644388208604826     
        2641   1.2646771745721930     
        2642   1.2649229646572242     
        2643   1.2647725284071669     
        2644   1.2644546963426726     
        2645   1.2643861117845647     
        2646   1.2644640251043102     
        2647   1.2644628836377878     
        2648   1.2643793933971179     
        2649   1.2643484125945768     
        2650   1.2644306762907758     
        2651   1.2644668086479680     
        2652   1.2644451206761391     
        2653   1.2644549411945718     
        2654   1.2645005105229175     
        2655   1.2645427231692197     
        2656   1.2642762884919834     
        2657   1.2641585173588687     
        2658   1.2641834309973787     
        2659   1.2642757815862637     
        2660   1.2643281192651286     
        2661   1.2644759383890072     
        2662   1.2645023879786050     
        2663   1.2643400891037826     
        2664   1.2642129405386013     
        2665   1.2642010619602309     
        2666   1.2642120385279620     
        2667   1.2640366731990498     
        2668   1.2641952374971148     
        2669   1.2644428337768749     
        2670   1.2643939898410834     
        2671   1.2644996385987723     
        2672   1.2643853289079989     
        2673   1.2643604412385030     
        2674   1.2645009607984032     
        2675   1.2645506619466924     
        2676   1.2645730386121183     
        2677   1.2645050049651612     
        2678   1.2644498673102262     
        2679   1.2645028581977424     
        2680   1.2645943967920492     
        2681   1.2646706540172272     
        2682   1.2647352392385076     
        2683   1.2647510516132661     
        2684   1.2646574431592565     
        2685   1.2644989301777680     
        2686   1.2644363676648145     
        2687   1.2645625996103211     
        2688   1.2647672712346365     
        2689   1.2647300382676003     
        2690   1.2644458978334123     
        2691   1.2643012779877503     
        2692   1.2643778437024331     
        2693   1.2644559236864787     
        2694   1.2645249513209997     
        2695   1.2645747521035382     
        2696   1.2645605054964206     
        2697   1.2644749480736830     
        2698   1.2643163351888889     
        2699   1.2643975481831025     
        2700   1.2647307337541189     
        2701   1.2646120426681864     
        2702   1.2642311758079461     
        2703   1.2642685205377311     
        2704   1.2645285564475577     
        2705   1.2646026041878591     
        2706   1.2646916124786074     
        2707   1.2645942437660072     
        2708   1.2644325898490649     
        2709   1.2642607755754058     
        2710   1.2641938029049136     
        2711   1.2642850539081540     
        2712   1.2644227154171712     
        2713   1.2646025256641003     
        2714   1.2647056846476723     
        2715   1.2646980537340886     
        2716   1.2645568611769471     
        2717   1.2645251060782128     
        2718   1.2646024321166476     
        2719   1.2645866044066303     
        2720   1.2645010876950320     
        2721   1.2644065427329387     
        2722   1.2644142152705466     
        2723   1.2645950885046444     
        2724   1.2646988218034387     
        2725   1.2644894212081033     
        2726   1.2643864282874144     
        2727   1.2644896371567382     
        2728   1.2644489067591296     
        2729   1.2644235723266262     
        2730   1.2643503747852711     
        2731   1.2644128138546673     
        2732   1.2646749600626137     
        2733   1.2646496936878777     
        2734   1.2643918851931537     
        2735   1.2642972624634239     
        2736   1.2644276465575905     
        2737   1.2646965846235851     
        2738   1.2642981620623139     
        2739   1.2638418584134654     
        2740   1.2641952040109055     
        2741   1.2642701203929989     
        2742   1.2643188531189216     
        2743   1.2644935628929730     
        2744   1.2645946540014141     
        2745   1.2646216511003985     
        2746   1.2645009904104576     
        2747   1.2643086837786215     
        2748   1.2643228696516433     
        2749   1.2644779099962569     
        2750   1.2646352887632855     
        2751   1.2648152570292304     
        2752   1.2647374901341231     
        2753   1.2643937782236674     
        2754   1.2642749838901706     
        2755   1.2644090376191184     
        2756   1.2645746389944921     
        2757   1.2645143161471071     
        2758   1.2643048601759868     
        2759   1.2642999464818616     
        2760   1.2645540533347939     
        2761   1.2648115109389830     
        2762   1.2646998781957430     
        2763   1.2643061871989971     
        2764   1.2642385729526060     
        2765   1.2643724613821150     
        2766   1.2644917596460059     
        2767   1.2645316644269380     
        2768   1.2645315317121439     
        2769   1.2646031122717170     
        2770   1.2646547847328691     
        2771   1.2645228581349541     
        2772   1.2642652434300992     
        2773   1.2642066349602477     
        2774   1.2643794461085598     
        2775   1.2645964020710001     
        2776   1.2646621509355955     
        2777   1.2644191687836033     
        2778   1.2645631813030791     
        2779   1.2646338242591275     
        2780   1.2645269142505957     
        2781   1.2644530399856495     
        2782   1.2644599598295274     
        2783   1.2644777421689128     
        2784   1.2644910213827616     
        2785   1.2645544737388850     
        2786   1.2646253054700831     
        2787   1.2646260506925779     
        2788   1.2645656843613833     
        2789   1.2644544089849425     
        2790   1.2644136710144402     
        2791   1.2644244334497075     
        2792   1.2643911736335975     
        2793   1.2643681091601287     
        2794   1.2644197473723393     
        2795   1.2644897609627013     
        2796   1.2645531077608883     
        2797   1.2644916698364725     
        2798   1.2643278191674761     
        2799   1.2644853390394526     
        2800   1.2645891782040137     
        2801   1.2642918191226924     
        2802   1.2640721347436508     
        2803   1.2641120749417807     
        2804   1.2642568256783258     
        2805   1.2645276315608185     
        2806   1.2647686507911253     
        2807   1.2645744759345197     
        2808   1.2641715487225471     
        2809   1.2640969495232719     
        2810   1.2644779354874027     
        2811   1.2646875637078927     
        2812   1.2641716646993648     
        2813   1.2640499470010997     
        2814   1.2642262322427680     
        2815   1.2643827246423398     
        2816   1.2646062499657660     
        2817   1.2648149989126587     
        2818   1.2646785969492667     
        2819   1.2643284943464046     
        2820   1.2642171107408151     
        2821   1.2643387001408406     
        2822   1.2645515563974077     
        2823   1.2646862212850274     
        2824   1.2646312744731130     
        2825   1.2644653424130725     
        2826   1.2643270927082439     
        2827   1.2643707134386883     
        2828   1.2646672314173357     
        2829   1.2647186536281496     
        2830   1.2646192386646278     
        2831   1.2646061770447217     
        2832   1.2644825408126517     
        2833   1.2643458724822985     
        2834   1.2643862727950368     
        2835   1.2646334156136290     
        2836   1.2645894437539900     
        2837   1.2645247380039135     
        2838   1.2646520151917255     
        2839   1.2646814486788902     
        2840   1.2646049705341444     
        2841   1.2645578288733565     
        2842   1.2645683109846049     
        2843   1.2646205479727386     
        2844   1.2646671414837469     
        2845   1.2645739398896954     
        2846   1.2644589671112167     
        2847   1.2644381392983464     
        2848   1.2645155719132037     
        2849   1.2646365591842077     
        2850   1.2645264916272185     
        2851   1.2645395421358621     
        2852   1.2647750613643804     
        2853   1.2645693057414844     
        2854   1.2642318944062554     
        2855   1.2641723430348644     
        2856   1.2643734468445826     
        2857   1.2646211069685758     
        2858   1.2646507972303525     
        2859   1.2643566851737855     
        2860   1.2642866431386470     
        2861   1.2644214693284894     
        2862   1.2645467199132296     
        2863   1.2645279554632698     
        2864   1.2644943925853289     
        2865   1.2645806304484486     
        2866   1.2645419176897001     
        2867   1.2641566036869292     
        2868   1.2639799631958246     
        2869   1.2641566722373709     
        2870   1.2645747900623041     
        2871   1.2647655631064652     
        2872   1.2645092994547555     
        2873   1.2644371051014338     
        2874   1.2644877650981150     
        2875   1.2644702082593877     
        2876   1.2644400437392922     
        2877   1.2643549037939104     
        2878   1.2640563552849025     
        2879   1.2643737073892982     
        2880   1.2645092552907422     
        2881   1.2638737234046888     
        2882   1.2641326986838444     
        2883   1.2643572757673662     
        2884   1.2643934409035917     
        2885   1.2645387321642134     
        2886   1.2645957972484245     
        2887   1.2644809689885674     
        2888   1.2645691619134201     
        2889   1.2644415598914185     
        2890   1.2643141502143740     
        2891   1.2643094224874072     
        2892   1.2643215134919987     
        2893   1.2644286601450001     
        2894   1.2645961927701168     
        2895   1.2646718631778995     
        2896   1.2645499679835714     
        2897   1.2643882471526879     
        2898   1.2642961339243186     
        2899   1.2642400654125221     
        2900   1.2642797156938692     
        2901   1.2644883318290028     
        2902   1.2647946987426995     
        2903   1.2647280996944810     
        2904   1.2642887197945125     
        2905   1.2642150226731121     
        2906   1.2644326131183383     
        2907   1.2644525977530618     
        2908   1.2643878202914531     
        2909   1.2643337326165036     
        2910   1.2642947072557380     
        2911   1.2643708880253013     
        2912   1.2645188875727922     
        2913   1.2646148619372224     
        2914   1.2645953672350156     
        2915   1.2644922887808585     
        2916   1.2645150000952037     
        2917   1.2643720830478848     
        2918   1.2643167149899446     
        2919   1.2645746362919015     
        2920   1.2648404176249537     
        2921   1.2646737760245608     
        2922   1.2643193185637522     
        2923   1.2642740245253794     
        2924   1.2643412029477137     
        2925   1.2643857869140478     
        2926   1.2645305537563027     
        2927   1.2646218714361734     
        2928   1.2644356843803883     
        2929   1.2644885671504453     
        2930   1.2646352195917623     
        2931   1.2646443694830873     
        2932   1.2644522431712264     
        2933   1.2642051160210914     
        2934   1.2642461417685977     
        2935   1.2645623692810115     
        2936   1.2646669985547261     
        2937   1.2645537994586671     
        2938   1.2644560811282584     
        2939   1.2642905552762023     
        2940   1.2641442202082640     
        2941   1.2641186118428784     
        2942   1.2643636047777018     
        2943   1.2648845989974693     
        2944   1.2643235201566685     
        2945   1.2641312407965897     
        2946   1.2643414790220402     
        2947   1.2644862100659089     
        2948   1.2645758928105904     
        2949   1.2646079735305096     
        2950   1.2642744247185091     
        2951   1.2640579479655250     
        2952   1.2642640082672141     
        2953   1.2645188531411824     
        2954   1.2645769407282357     
        2955   1.2646396943647384     
        2956   1.2646244599247041     
        2957   1.2644522346303511     
        2958   1.2643352122902547     
        2959   1.2644263042296937     
        2960   1.2644392107788569     
        2961   1.2643506631525767     
        2962   1.2644492551985054     
        2963   1.2645216918996978     
        2964   1.2643499594606573     
        2965   1.2642735679568127     
        2966   1.2643372186307305     
        2967   1.2644347434611292     
        2968   1.2646052301530597     
        2969   1.2645978313907205     
        2970   1.2644656783454995     
        2971   1.2644808891083410     
        2972   1.2643943161565394     
        2973   1.2643314684983602     
        2974   1.2643554408756870     
        2975   1.2642621589198786     
        2976   1.2642244357011367     
        2977   1.2644972744528311     
        2978   1.2648098644108670     
        2979   1.2647935657658591     
        2980   1.2645690070029623     
        2981   1.2645014245373973     
        2982   1.2646562990286752     
        2983   1.2645534863060259     
        2984   1.2644297721960069     
        2985   1.2643809744411312     
        2986   1.2643338081214810     
        2987   1.2644150602689588     
        2988   1.2646241456536957     
        2989   1.2647835359367690     
        2990   1.2647237743815010     
        2991   1.2644470539495543     
        2992   1.2642395237685995     
        2993   1.2643522720503864     
        2994   1.2645395844559646     
        2995   1.2643088304312011     
        2996   1.2643938173906650     
        2997   1.2646576692892990     
        2998   1.2644817122405150     
        2999   1.2644438879755555     
        3000   1.2645666118350147     
        3001   1.2645652016614337     
        3002   1.2644751713528013     
        3003   1.2644825865053766     
        3004   1.2645435047427505     
        3005   1.2645619664869578     
        3006   1.2645556531506079     
        3007   1.2645190829619586     
        3008   1.2645560760940326     
        3009   1.2646630276859434     
        3010   1.2646005669725011     
        3011   1.2643642697280431     
        3012   1.2642835456159749     
        3013   1.2644308261640937     
        3014   1.2644537324082883     
        3015   1.2645110643322290     
        3016   1.2645752125311549     
        3017   1.2643150632527460     
        3018   1.2643070675725701     
        3019   1.2644867111455529     
        3020   1.2645788668573235     
        3021   1.2644340499089153     
        3022   1.2642753059088170     
        3023   1.2644739936044211     
        3024   1.2647011611330847     
        3025   1.2644369630090511     
        3026   1.2641718397490922     
        3027   1.2642366907654408     
        3028   1.2644198768805051     
        3029   1.2645276456502681     
        3030   1.2644608474024985     
        3031   1.2644346233299517     
        3032   1.2644669557473172     
        3033   1.2644360665080059     
        3034   1.2643969463426736     
        3035   1.2643822643042602     
        3036   1.2644605435028500     
        3037   1.2645711374800697     
        3038   1.2645683403527541     
        3039   1.2644454154057971     
        3040   1.2642991418625908     
        3041   1.2643755330314881     
        3042   1.2645470928568181     
        3043   1.2644654364002044     
        3044   1.2642827376175660     
        3045   1.2642886180219506     
        3046   1.2644250370301362     
        3047   1.2646607610512768     
        3048   1.2647232993198410     
        3049   1.2646762993829199     
        3050   1.2647815299435834     
        3051   1.2646025887598320     
        3052   1.2643250357328730     
        3053   1.2642860954589681     
        3054   1.2643964053085308     
        3055   1.2646661879239249     
        3056   1.2648176852933819     
        3057   1.2646989975628298     
        3058   1.2644887660705175     
        3059   1.2643468956729440     
        3060   1.2643152937249544     
        3061   1.2644011655976977     
        3062   1.2646025948105808     
        3063   1.2648306157013218     
        3064   1.2649196043312054     
        3065   1.2646585462930457     
        3066   1.2642703492701695     
        3067   1.2642646513590967     
        3068   1.2645474300049409     
        3069   1.2647300452275863     
        3070   1.2646696642344142     
        3071   1.2645434057399059     
        3072   1.2644083420938239     
        3073   1.2643445896816634     
        3074   1.2645396391125923     
        3075   1.2647916865033544     
        3076   1.2646317814420587     
        3077   1.2643464676751051     
        3078   1.2642635698160227     
        3079   1.2643782563933539     
        3080   1.2645797171775355     
        3081   1.2647130795455075     
        3082   1.2648114301319668     
        3083   1.2648063447303848     
        3084   1.2646077908359901     
        3085   1.2644003636918506     
        3086   1.2643490721332902     
        3087   1.2644186243197022     
        3088   1.2644155875723404     
        3089   1.2643674969108711     
        3090   1.2644377675824576     
        3091   1.2645994384330301     
        3092   1.2646062922665691     
        3093   1.2645567693385971     
        3094   1.2644190405172464     
        3095   1.2641994769747669     
        3096   1.2642595782111659     
        3097   1.2643632859721285     
        3098   1.2642919684239731     
        3099   1.2641840335460994     
        3100   1.2642257635610510     
        3101   1.2643713201880638     
        3102   1.2645004194978400     
        3103   1.2646448416582441     
        3104   1.2646809713196387     
        3105   1.2647228496362364     
        3106   1.2643861344574581     
        3107   1.2641080153488575     
        3108   1.2642744536193438     
        3109   1.2644666357533492     
        3110   1.2643554524719036     
        3111   1.2642797302340192     
        3112   1.2642664931127925     
        3113   1.2643174964014463     
        3114   1.2645621539745484     
        3115   1.2648739807926774     
        3116   1.2647421830100272     
        3117   1.2643929126207105     
        3118   1.2643386508751275     
        3119   1.2643903869824429     
        3120   1.2646420246983139     
        3121   1.2644004961221103     
        3122   1.2641860202924540     
        3123   1.2643928769233979     
        3124   1.2646610972179735     
        3125   1.2647615951106195     
        3126   1.2647098793648364     
        3127   1.2644433708807985     
        3128   1.2642433578642829     
        3129   1.2642220549799967     
        3130   1.2644223513732795     
        3131   1.2646491293155699     
        3132   1.2645566715582759     
        3133   1.2646421619155608     
        3134   1.2646826859603242     
        3135   1.2645101725424759     
        3136   1.2644287450419878     
        3137   1.2644400906343969     
        3138   1.2644696923535370     
        3139   1.2645174730012001     
        3140   1.2645267952853088     
        3141   1.2645072776633968     
        3142   1.2645170160518182     
        3143   1.2646028477383737     
        3144   1.2647031867722820     
        3145   1.2646160557895609     
        3146   1.2643671521931026     
        3147   1.2642383588542563     
        3148   1.2642855236915014     
        3149   1.2644838361179240     
        3150   1.2645973678176667     
        3151   1.2645843184783896     
        3152   1.2645216638174432     
        3153   1.2643413471653133     
        3154   1.2643484305619985     
        3155   1.2645701505414877     
        3156   1.2646129024986936     
        3157   1.2645145164079057     
        3158   1.2644340980768534     
        3159   1.2643968985727356     
        3160   1.2643890268137794     
        3161   1.2644055718703382     
        3162   1.2646302726620691     
        3163   1.2647106383662869     
        3164   1.2644452210249555     
        3165   1.2643333458502806     
        3166   1.2644181019910716     
        3167   1.2645480789730126     
        3168   1.2645259445071526     
        3169   1.2644940130070694     
        3170   1.2646932806222040     
        3171   1.2647872482138083     
        3172   1.2646300519487845     
        3173   1.2645725041342808     
        3174   1.2646267068035344     
        3175   1.2645702077154479     
        3176   1.2644416533777880     
        3177   1.2644091827767709     
        3178   1.2643420357755693     
        3179   1.2642807864970003     
        3180   1.2645135606309499     
        3181   1.2649380301465811     
        3182   1.2648197551096603     
        3183   1.2643233547158843     
        3184   1.2642357880017792     
        3185   1.2644327510608928     
        3186   1.2646057377773201     
        3187   1.2645446756646996     
        3188   1.2643489264974606     
        3189   1.2643368789275962     
        3190   1.2644815510826952     
        3191   1.2646489088345212     
        3192   1.2647223962175496     
        3193   1.2645710149973717     
        3194   1.2644479810136702     
        3195   1.2644250194866289     
        3196   1.2643721339138823     
        3197   1.2643727672250218     
        3198   1.2645217187246587     
        3199   1.2645914637632880     
        3200   1.2644555156570130     
        3201   1.2643796078110054     
        3202   1.2642688693102877     
        3203   1.2640722658725227     
        3204   1.2641879338948852     
        3205   1.2643510613023445     
        3206   1.2642688748504765     
        3207   1.2644208460046986     
        3208   1.2648120177330713     
        3209   1.2646533006881939     
        3210   1.2643956690225953     
        3211   1.2641202182255609     
        3212   1.2640388115731096     
        3213   1.2641486071251951     
        3214   1.2643753742147126     
        3215   1.2645522868327439     
        3216   1.2646321455876681     
        3217   1.2645997691605051     
        3218   1.2645319568007500     
        3219   1.2645361895511553     
        3220   1.2645541856951779     
        3221   1.2645291967794028     
        3222   1.2643838221313479     
        3223   1.2641600217014610     
        3224   1.2641179800470037     
        3225   1.2646189385540925     
        3226   1.2649140391433482     
        3227   1.2642101438754669     
        3228   1.2640937101280647     
        3229   1.2643388193440623     
        3230   1.2647477711333552     
        3231   1.2647735874632184     
        3232   1.2644601933705881     
        3233   1.2643680585996515     
        3234   1.2642995476185241     
        3235   1.2641614468004743     
        3236   1.2641948190580179     
        3237   1.2646971450286777     
        3238   1.2649812747503619     
        3239   1.2644616419499672     
        3240   1.2641592788128753     
        3241   1.2642170568330462     
        3242   1.2643796539719871     
        3243   1.2644666931229680     
        3244   1.2644028324583534     
        3245   1.2644463949974025     
        3246   1.2647155724741819     
        3247   1.2648497495688917     
        3248   1.2646607251768209     
        3249   1.2643905093728851     
        3250   1.2642802042688692     
        3251   1.2643626821641201     
        3252   1.2645144942200202     
        3253   1.2646086907826473     
        3254   1.2646373645352686     
        3255   1.2646447780971433     
        3256   1.2645549662919540     
        3257   1.2644214439753596     
        3258   1.2643843475768268     
        3259   1.2643268607161267     
        3260   1.2642316409848335     
        3261   1.2643513396398407     
        3262   1.2647111928173533     
        3263   1.2647029227720399     
        3264   1.2644809990613086     
        3265   1.2642262829132029     
        3266   1.2641830663880196     
        3267   1.2644256381542687     
        3268   1.2645190535048640     
        3269   1.2645815190291678     
        3270   1.2643463641845991     
        3271   1.2641442729221968     
        3272   1.2641701854132132     
        3273   1.2642489084358899     
        3274   1.2644491562706290     
        3275   1.2647531043109512     
        3276   1.2646659497824058     
        3277   1.2643390022553853     
        3278   1.2643041694314361     
        3279   1.2644980970720179     
        3280   1.2645922516045163     
        3281   1.2644290460414944     
        3282   1.2643843363997220     
        3283   1.2644370594479333     
        3284   1.2644829043773840     
        3285   1.2645217675366491     
        3286   1.2644771977878730     
        3287   1.2643839785880013     
        3288   1.2643393612333740     
        3289   1.2643132590022745     
        3290   1.2644198368225545     
        3291   1.2645314028351868     
        3292   1.2644396155102047     
        3293   1.2644668683161462     
        3294   1.2644694725228911     
        3295   1.2643909002702243     
        3296   1.2643748126165220     
        3297   1.2642726678158809     
        3298   1.2641676303009324     
        3299   1.2642335093414050     
        3300   1.2644729705143882     
        3301   1.2646564005101597     
        3302   1.2649009509322282     
        3303   1.2647210574546617     
        3304   1.2645628351023501     
        3305   1.2646226642668985     
        3306   1.2646016542469805     
        3307   1.2643893879688712     
        3308   1.2642603714214982     
        3309   1.2643197947305085     
        3310   1.2644803747913560     
        3311   1.2647857983694535     
        3312   1.2648987788823196     
        3313   1.2644938263518886     
        3314   1.2643593178222619     
        3315   1.2644551654756113     
        3316   1.2646226491627268     
        3317   1.2647448178974230     
        3318   1.2647429062644733     
        3319   1.2646017648191723     
        3320   1.2645150805643284     
        3321   1.2645375669021006     
        3322   1.2645598010441432     
        3323   1.2645846153569718     
        3324   1.2645718298134803     
        3325   1.2643440906854044     
        3326   1.2641087973536393     
        3327   1.2642553145380528     
        3328   1.2644577864360500     
        3329   1.2643776915204292     
        3330   1.2644365782261733     
        3331   1.2645045505479042     
        3332   1.2644920646983662     
        3333   1.2644615756642108     
        3334   1.2643112561783540     
        3335   1.2643240166574876     
        3336   1.2643636530178854     
        3337   1.2642325308214404     
        3338   1.2643180486048968     
        3339   1.2644896305593682     
        3340   1.2644610005058508     
        3341   1.2643339172775536     
        3342   1.2641904482332877     
        3343   1.2642751189376531     
        3344   1.2645752303337416     
        3345   1.2647182379700959     
        3346   1.2646092916570579     
        3347   1.2643041153089116     
        3348   1.2641760782420186     
        3349   1.2643695622630635     
        3350   1.2644948481903211     
        3351   1.2644348370582286     
        3352   1.2645641847943332     
        3353   1.2647762268359326     
        3354   1.2646516988679002     
        3355   1.2643610604606761     
        3356   1.2643600151165106     
        3357   1.2645237011021704     
        3358   1.2645726617755080     
        3359   1.2645455336888711     
        3360   1.2645814125208494     
        3361   1.2646184655398938     
        3362   1.2645140190699435     
        3363   1.2643634488928415     
        3364   1.2643688067333141     
        3365   1.2645187924321879     
        3366   1.2645827918076789     
        3367   1.2645274525176231     
        3368   1.2645762787645403     
        3369   1.2647159807166273     
        3370   1.2647433192839368     
        3371   1.2644627699511981     
        3372   1.2642767759378364     
        3373   1.2642769259013578     
        3374   1.2644143823211693     
        3375   1.2646654337229244     
        3376   1.2646885979661184     
        3377   1.2644748206733212     
        3378   1.2645142523947182     
        3379   1.2645753277558329     
        3380   1.2644605620247906     
        3381   1.2643961635416996     
        3382   1.2644223199411151     
        3383   1.2644452552369414     
        3384   1.2644390966155350     
        3385   1.2644325711605615     
        3386   1.2644004109595355     
        3387   1.2643716289106011     
        3388   1.2644786899870057     
        3389   1.2646637445028177     
        3390   1.2646386150097757     
        3391   1.2645147461576605     
        3392   1.2645354548771643     
        3393   1.2645543588945614     
        3394   1.2643679126244249     
        3395   1.2642396811106655     
        3396   1.2642947684480115     
        3397   1.2644290055399710     
        3398   1.2644986622264631     
        3399   1.2645115583939726     
        3400   1.2645079680212956     
        3401   1.2644988408661375     
        3402   1.2645175486438811     
        3403   1.2645643902263177     
        3404   1.2646110315585217     
        3405   1.2644454597245982     
        3406   1.2643274225834780     
        3407   1.2644819537090817     
        3408   1.2645273618849990     
        3409   1.2644499929243564     
        3410   1.2644573734611413     
        3411   1.2645757268895981     
        3412   1.2645841210523856     
        3413   1.2645314564626569     
        3414   1.2645214332506804     
        3415   1.2646833486833238     
        3416   1.2648068056199722     
        3417   1.2645876068642314     
        3418   1.2643465000501963     
        3419   1.2643425734241545     
        3420   1.2644127961640812     
        3421   1.2645503431098488     
        3422   1.2648934514540433     
        3423   1.2647615353663690     
        3424   1.2642227207153696     
        3425   1.2641755859898951     
        3426   1.2644010240276213     
        3427   1.2646498402980511     
        3428   1.2647764015298915     
        3429   1.2646935964824628     
        3430   1.2643064258754841     
        3431   1.2640616641691649     
        3432   1.2642985543748924     
        3433   1.2646238234786118     
        3434   1.2646427590764708     
        3435   1.2644884629398407     
        3436   1.2642806729598810     
        3437   1.2642302473854357     
        3438   1.2643752729314879     
        3439   1.2645748530261181     
        3440   1.2647299703192063     
        3441   1.2647049654312119     
        3442   1.2645910241878893     
        3443   1.2643850443095028     
        3444   1.2642891382284103     
        3445   1.2643920704588225     
        3446   1.2644305141304022     
        3447   1.2644151704389257     
        3448   1.2645601787766065     
        3449   1.2644461511964828     
        3450   1.2640697219855448     
        3451   1.2642289909649032     
        3452   1.2646445720972568     
        3453   1.2646963030579417     
        3454   1.2644193438508673     
        3455   1.2641873151589003     
        3456   1.2642117640084281     
        3457   1.2645167022331050     
        3458   1.2648536024521253     
        3459   1.2643317999633412     
        3460   1.2642538963259471     
        3461   1.2643904269516877     
        3462   1.2644262357947325     
        3463   1.2644720888828189     
        3464   1.2645688592872610     
        3465   1.2645551571386568     
        3466   1.2646028434768048     
        3467   1.2646222203213771     
        3468   1.2644355954161042     
        3469   1.2643209947751253     
        3470   1.2643917305267915     
        3471   1.2645647337999373     
        3472   1.2645924412101417     
        3473   1.2644298984295230     
        3474   1.2645180135949308     
        3475   1.2645672711902192     
        3476   1.2645484249696310     
        3477   1.2645343919706087     
        3478   1.2645034451975730     
        3479   1.2645045872302250     
        3480   1.2645177115096025     
        3481   1.2645863182100481     
        3482   1.2645582518439080     
        3483   1.2644710114999200     
        3484   1.2644547703885398     
        3485   1.2644739408009142     
        3486   1.2645231923819726     
        3487   1.2646040536738845     
        3488   1.2646254548703313     
        3489   1.2644938594754400     
        3490   1.2643656522472928     
        3491   1.2643985627989152     
        3492   1.2644438706691192     
        3493   1.2644401266735443     
        3494   1.2643983383499198     
        3495   1.2647014736682696     
        3496   1.2649713035255603     
        3497   1.2644687088733542     
        3498   1.2641284457121316     
        3499   1.2640419723891592     
        3500   1.2641389783336574     
        3501   1.2643495820149089     
        3502   1.2645774536594963     
        3503   1.2646036145440078     
        3504   1.2644854511777441     
        3505   1.2645724824045177     
        3506   1.2647668939390937     
        3507   1.2647518968073737     
        3508   1.2645802629758296     
        3509   1.2644545853010503     
        3510   1.2642750782373258     
        3511   1.2642202991529627     
        3512   1.2643705753115579     
        3513   1.2645552413292864     
        3514   1.2646594930630464     
        3515   1.2647130797717483     
        3516   1.2646549851845552     
        3517   1.2644731240272538     
        3518   1.2644080397607969     
        3519   1.2644506706904579     
        3520   1.2643907209973604     
        3521   1.2647039627794725     
        3522   1.2647731280687893     
        3523   1.2644231709586009     
        3524   1.2643060442195475     
        3525   1.2641195115466897     
        3526   1.2641655921344075     
        3527   1.2644766679749593     
        3528   1.2646753111568221     
        3529   1.2647639911848518     
        3530   1.2647570701879389     
        3531   1.2645127126423557     
        3532   1.2642783473842756     
        3533   1.2642446968797216     
        3534   1.2644625474249720     
        3535   1.2647066501526256     
        3536   1.2646302611107809     
        3537   1.2644129156567183     
        3538   1.2643473149412623     
        3539   1.2643942673483308     
        3540   1.2643999934401282     
        3541   1.2642880663577991     
        3542   1.2642773621470347     
        3543   1.2645745928189358     
        3544   1.2648699411477966     
        3545   1.2646586385148564     
        3546   1.2643480033593653     
        3547   1.2643016977972683     
        3548   1.2643979569498947     
        3549   1.2645222560726204     
        3550   1.2646406181353060     
        3551   1.2646176538255238     
        3552   1.2644514228225270     
        3553   1.2643455588242773     
        3554   1.2642857107869192     
        3555   1.2642654472384773     
        3556   1.2647007814993101     
        3557   1.2650378995911544     
        3558   1.2642808022447491     
        3559   1.2641607192550666     
        3560   1.2641880731041959     
        3561   1.2642222858381293     
        3562   1.2644299397035956     
        3563   1.2647943084473874     
        3564   1.2647862212400223     
        3565   1.2644943963301414     
        3566   1.2644272657327245     
        3567   1.2645066260547759     
        3568   1.2646209936950819     
        3569   1.2646104681913912     
        3570   1.2644753527875663     
        3571   1.2643761044553874     
        3572   1.2642856014863604     
        3573   1.2643008156580930     
        3574   1.2644648998766392     
        3575   1.2646863670215758     
        3576   1.2647928290262407     
        3577   1.2647609719980049     
        3578   1.2647145867958098     
        3579   1.2646857241548097     
        3580   1.2645883069186137     
        3581   1.2644526903151487     
        3582   1.2643715391345323     
        3583   1.2642913339697892     
        3584   1.2643000677456633     
        3585   1.2644816879188976     
        3586   1.2647164691575892     
        3587   1.2647452310155951     
        3588   1.2646957541158375     
        3589   1.2646825162955311     
        3590   1.2645651161723181     
        3591   1.2642875791181447     
        3592   1.2641160022208302     
        3593   1.2641000248699545     
        3594   1.2643632824998869     
        3595   1.2647405134006469     
        3596   1.2644385874097539     
        3597   1.2641755058006874     
        3598   1.2642322708336453     
        3599   1.2644722121944272     
        3600   1.2645059228251747     
        3601   1.2642918228647519     
        3602   1.2642416485374315     
        3603   1.2643992302909355     
        3604   1.2645094773382364     
        3605   1.2644567650947673     
        3606   1.2643981315663222     
        3607   1.2645175040929240     
        3608   1.2646472662577852     
        3609   1.2644656366703222     
        3610   1.2642704061965224     
        3611   1.2641975131097647     
        3612   1.2642300751837692     
        3613   1.2642350756955547     
        3614   1.2643782746891810     
        3615   1.2647221891770690     
        3616   1.2646052115884157     
        3617   1.2642966387568890     
        3618   1.2641953453896762     
        3619   1.2642119024669760     
        3620   1.2642437880354089     
        3621   1.2643450100556453     
        3622   1.2644933308876263     
        3623   1.2644537409341505     
        3624   1.2644597230866355     
        3625   1.2645740079355685     
        3626   1.2644179041549446     
        3627   1.2641503311337012     
        3628   1.2642794721966828     
        3629   1.2646008004730636     
        3630   1.2646258074590329     
        3631   1.2644657777429946     
        3632   1.2642477701474470     
        3633   1.2640882084273781     
        3634   1.2643921285951167     
        3635   1.2648101541599690     
        3636   1.2647829067854144     
        3637   1.2645495894327934     
        3638   1.2644222743365483     
        3639   1.2644119836724710     
        3640   1.2644551755234776     
        3641   1.2645234999593309     
        3642   1.2645165451776781     
        3643   1.2644675214451633     
        3644   1.2644845054093330     
        3645   1.2645008489115308     
        3646   1.2645204113937902     
        3647   1.2645670247056571     
        3648   1.2645697043043569     
        3649   1.2645032651885679     
        3650   1.2643496739630131     
        3651   1.2642882254082659     
        3652   1.2644251012576890     
        3653   1.2646967917019070     
        3654   1.2647161328914744     
        3655   1.2644965969167972     
        3656   1.2644562393019338     
        3657   1.2645435577760971     
        3658   1.2644724726447023     
        3659   1.2643707138175477     
        3660   1.2643941086897601     
        3661   1.2644764577616940     
        3662   1.2644730473492489     
        3663   1.2643664635668743     
        3664   1.2643509209048518     
        3665   1.2646704761053873     
        3666   1.2646763778870791     
        3667   1.2643095428653921     
        3668   1.2643688682943228     
        3669   1.2647706514749379     
        3670   1.2647620863312095     
        3671   1.2643749806386777     
        3672   1.2641824986182444     
        3673   1.2642321464817536     
        3674   1.2644626969469459     
        3675   1.2647043248707255     
        3676   1.2646671112977357     
        3677   1.2643701774067546     
        3678   1.2641664240611945     
        3679   1.2642752416836069     
        3680   1.2645041724029684     
        3681   1.2645666664593789     
        3682   1.2646012273162208     
        3683   1.2645730905603338     
        3684   1.2644470943936639     
        3685   1.2644225500101958     
        3686   1.2643340360743789     
        3687   1.2642477196903088     
        3688   1.2643225542265770     
        3689   1.2645226067508717     
        3690   1.2646422365546313     
        3691   1.2645176873259432     
        3692   1.2643597600018874     
        3693   1.2642930621292701     
        3694   1.2643297205472106     
        3695   1.2644627003533224     
        3696   1.2644752906697356     
        3697   1.2644991264306045     
        3698   1.2646009830207086     
        3699   1.2644124442839093     
        3700   1.2644868038347805     
        3701   1.2643641179684435     
        3702   1.2642242977266120     
        3703   1.2645749302741720     
        3704   1.2643483083499962     
        3705   1.2644213641421285     
        3706   1.2645020565119629     
        3707   1.2644666984836044     
        3708   1.2644386473736864     
        3709   1.2644940851201252     
        3710   1.2645813438102977     
        3711   1.2645564624601036     
        3712   1.2645206202140002     
        3713   1.2644464212641091     
        3714   1.2643965453342265     
        3715   1.2643004146286780     
        3716   1.2642334592183866     
        3717   1.2644407595235942     
        3718   1.2648396710142886     
        3719   1.2645753647183731     
        3720   1.2643445324872034     
        3721   1.2644713252820132     
        3722   1.2645400364092692     
        3723   1.2644577767574865     
        3724   1.2644291743357530     
        3725   1.2644059800355758     
        3726   1.2643686756820547     
        3727   1.2643886915424067     
        3728   1.2645475884631785     
        3729   1.2646088997705065     
        3730   1.2646227444748335     
        3731   1.2644482969116970     
        3732   1.2643221321533864     
        3733   1.2643321667543947     
        3734   1.2644355878320996     
        3735   1.2646038849234715     
        3736   1.2646147827830421     
        3737   1.2645657143622959     
        3738   1.2645155680065558     
        3739   1.2644811931082260     
        3740   1.2644160480623197     
        3741   1.2643588627537103     
        3742   1.2643805717683798     
        3743   1.2645357000374844     
        3744   1.2644980267123693     
        3745   1.2644311081263369     
        3746   1.2644140571423910     
        3747   1.2644120789730142     
        3748   1.2644433823652497     
        3749   1.2644446193994430     
        3750   1.2644675100884135     
        3751   1.2645186923969334     
        3752   1.2644313938635965     
        3753   1.2642906136391248     
        3754   1.2643241478678338     
        3755   1.2644902947641592     
        3756   1.2645194840083867     
        3757   1.2645270968754025     
        3758   1.2645225368606747     
        3759   1.2645692425394526     
        3760   1.2645633349644578     
        3761   1.2644843662328573     
        3762   1.2644937396176186     
        3763   1.2646371286672906     
        3764   1.2645502411303369     
        3765   1.2645114864756148     
        3766   1.2646009631819095     
        3767   1.2646352709720625     
        3768   1.2645522062938985     
        3769   1.2645408150650361     
        3770   1.2645383874362022     
        3771   1.2644643417425310     
        3772   1.2643233932423827     
        3773   1.2642027074281827     
        3774   1.2643575783940153     
        3775   1.2647577392946556     
        3776   1.2647917137290039     
        3777   1.2643750336660593     
        3778   1.2640833369810907     
        3779   1.2641945552957217     
        3780   1.2642838790203617     
        3781   1.2643630657664622     
        3782   1.2645006175197850     
        3783   1.2645232240982569     
        3784   1.2645652341157301     
        3785   1.2646471407687376     
        3786   1.2644462048434510     
        3787   1.2643003303773144     
        3788   1.2642474594795612     
        3789   1.2642737708461129     
        3790   1.2644764728088798     
        3791   1.2647543930008165     
        3792   1.2645732385678201     
        3793   1.2643954721031174     
        3794   1.2644359221793402     
        3795   1.2644993690358068     
        3796   1.2645373995252001     
        3797   1.2644561204633025     
        3798   1.2643928189207996     
        3799   1.2644898277920145     
        3800   1.2645479853828920     
        3801   1.2646450969043146     
        3802   1.2647058253644028     
        3803   1.2645471021978807     
        3804   1.2644125200616396     
        3805   1.2643771538163788     
        3806   1.2642791835749136     
        3807   1.2643285303116383     
        3808   1.2647183719577890     
        3809   1.2649922526271895     
        3810   1.2647255346205131     
        3811   1.2645363492380426     
        3812   1.2645155692620142     
        3813   1.2645425155681425     
        3814   1.2644741070756109     
        3815   1.2643684517991540     
        3816   1.2643559160922919     
        3817   1.2644261288220822     
        3818   1.2645949093422173     
        3819   1.2647950142334516     
        3820   1.2646725233678464     
        3821   1.2644961285729726     
        3822   1.2644647180563744     
        3823   1.2644114135665832     
        3824   1.2644817505020303     
        3825   1.2646239227128313     
        3826   1.2645486289855805     
        3827   1.2644317707301711     
        3828   1.2643436964118546     
        3829   1.2643017201741120     
        3830   1.2644378445968181     
        3831   1.2646455387519793     
        3832   1.2647292620849366     
        3833   1.2647824634689446     
        3834   1.2646007127593784     
        3835   1.2642052857881498     
        3836   1.2640074491170417     
        3837   1.2640974543127479     
        3838   1.2645177485464543     
        3839   1.2649446046780115     
        3840   1.2648485614551079     
        3841   1.2643648489693837     
        3842   1.2641140300318328     
        3843   1.2642426564119185     
        3844   1.2645223696853587     
        3845   1.2645558325369861     
        3846   1.2644778089691782     
        3847   1.2644637253829574     
        3848   1.2646230094930391     
        3849   1.2646243062002691     
        3850   1.2644129477894923     
        3851   1.2643631312517536     
        3852   1.2642919678416145     
        3853   1.2642305162589165     
        3854   1.2646109907355245     
        3855   1.2646597108031563     
        3856   1.2644600667233892     
        3857   1.2644284380101771     
        3858   1.2643107937335230     
        3859   1.2643073063334302     
        3860   1.2645176690050857     
        3861   1.2647159498193410     
        3862   1.2647230785052863     
        3863   1.2645425646035082     
        3864   1.2643163456295525     
        3865   1.2642326977419294     
        3866   1.2642105341641119     
        3867   1.2643417114632718     
        3868   1.2645166739200067     
        3869   1.2646030198643392     
        3870   1.2645702412790853     
        3871   1.2643986770262785     
        3872   1.2643332434999497     
        3873   1.2644788743206972     
        3874   1.2645598568504766     
        3875   1.2643175379208467     
        3876   1.2641512256195273     
        3877   1.2643047787235639     
        3878   1.2645333491079542     
        3879   1.2644482603734088     
        3880   1.2642693931259847     
        3881   1.2642447162132426     
        3882   1.2642656540610928     
        3883   1.2642707431472675     
        3884   1.2643538848353491     
        3885   1.2647412785182273     
        3886   1.2648455555563112     
        3887   1.2642820508183084     
        3888   1.2641058483537657     
        3889   1.2641042433751903     
        3890   1.2641674013219837     
        3891   1.2643024579177489     
        3892   1.2644946770039118     
        3893   1.2646032658745432     
        3894   1.2644346529232675     
        3895   1.2644271079013762     
        3896   1.2645024680208490     
        3897   1.2644952236134475     
        3898   1.2643428945803767     
        3899   1.2642845537470135     
        3900   1.2642882635328516     
        3901   1.2644615822561938     
        3902   1.2648058402638236     
        3903   1.2647728685484183     
        3904   1.2644184832760286     
        3905   1.2642118864731322     
        3906   1.2642812441224249     
        3907   1.2647805482982264     
        3908   1.2650144039944538     
        3909   1.2645105653717703     
        3910   1.2644466787781714     
        3911   1.2645129614381725     
        3912   1.2644558897485101     
        3913   1.2644499843684860     
        3914   1.2644688914856994     
        3915   1.2645358848158217     
        3916   1.2647044254083748     
        3917   1.2648462067364323     
        3918   1.2647205409428430     
        3919   1.2643402768965961     
        3920   1.2641600716523671     
        3921   1.2644360219297917     
        3922   1.2645235789798641     
        3923   1.2644399116190064     
        3924   1.2645401972710335     
        3925   1.2643280410007864     
        3926   1.2641284469987935     
        3927   1.2642393575028963     
        3928   1.2642770211906433     
        3929   1.2643143942023594     
        3930   1.2646296485229112     
        3931   1.2647879418858818     
        3932   1.2643890742721566     
        3933   1.2641270248720340     
        3934   1.2640331212552116     
        3935   1.2641617234356941     
        3936   1.2644351321058904     
        3937   1.2644512543166304     
        3938   1.2644914318583780     
        3939   1.2647331509944062     
        3940   1.2645687880177605     
        3941   1.2644634730567776     
        3942   1.2644494219274254     
        3943   1.2644243945808240     
        3944   1.2643164881678346     
        3945   1.2642990498538509     
        3946   1.2645327529462183     
        3947   1.2646831944503008     
        3948   1.2644960802153467     
        3949   1.2644548288025355     
        3950   1.2644355442448421     
        3951   1.2643158416769786     
        3952   1.2643999913622794     
        3953   1.2644668721013035     
        3954   1.2643450298723553     
        3955   1.2644355969206025     
        3956   1.2644800623905683     
        3957   1.2645499814564016     
        3958   1.2647070560005824     
        3959   1.2647528115976805     
        3960   1.2646510437178844     
        3961   1.2644329247278869     
        3962   1.2642803279684451     
        3963   1.2642914260622440     
        3964   1.2644053301167602     
        3965   1.2645906841489278     
        3966   1.2646922967418224     
        3967   1.2646097355333199     
        3968   1.2645439841732751     
        3969   1.2645093683446156     
        3970   1.2644050398819084     
        3971   1.2643765518834886     
        3972   1.2644822632699206     
        3973   1.2644743203437425     
        3974   1.2644037490271216     
        3975   1.2643855900421972     
        3976   1.2644669378229767     
        3977   1.2646230724399929     
        3978   1.2646540132294968     
        3979   1.2643726556229780     
        3980   1.2641870215588802     
        3981   1.2642980298450679     
        3982   1.2645912823311112     
        3983   1.2648153440537568     
        3984   1.2647005984246973     
        3985   1.2644089540512620     
        3986   1.2642602851390383     
        3987   1.2643011657330523     
        3988   1.2644704234595912     
        3989   1.2646828157167631     
        3990   1.2646985999631566     
        3991   1.2644159158100623     
        3992   1.2641357915083300     
        3993   1.2640752011741154     
        3994   1.2644298755385961     
        3995   1.2646816139896551     
        3996   1.2641558830308488     
        3997   1.2638737105965256     
        3998   1.2641614413133029     
        3999   1.2646292776109480     
        4000   1.2643761399331375     
