           1   1.5081507240750656     
           2   1.5083046615443985     
           3   1.5087150945564884     
           4   1.5093232219978248     
           5   1.5101304280184455     
           6   1.5111384731561361     
           7   1.5123494106605615     
           8   1.5137655317990737     
           9   1.5153893119302637     
          10   1.5172234909897242     
          11   1.5192710183034044     
          12   1.5215349609448952     
          13   1.5240184610726721     
          14   1.5267245571331869     
          15   1.5296560877705789     
          16   1.5328154292285066     
          17   1.5362039908117147     
          18   1.5398217925411335     
          19   1.5436669069060016     
          20   1.5477345680558026     
          21   1.5520160792859989     
          22   1.5564972950402889     
          23   1.5611566393919682     
          24   1.5659626429120406     
          25   1.5708710841330475     
          26   1.5758221896438340     
          27   1.5807390686572464     
          28   1.5855298457204816     
          29   1.5900971371822974     
          30   1.5943590151364082     
          31   1.5982813147679040     
          32   1.6019077130970756     
          33   1.6053560710878900     
          34   1.6087537844843485     
          35   1.6121368078819514     
          36   1.6153929182124034     
          37   1.6183055514882481     
          38   1.6206666822816742     
          39   1.6223822907212060     
          40   1.6235191381370524     
          41   1.6242809924668113     
          42   1.6249311672995574     
          43   1.6257006946486756     
          44   1.6267276781670683     
          45   1.6280558696186926     
          46   1.6296863104193902     
          47   1.6316426896372991     
          48   1.6340022491880029     
          49   1.6368741965934110     
          50   1.6403579082870055     
          51   1.6445308835511341     
          52   1.6494704282185306     
          53   1.6552579717644229     
          54   1.6619295069490836     
          55   1.6694029998518558     
          56   1.6774485824037217     
          57   1.6857301225223809     
          58   1.6938875321657532     
          59   1.7016104570866872     
          60   1.7086776776351205     
          61   1.7149648013183185     
          62   1.7204323080160770     
          63   1.7251043850229784     
          64   1.7290481548328724     
          65   1.7323637285926243     
          66   1.7351911065272270     
          67   1.7377268664025280     
          68   1.7402293410651422     
          69   1.7429907415540091     
          70   1.7462751996623476     
          71   1.7502482356745050     
          72   1.7549318661304643     
          73   1.7602019452891144     
          74   1.7658188627664151     
          75   1.7714745315609097     
          76   1.7768464766812053     
          77   1.7816522814441111     
          78   1.7856930950117749     
          79   1.7888791274926883     
          80   1.7912378757763276     
          81   1.7929029734911217     
          82   1.7940797498146182     
          83   1.7950002404485490     
          84   1.7958987478297446     
          85   1.7970225038565135     
          86   1.7986412595218857     
          87   1.8009980315717811     
          88   1.8042030418141477     
          89   1.8081553450724581     
          90   1.8125681178172439     
          91   1.8170790748511267     
          92   1.8213682839963261     
          93   1.8252310286706090     
          94   1.8285995143844556     
          95   1.8315230541995637     
          96   1.8341138553745957     
          97   1.8364747783596078     
          98   1.8386452805512510     
          99   1.8406019726865637     
         100   1.8423173637637387     
         101   1.8438415027538064     
         102   1.8453591040405168     
         103   1.8471832271387094     
         104   1.8496646293068484     
         105   1.8530386584985146     
         106   1.8572894301157130     
         107   1.8621234939736224     
         108   1.8670749818938301     
         109   1.8716728726468754     
         110   1.8755806281890011     
         111   1.8786641430420430     
         112   1.8809880126178169     
         113   1.8827571898135917     
         114   1.8842303992621976     
         115   1.8856423481516544     
         116   1.8871649697734358     
         117   1.8889092765146840     
         118   1.8909432257393060     
         119   1.8932983075418879     
         120   1.8959551832050601     
         121   1.8988215042524421     
         122   1.9017277817496294     
         123   1.9044565333177526     
         124   1.9067944971113930     
         125   1.9085824688401503     
         126   1.9097439260756763     
         127   1.9102881060260397     
         128   1.9102879226412934     
         129   1.9098332185292841     
         130   1.9089715713112958     
         131   1.9076724732520196     
         132   1.9058570837113802     
         133   1.9034972603927482     
         134   1.9007240352056893     
         135   1.8978591543198133     
         136   1.8953336353791863     
         137   1.8935450471633322     
         138   1.8927392934450007     
         139   1.8929553920493909     
         140   1.8940254402224863     
         141   1.8956273922449460     
         142   1.8973986383197026     
         143   1.8990868203770332     
         144   1.9006596949976582     
         145   1.9022841235579753     
         146   1.9041612847210729     
         147   1.9063298579891244     
         148   1.9085917871628355     
         149   1.9106102383372383     
         150   1.9120906480297715     
         151   1.9129235563732743     
         152   1.9132289698713949     
         153   1.9133075531533301     
         154   1.9135374256541111     
         155   1.9142639568172695     
         156   1.9157209604828809     
         157   1.9179959786062417     
         158   1.9210273807342517     
         159   1.9246206283976335     
         160   1.9284896845707491     
         161   1.9323339395166921     
         162   1.9359280992781942     
         163   1.9391603551610586     
         164   1.9419704537086133     
         165   1.9442415036181460     
         166   1.9457771753445863     
         167   1.9464061614328287     
         168   1.9461026042628056     
         169   1.9450101772344575     
         170   1.9433734015102095     
         171   1.9414459053672339     
         172   1.9394271595802248     
         173   1.9374401377734838     
         174   1.9355456670836573     
         175   1.9337873168892350     
         176   1.9322410848380283     
         177   1.9310214932529970     
         178   1.9302268041425732     
         179   1.9298759631855342     
         180   1.9299052175758611     
         181   1.9302309490065932     
         182   1.9308278141161448     
         183   1.9317646331176757     
         184   1.9331679421513908     
         185   1.9351299006388241     
         186   1.9376233961094984     
         187   1.9404818614125425     
         188   1.9434398754423807     
         189   1.9461902476432604     
         190   1.9484315099028811     
         191   1.9499099059050513     
         192   1.9504625686533843     
         193   1.9500561789001847     
         194   1.9488114081366310     
         195   1.9470062270903876     
         196   1.9450471334599995     
         197   1.9433929226772815     
         198   1.9424391117026139     
         199   1.9424234079667280     
         200   1.9434200195998472     
         201   1.9454053129446274     
         202   1.9482984691386855     
         203   1.9519270712014483     
         204   1.9559823724521657     
         205   1.9600540058815610     
         206   1.9637410935848716     
         207   1.9667547404165702     
         208   1.9689421803447125     
         209   1.9702329317139944     
         210   1.9705647221558085     
         211   1.9698557389093059     
         212   1.9680499681307224     
         213   1.9652085811502238     
         214   1.9615908743628092     
         215   1.9576693281466797     
         216   1.9540442534293849     
         217   1.9512698648380853     
         218   1.9496737851933839     
         219   1.9492879677838482     
         220   1.9499375973197053     
         221   1.9513970378841525     
         222   1.9534735438832724     
         223   1.9559819835710490     
         224   1.9586923887538910     
         225   1.9613338769836659     
         226   1.9636554064231639     
         227   1.9654842700843878     
         228   1.9667345583615496     
         229   1.9673709826093655     
         230   1.9673749271237959     
         231   1.9667534015358121     
         232   1.9655867294710438     
         233   1.9640721815359352     
         234   1.9625154016439661     
         235   1.9612464578590816     
         236   1.9604873287064739     
         237   1.9602576682353761     
         238   1.9604141053664406     
         239   1.9608117582658857     
         240   1.9614432991072988     
         241   1.9624313266662137     
         242   1.9638994100090570     
         243   1.9658260807434400     
         244   1.9679735474229771     
         245   1.9699504824639231     
         246   1.9713661016246189     
         247   1.9719569081802095     
         248   1.9716351634593139     
         249   1.9704774772827711     
         250   1.9686650686770319     
         251   1.9664115925927199     
         252   1.9639528510773108     
         253   1.9615855755716265     
         254   1.9596420290551588     
         255   1.9583794127349889     
         256   1.9578903113884731     
         257   1.9581050049245741     
         258   1.9588749770708789     
         259   1.9600911016318161     
         260   1.9617574371531050     
         261   1.9639566096561949     
         262   1.9667306995960872     
         263   1.9699661055094164     
         264   1.9733536415853032     
         265   1.9764422642598736     
         266   1.9787655461636762     
         267   1.9799940710234913     
         268   1.9800548307202723     
         269   1.9791738372788288     
         270   1.9778274970994683     
         271   1.9766126781257045     
         272   1.9760736868595894     
         273   1.9765551491799318     
         274   1.9781412599656010     
         275   1.9806857244643208     
         276   1.9838885236697228     
         277   1.9873773146369986     
         278   1.9907798402050472     
         279   1.9937896791657546     
         280   1.9962216189667668     
         281   1.9980352281230429     
         282   1.9993025573556922     
         283   2.0001274286528985     
         284   2.0005648701842604     
         285   2.0005902370653339     
         286   2.0001232563694087     
         287   1.9990737751492240     
         288   1.9973797296796492     
         289   1.9950355813221987     
         290   1.9921283406002541     
         291   1.9888889315474467     
         292   1.9857247810289835     
         293   1.9831561305014687     
         294   1.9816142537827943     
         295   1.9812115594136559     
         296   1.9816907616499759     
         297   1.9826009888309766     
         298   1.9835174732189254     
         299   1.9841415912220612     
         300   1.9842994082410761     
         301   1.9839317626824924     
         302   1.9831107082533106     
         303   1.9820459915881941     
         304   1.9810346455191536     
         305   1.9803530595738172     
         306   1.9801514455591742     
         307   1.9804309120519663     
         308   1.9811237396662895     
         309   1.9821989148079975     
         310   1.9836910169898385     
         311   1.9856323942466962     
         312   1.9879575956614914     
         313   1.9904693130281790     
         314   1.9929075957269355     
         315   1.9950784092819178     
         316   1.9969464684504323     
         317   1.9986344094322013     
         318   2.0003423072521112     
         319   2.0022410700290565     
         320   2.0043959834034935     
         321   2.0067519224243093     
         322   2.0091717962128945     
         323   2.0114937868087917     
         324   2.0135803950066351     
         325   2.0153511109931270     
         326   2.0167916733306006     
         327   2.0179295844371365     
         328   2.0187844194708635     
         329   2.0193283959360544     
         330   2.0194868189869135     
         331   2.0191743273559886     
         332   2.0183442230533597     
         333   2.0170328588273247     
         334   2.0153868397869354     
         335   2.0136575706351270     
         336   2.0121478903689978     
         337   2.0111130798576720     
         338   2.0106505946371374     
         339   2.0106417576869933     
         340   2.0108020343474791     
         341   2.0108365281493517     
         342   2.0106159130451520     
         343   2.0102501523375351     
         344   2.0099890074030862     
         345   2.0100151215349933     
         346   2.0103100840628016     
         347   2.0107015565360609     
         348   2.0110117151647806     
         349   2.0111689709491474     
         350   2.0112254859718321     
         351   2.0112931986167988     
         352   2.0114415578344835     
         353   2.0116258323891620     
         354   2.0117058838905453     
         355   2.0115412967972914     
         356   2.0110800927141139     
         357   2.0103782322248223     
         358   2.0095622252181227     
         359   2.0087843574931648     
         360   2.0081956753917312     
         361   2.0079334080877542     
         362   2.0081209276011553     
         363   2.0088793263420808     
         364   2.0103258901586605     
         365   2.0125162082033170     
         366   2.0153311828489420     
         367   2.0184115468333768     
         368   2.0212545861635038     
         369   2.0234235231581876     
         370   2.0246894019822603     
         371   2.0250174323127883     
         372   2.0244770165155366     
         373   2.0231905272772401     
         374   2.0213469768087879     
         375   2.0192297385549098     
         376   2.0172108259603778     
         377   2.0156947242236547     
         378   2.0150143349077130     
         379   2.0153331963241827     
         380   2.0166531814385955     
         381   2.0189277814240589     
         382   2.0221163381928684     
         383   2.0260599231914860     
         384   2.0303223755971889     
         385   2.0342476201829851     
         386   2.0372347480895008     
         387   2.0389822067555938     
         388   2.0395294237575854     
         389   2.0391314182166429     
         390   2.0380843101254835     
         391   2.0366007209040204     
         392   2.0347872854495042     
         393   2.0327069246168175     
         394   2.0304526918799972     
         395   2.0281695537772353     
         396   2.0260180849894596     
         397   2.0241218193258717     
         398   2.0225425030127999     
         399   2.0212887256066869     
         400   2.0203266510000870     
         401   2.0195720714775027     
         402   2.0188876540563894     
         403   2.0181293228740884     
         404   2.0172516045643540     
         405   2.0164281290677324     
         406   2.0161026574527194     
         407   2.0168619154485801     
         408   2.0190873249370482     
         409   2.0225946260331136     
         410   2.0266566583362065     
         411   2.0304653339990053     
         412   2.0335705615554907     
         413   2.0359258900499708     
         414   2.0376621330873417     
         415   2.0388951575363858     
         416   2.0396850892235445     
         417   2.0400676049641646     
         418   2.0400668987300454     
         419   2.0396866763970332     
         420   2.0389191695044344     
         421   2.0377818202278881     
         422   2.0363494444503463     
         423   2.0347490218589499     
         424   2.0331183643310284     
         425   2.0315648728837448     
         426   2.0301732815092648     
         427   2.0290742512087347     
         428   2.0285067160164587     
         429   2.0287749050914017     
         430   2.0300778713946190     
         431   2.0323167903783346     
         432   2.0350355708025054     
         433   2.0375554042675290     
         434   2.0392099877692882     
         435   2.0395345767845812     
         436   2.0383423596638788     
         437   2.0357220409109207     
         438   2.0320161842948115     
         439   2.0277983226065062     
         440   2.0238148642000859     
         441   2.0208469992172087     
         442   2.0195016541827586     
         443   2.0200226735893509     
         444   2.0222373850049338     
         445   2.0256736962829525     
         446   2.0297624391733007     
         447   2.0339918558268488     
         448   2.0379550834997024     
         449   2.0413510543411646     
         450   2.0440186856756815     
         451   2.0459878109867282     
         452   2.0474672042268596     
         453   2.0487236570527765     
         454   2.0498768062441353     
         455   2.0507334303055993     
         456   2.0508445615727435     
         457   2.0498173482214774     
         458   2.0476685170241828     
         459   2.0449429696996266     
         460   2.0424533316713043     
         461   2.0408061908395934     
         462   2.0401426702779943     
         463   2.0402684381082721     
         464   2.0409018787831266     
         465   2.0417852539961241     
         466   2.0426743928688418     
         467   2.0433202717926746     
         468   2.0434940771510299     
         469   2.0430423132717244     
         470   2.0419449707187582     
         471   2.0403555470857735     
         472   2.0385916804322268     
         473   2.0370435344428701     
         474   2.0360251092087505     
         475   2.0356766604911782     
         476   2.0360053937262519     
         477   2.0370072637070491     
         478   2.0387193772194054     
         479   2.0411322458910583     
         480   2.0440550725855160     
         481   2.0470866854889445     
         482   2.0497268548333198     
         483   2.0515260168834750     
         484   2.0521779702072624     
         485   2.0515491784632163     
         486   2.0496834668416213     
         487   2.0468035556556998     
         488   2.0432955684561551     
         489   2.0396540246560106     
         490   2.0363946432978133     
         491   2.0339715778989809     
         492   2.0327241448225299     
         493   2.0328480205480135     
         494   2.0343780581292554     
         495   2.0371807527524779     
         496   2.0409665067417020     
         497   2.0453400731377549     
         498   2.0498959306554636     
         499   2.0543166036087088     
         500   2.0583905874234270     
         501   2.0619281622238184     
         502   2.0646827753234822     
         503   2.0663848140508829     
         504   2.0668454042052020     
         505   2.0660179769928924     
         506   2.0639769476289809     
         507   2.0608450083338972     
         508   2.0567220785035532     
         509   2.0516764925488968     
         510   2.0458345703071381     
         511   2.0395168754068735     
         512   2.0332764265709775     
         513   2.0277331657923141     
         514   2.0233207452428741     
         515   2.0201919399123742     
         516   2.0183147785372619     
         517   2.0175893577728923     
         518   2.0179103180125657     
         519   2.0191877479680680     
         520   2.0213179384080657     
         521   2.0241318936554911     
         522   2.0273815191788276     
         523   2.0307675017904825     
         524   2.0339679445049876     
         525   2.0366545883400073     
         526   2.0385167471192345     
         527   2.0393040829898563     
         528   2.0388775651268052     
         529   2.0372554192101453     
         530   2.0346468036808179     
         531   2.0314578106836119     
         532   2.0282402431774016     
         533   2.0255607904109474     
         534   2.0238140993595177     
         535   2.0230736767670643     
         536   2.0230976683963253     
         537   2.0235161250073057     
         538   2.0240813903296906     
         539   2.0248027743467789     
         540   2.0258693814463067     
         541   2.0274310648209997     
         542   2.0294256449214036     
         543   2.0315801810557335     
         544   2.0335429776214560     
         545   2.0350286425299489     
         546   2.0359024978571796     
         547   2.0361847556934984     
         548   2.0359897190650069     
         549   2.0354409916621323     
         550   2.0346181898977900     
         551   2.0335853194876345     
         552   2.0325007550975331     
         553   2.0317148029137280     
         554   2.0317111983259992     
         555   2.0328585600788753     
         556   2.0351485691552047     
         557   2.0381374608838319     
         558   2.0410939500084027     
         559   2.0431945755009275     
         560   2.0436771269589431     
         561   2.0420018371154041     
         562   2.0381105465007971     
         563   2.0327278958923238     
         564   2.0273142825217358     
         565   2.0232916567042221     
         566   2.0211444015596265     
         567   2.0204512295117989     
         568   2.0205446025479299     
         569   2.0208658818959000     
         570   2.0209730047727366     
         571   2.0205342298831592     
         572   2.0193742269960788     
         573   2.0174965689730033     
         574   2.0150493244120411     
         575   2.0122588236662131     
         576   2.0093689808654966     
         577   2.0065995260379212     
         578   2.0041105837553621     
         579   2.0019680538214986     
         580   2.0001409452869843     
         581   1.9985745457006627     
         582   1.9973210101632042     
         583   1.9966049452855130     
         584   1.9967078576674790     
         585   1.9977666295419461     
         586   1.9997261224265064     
         587   2.0024764894870883     
         588   2.0059618436305571     
         589   2.0101288652765428     
         590   2.0147951601757397     
         591   2.0195961245835421     
         592   2.0240884371589694     
         593   2.0279331236640865     
         594   2.0309961833363399     
         595   2.0332769443119232     
         596   2.0347367374514653     
         597   2.0351957644775025     
         598   2.0343963028897063     
         599   2.0321798033888654     
         600   2.0286640326415761     
         601   2.0243459888415121     
         602   2.0200735334382331     
         603   2.0168157261969859     
         604   2.0152631396335674     
         605   2.0154971814780551     
         606   2.0170036685335448     
         607   2.0190492985679169     
         608   2.0211499737435421     
         609   2.0232866215936163     
         610   2.0257169943375639     
         611   2.0285986318268874     
         612   2.0318009990853194     
         613   2.0349987493115931     
         614   2.0378457285874738     
         615   2.0400799355109198     
         616   2.0415485063222403     
         617   2.0421896715254024     
         618   2.0420297871564959     
         619   2.0412460772675232     
         620   2.0402355070863529     
         621   2.0394929180628156     
         622   2.0392659494194465     
         623   2.0393789083184410     
         624   2.0394939314267204     
         625   2.0394525905403604     
         626   2.0393256882376987     
         627   2.0392652867836629     
         628   2.0393750157329631     
         629   2.0396528036352164     
         630   2.0399856700496146     
         631   2.0401995426352904     
         632   2.0401500926725800     
         633   2.0398025192983162     
         634   2.0392599700610630     
         635   2.0387221047704083     
         636   2.0383776359432506     
         637   2.0383095419075352     
         638   2.0385156567980580     
         639   2.0389917500949721     
         640   2.0397220035274692     
         641   2.0406004824422070     
         642   2.0414572225024163     
         643   2.0422037353605074     
         644   2.0429299227672533     
         645   2.0438499683437374     
         646   2.0451402827850234     
         647   2.0467676945020825     
         648   2.0484297448501079     
         649   2.0496928183441052     
         650   2.0502427478000742     
         651   2.0500583862528190     
         652   2.0494092253947760     
         653   2.0486974928543034     
         654   2.0482429301835441     
         655   2.0481604736957570     
         656   2.0484143787087472     
         657   2.0489637395145746     
         658   2.0498398279952803     
         659   2.0510876023532054     
         660   2.0526504297835344     
         661   2.0543339337077233     
         662   2.0558872386695168     
         663   2.0571110947394851     
         664   2.0579054114402093     
         665   2.0582576722754418     
         666   2.0582146831531216     
         667   2.0578618075673836     
         668   2.0573127054556619     
         669   2.0567003270788642     
         670   2.0561501694179793     
         671   2.0557240643903718     
         672   2.0553563990745154     
         673   2.0548454544598505     
         674   2.0539598937209633     
         675   2.0526109035510718     
         676   2.0509203381079750     
         677   2.0491049748161640     
         678   2.0473180521444911     
         679   2.0456305820014200     
         680   2.0441566044124357     
         681   2.0431684178943654     
         682   2.0430566233604770     
         683   2.0441349673914417     
         684   2.0464555729796352     
         685   2.0497948544306857     
         686   2.0537684485140102     
         687   2.0579173549854195     
         688   2.0617267500327836     
         689   2.0646766896827744     
         690   2.0663907720103287     
         691   2.0668206698768889     
         692   2.0663272476058521     
         693   2.0655465782820879     
         694   2.0650774134861094     
         695   2.0652137570837770     
         696   2.0659226117480443     
         697   2.0670054058245384     
         698   2.0682286932692655     
         699   2.0693274345008712     
         700   2.0699607199013528     
         701   2.0697365048381147     
         702   2.0683375172556278     
         703   2.0656912291384164     
         704   2.0620899410179869     
         705   2.0581655425480978     
         706   2.0546672889798558     
         707   2.0521361386087706     
         708   2.0507134857441955     
         709   2.0502235470552206     
         710   2.0504080563246818     
         711   2.0511050285926817     
         712   2.0522860239837737     
         713   2.0540061748319483     
         714   2.0563506092480779     
         715   2.0593585998894306     
         716   2.0628526259615492     
         717   2.0663010608301895     
         718   2.0689716881216431     
         719   2.0703176275878605     
         720   2.0702568094693778     
         721   2.0691514296591444     
         722   2.0675550084891299     
         723   2.0659396391375240     
         724   2.0645896878898582     
         725   2.0636543430619785     
         726   2.0632189122106381     
         727   2.0633209096047365     
         728   2.0639381462071364     
         729   2.0649802549806759     
         730   2.0662802505657307     
         731   2.0675906267279127     
         732   2.0686157202318554     
         733   2.0690940511338001     
         734   2.0688901733106357     
         735   2.0680268182434283     
         736   2.0666252475354763     
         737   2.0648066615096754     
         738   2.0626568329902963     
         739   2.0602946464063012     
         740   2.0579594378427162     
         741   2.0559845483246089     
         742   2.0546299647720945     
         743   2.0539117249698999     
         744   2.0536009461545457     
         745   2.0534104687920727     
         746   2.0532166461038242     
         747   2.0531300553524510     
         748   2.0533338531398444     
         749   2.0538288246162448     
         750   2.0543588480850397     
         751   2.0545965953688459     
         752   2.0543961848616168     
         753   2.0539265989543245     
         754   2.0536451636049717     
         755   2.0541244270067991     
         756   2.0557762795304213     
         757   2.0586192715450595     
         758   2.0622643649128056     
         759   2.0661217046554028     
         760   2.0696513257138887     
         761   2.0724945738815155     
         762   2.0744623665820208     
         763   2.0754696944391138     
         764   2.0755028900912906     
         765   2.0746194174743069     
         766   2.0729349726130786     
         767   2.0705912106665321     
         768   2.0677354195311759     
         769   2.0645304774234203     
         770   2.0611836002889778     
         771   2.0579662024099989     
         772   2.0551940221783207     
         773   2.0531545620968989     
         774   2.0520170813566216     
         775   2.0517852312246201     
         776   2.0523050582266151     
         777   2.0532970879446646     
         778   2.0544046128720206     
         779   2.0552682247353262     
         780   2.0556045777830456     
         781   2.0552524931736627     
         782   2.0541878746634077     
         783   2.0525349910318273     
         784   2.0505621030915497     
         785   2.0486077054402796     
         786   2.0469426620923561     
         787   2.0456932261627840     
         788   2.0449118631502770     
         789   2.0446626323454313     
         790   2.0449572939354010     
         791   2.0456441935411847     
         792   2.0464611383105971     
         793   2.0472221725898510     
         794   2.0479233315309013     
         795   2.0486738199179344     
         796   2.0495489336316650     
         797   2.0504939895687966     
         798   2.0513226177634878     
         799   2.0517769611068393     
         800   2.0516067788436456     
         801   2.0506433775636488     
         802   2.0488518340303590     
         803   2.0463415300737147     
         804   2.0433069581238326     
         805   2.0398912197399111     
         806   2.0360702168810598     
         807   2.0317379935753839     
         808   2.0270256264955786     
         809   2.0226033153303358     
         810   2.0195860456545209     
         811   2.0188682423731819     
         812   2.0203602282920068     
         813   2.0230018063358544     
         814   2.0255848464243709     
         815   2.0274713498009787     
         816   2.0286621541334715     
         817   2.0294356610789950     
         818   2.0299805560803894     
         819   2.0302735341563878     
         820   2.0302088251227040     
         821   2.0298326229556447     
         822   2.0295169548028760     
         823   2.0299298644871784     
         824   2.0317341800284470     
         825   2.0351742237976786     
         826   2.0398904683503627     
         827   2.0451189689782683     
         828   2.0500648559793251     
         829   2.0541508409138243     
         830   2.0570648190191694     
         831   2.0587217131164075     
         832   2.0592379848530706     
         833   2.0589062499248501     
         834   2.0581121340349813     
         835   2.0572017232852602     
         836   2.0563957965952420     
         837   2.0558150217077471     
         838   2.0555453718677432     
         839   2.0556322096220674     
         840   2.0560106507163121     
         841   2.0564804626651041     
         842   2.0567801331212738     
         843   2.0567038625724701     
         844   2.0561842456457393     
         845   2.0553137458751571     
         846   2.0543030569448359     
         847   2.0533790463197334     
         848   2.0526770768641276     
         849   2.0522266460544709     
         850   2.0520435452426624     
         851   2.0522114760861112     
         852   2.0528461354766847     
         853   2.0539676542919989     
         854   2.0554049414307229     
         855   2.0568199317086275     
         856   2.0578241869585518     
         857   2.0580993418271665     
         858   2.0574641282859623     
         859   2.0558807206149479     
         860   2.0534191300900888     
         861   2.0502149829207226     
         862   2.0464543827883319     
         863   2.0423869410081714     
         864   2.0383341891250275     
         865   2.0346448662911167     
         866   2.0315718775683611     
         867   2.0291845136209825     
         868   2.0275281076847538     
         869   2.0269477180669622     
         870   2.0280795896348800     
         871   2.0312705601798937     
         872   2.0360575780773451     
         873   2.0414258996308576     
         874   2.0464848342225661     
         875   2.0508014775593080     
         876   2.0543050446524416     
         877   2.0570689679667806     
         878   2.0591598829113060     
         879   2.0605886038771839     
         880   2.0613429966129644     
         881   2.0614594443846630     
         882   2.0610784952060728     
         883   2.0604482552162700     
         884   2.0598714675061958     
         885   2.0596155233201481     
         886   2.0598199535033914     
         887   2.0604448658191448     
         888   2.0612931101045389     
         889   2.0621014467924499     
         890   2.0626511535840510     
         891   2.0628406553398682     
         892   2.0627014425642640     
         893   2.0623752071505344     
         894   2.0620659737976150     
         895   2.0619618494957348     
         896   2.0621334752672125     
         897   2.0624614873817899     
         898   2.0626637518554665     
         899   2.0624168495948680     
         900   2.0614753280749984     
         901   2.0597227789301091     
         902   2.0571761881039805     
         903   2.0539834267725787     
         904   2.0504180201614237     
         905   2.0468421769821172     
         906   2.0436057073235632     
         907   2.0409111035665446     
         908   2.0387589239626882     
         909   2.0370436091972408     
         910   2.0357106983919291     
         911   2.0348337289349372     
         912   2.0345765177288153     
         913   2.0351028200685048     
         914   2.0364965996837499     
         915   2.0387180945984626     
         916   2.0415967037622482     
         917   2.0448544151453207     
         918   2.0481493138896498     
         919   2.0511276232366948     
         920   2.0534776904339633     
         921   2.0549822811877609     
         922   2.0555603643202223     
         923   2.0552823319950901     
         924   2.0543454965995345     
         925   2.0530114907036139     
         926   2.0515253122963650     
         927   2.0500489557920827     
         928   2.0486366083229139     
         929   2.0472543268743308     
         930   2.0458264708826910     
         931   2.0442885267938844     
         932   2.0426363476342830     
         933   2.0409709609225204     
         934   2.0395286011359977     
         935   2.0386434007167029     
         936   2.0385801987997683     
         937   2.0393158043894219     
         938   2.0404971584216125     
         939   2.0416478112786010     
         940   2.0424183510917850     
         941   2.0426962126258150     
         942   2.0425761901211623     
         943   2.0422574636733213     
         944   2.0419100676448116     
         945   2.0415616156278200     
         946   2.0410767674603481     
         947   2.0402630088266860     
         948   2.0390400329894902     
         949   2.0375519684312282     
         950   2.0361373725594683     
         951   2.0351669764649882     
         952   2.0348574615879076     
         953   2.0351989282800682     
         954   2.0360407260719642     
         955   2.0372394658757211     
         956   2.0387353538243578     
         957   2.0405123040596322     
         958   2.0425010739257186     
         959   2.0445134308208588     
         960   2.0462563778779965     
         961   2.0474229737993799     
         962   2.0478158977635323     
         963   2.0474376472232581     
         964   2.0464938438942992     
         965   2.0453032860063165     
         966   2.0441612304392680     
         967   2.0432328290273492     
         968   2.0425407363302956     
         969   2.0420405948955258     
         970   2.0416920692494887     
         971   2.0414414683584448     
         972   2.0411598491240244     
         973   2.0406553935840259     
         974   2.0397752804263565     
         975   2.0384953696946408     
         976   2.0369294096439789     
         977   2.0352786646534788     
         978   2.0337714808837895     
         979   2.0326204048339296     
         980   2.0319956924911131     
         981   2.0320028251575275     
         982   2.0326622717827920     
         983   2.0339042750124463     
         984   2.0355901298420460     
         985   2.0375548199723426     
         986   2.0396525872115578     
         987   2.0417894901549829     
         988   2.0439342750330916     
         989   2.0460936449195040     
         990   2.0482382238943444     
         991   2.0502129291120266     
         992   2.0517393647315285     
         993   2.0525886444850046     
         994   2.0527996315873276     
         995   2.0526454061419352     
         996   2.0522871919714860     
         997   2.0515544621747548     
         998   2.0501716789703295     
         999   2.0481009067297071     
        1000   2.0456037380981149     
        1001   2.0430521135864486     
        1002   2.0407134460961518     
        1003   2.0386812693174705     
        1004   2.0369779529997309     
        1005   2.0356923795713229     
        1006   2.0349860637825565     
        1007   2.0349464093388216     
        1008   2.0354307106391643     
        1009   2.0360678162954104     
        1010   2.0364307703982196     
        1011   2.0362327579965682     
        1012   2.0354161951979419     
        1013   2.0341309431578609     
        1014   2.0326551934034538     
        1015   2.0312903832935372     
        1016   2.0302583445616817     
        1017   2.0296515551784755     
        1018   2.0294626322202456     
        1019   2.0296629947425737     
        1020   2.0302856360583870     
        1021   2.0314671784767295     
        1022   2.0333908957200495     
        1023   2.0361203114147606     
        1024   2.0394453586298917     
        1025   2.0429092526510706     
        1026   2.0460140827358555     
        1027   2.0484209248376199     
        1028   2.0500046241137615     
        1029   2.0507975189585550     
        1030   2.0509362256345409     
        1031   2.0506561621292980     
        1032   2.0502674871057143     
        1033   2.0500391706305643     
        1034   2.0500505187978382     
        1035   2.0501619753161595     
        1036   2.0501381333400719     
        1037   2.0497954053416172     
        1038   2.0490702345039082     
        1039   2.0480173851263666     
        1040   2.0467879416969490     
        1041   2.0456052940581579     
        1042   2.0447250951556719     
        1043   2.0443727438854484     
        1044   2.0446848558147366     
        1045   2.0456859440299797     
        1046   2.0472891071429888     
        1047   2.0492835356130472     
        1048   2.0513234649753787     
        1049   2.0529869954049245     
        1050   2.0539158324337423     
        1051   2.0539489422868757     
        1052   2.0531626871658539     
        1053   2.0518036837213312     
        1054   2.0501645659657415     
        1055   2.0484784572218304     
        1056   2.0468819121394577     
        1057   2.0454365344930503     
        1058   2.0441707783764129     
        1059   2.0431142340198067     
        1060   2.0423047890476811     
        1061   2.0417606242368791     
        1062   2.0414322159158647     
        1063   2.0411637177855098     
        1064   2.0406936902876671     
        1065   2.0397159545399215     
        1066   2.0379947862257266     
        1067   2.0354915380943135     
        1068   2.0324427795498710     
        1069   2.0293459456739478     
        1070   2.0268432656759150     
        1071   2.0255324067703033     
        1072   2.0257633405672006     
        1073   2.0274987683872570     
        1074   2.0303064320985058     
        1075   2.0335083078238387     
        1076   2.0364406950971232     
        1077   2.0387122507587687     
        1078   2.0403299867488704     
        1079   2.0416165591611413     
        1080   2.0429583366867892     
        1081   2.0445432529045950     
        1082   2.0462673723962022     
        1083   2.0478599232292156     
        1084   2.0491023630978225     
        1085   2.0499674462339494     
        1086   2.0505993174806738     
        1087   2.0511781869194348     
        1088   2.0517775305967878     
        1089   2.0523099770345401     
        1090   2.0525843698409445     
        1091   2.0524194066862123     
        1092   2.0517408926603000     
        1093   2.0506239593071895     
        1094   2.0492771970100905     
        1095   2.0479809356167320     
        1096   2.0470025131755247     
        1097   2.0465247422692383     
        1098   2.0466232459262943     
        1099   2.0472971103795299     
        1100   2.0485115953909423     
        1101   2.0501992142298153     
        1102   2.0522132886248823     
        1103   2.0542890975639421     
        1104   2.0560660678136560     
        1105   2.0571661712111267     
        1106   2.0572844899102836     
        1107   2.0562574354884520     
        1108   2.0540992422755280     
        1109   2.0510131133786813     
        1110   2.0473826325638496     
        1111   2.0437298592038995     
        1112   2.0406098502699659     
        1113   2.0384460761249774     
        1114   2.0373918567158000     
        1115   2.0373108620345795     
        1116   2.0378711006703276     
        1117   2.0386770459951045     
        1118   2.0393744084993037     
        1119   2.0396897402294583     
        1120   2.0394088362349589     
        1121   2.0383488683118247     
        1122   2.0363881451096741     
        1123   2.0335662942134847     
        1124   2.0301913906453897     
        1125   2.0268553712057895     
        1126   2.0242999313286534     
        1127   2.0231612540476442     
        1128   2.0237145404218864     
        1129   2.0257841695422591     
        1130   2.0288889038504152     
        1131   2.0325032795988776     
        1132   2.0362488999874215     
        1133   2.0399339605877098     
        1134   2.0434841936691397     
        1135   2.0468518391214214     
        1136   2.0499672468567103     
        1137   2.0527496255044269     
        1138   2.0551483639505954     
        1139   2.0571701839787444     
        1140   2.0588666929255344     
        1141   2.0602943781250125     
        1142   2.0614834531631772     
        1143   2.0624423420676865     
        1144   2.0631947528903081     
        1145   2.0638262101387213     
        1146   2.0645094949858578     
        1147   2.0654646757972719     
        1148   2.0668232597419398     
        1149   2.0684695442537655     
        1150   2.0700170043245225     
        1151   2.0709589580045336     
        1152   2.0708526795558972     
        1153   2.0694182620217529     
        1154   2.0665718791273928     
        1155   2.0624665156869382     
        1156   2.0575603857327081     
        1157   2.0526362136023804     
        1158   2.0486412954253810     
        1159   2.0463292119218965     
        1160   2.0459248793214693     
        1161   2.0470993803287927     
        1162   2.0492476049047474     
        1163   2.0517638217781315     
        1164   2.0541353298588132     
        1165   2.0559819334683609     
        1166   2.0571411793242604     
        1167   2.0576882267451695     
        1168   2.0578235094285837     
        1169   2.0577262810978176     
        1170   2.0574811763952141     
        1171   2.0571062348051510     
        1172   2.0566488542689112     
        1173   2.0562604098984205     
        1174   2.0561474839146716     
        1175   2.0564030655416810     
        1176   2.0568792106342384     
        1177   2.0572550810436327     
        1178   2.0572442040032137     
        1179   2.0567480150321669     
        1180   2.0558480332463707     
        1181   2.0546842447924161     
        1182   2.0533438099334780     
        1183   2.0518502976534547     
        1184   2.0502449956387077     
        1185   2.0486749332291727     
        1186   2.0474023614877250     
        1187   2.0467260033739940     
        1188   2.0468863713549124     
        1189   2.0480232250351622     
        1190   2.0501617717725509     
        1191   2.0531661794934020     
        1192   2.0567002738737288     
        1193   2.0603039652269048     
        1194   2.0635785274423935     
        1195   2.0663442327142989     
        1196   2.0686677270024934     
        1197   2.0707637112772623     
        1198   2.0728380147460590     
        1199   2.0749570680449523     
        1200   2.0770066996011760     
        1201   2.0787413097984584     
        1202   2.0798762145711991     
        1203   2.0801776131951857     
        1204   2.0795230550595725     
        1205   2.0779160221517272     
        1206   2.0754534302571988     
        1207   2.0722690132561699     
        1208   2.0684912300790796     
        1209   2.0642475992933140     
        1210   2.0597185697109297     
        1211   2.0552029863615564     
        1212   2.0511340122691877     
        1213   2.0480088902040543     
        1214   2.0462493933849171     
        1215   2.0460517169080710     
        1216   2.0473136691056988     
        1217   2.0497121943405503     
        1218   2.0528909979530785     
        1219   2.0566072485892564     
        1220   2.0607335085264902     
        1221   2.0651579887021470     
        1222   2.0697013036441403     
        1223   2.0741239043075859     
        1224   2.0782065192037580     
        1225   2.0818278636421752     
        1226   2.0849759205065523     
        1227   2.0876869515959631     
        1228   2.0899660731023859     
        1229   2.0917608364401401     
        1230   2.0930057103209228     
        1231   2.0936736568025225     
        1232   2.0937641665916922     
        1233   2.0932429730617899     
        1234   2.0920105303956422     
        1235   2.0899418780058947     
        1236   2.0869752641389527     
        1237   2.0832021942031003     
        1238   2.0789142445534630     
        1239   2.0745711494043584     
        1240   2.0706891186133647     
        1241   2.0677125463170412     
        1242   2.0659595641987649     
        1243   2.0656441056768440     
        1244   2.0668601435099605     
        1245   2.0694746505711277     
        1246   2.0730665177844014     
        1247   2.0770421852548564     
        1248   2.0808408711902175     
        1249   2.0840625224759859     
        1250   2.0864845549455535     
        1251   2.0880444979480908     
        1252   2.0888377052869438     
        1253   2.0890975657978510     
        1254   2.0891128292819112     
        1255   2.0891053292987283     
        1256   2.0891441153201202     
        1257   2.0891438669409896     
        1258   2.0889316917232041     
        1259   2.0883345294915139     
        1260   2.0872465328492367     
        1261   2.0856497875134332     
        1262   2.0835764630954388     
        1263   2.0810481215813397     
        1264   2.0780755315075892     
        1265   2.0747527404120092     
        1266   2.0713751718748576     
        1267   2.0684687364540797     
        1268   2.0666142493192434     
        1269   2.0660453939627357     
        1270   2.0663006778761930     
        1271   2.0663321107004888     
        1272   2.0650467748019721     
        1273   2.0619061126891864     
        1274   2.0573655116128720     
        1275   2.0529386616770702     
        1276   2.0503852211491043     
        1277   2.0503461338335041     
        1278   2.0520845627323046     
        1279   2.0545586681650834     
        1280   2.0572138155843787     
        1281   2.0599393002124446     
        1282   2.0627470332552038     
        1283   2.0655550630467521     
        1284   2.0681545100335859     
        1285   2.0703200881246695     
        1286   2.0719517620338554     
        1287   2.0731322786636301     
        1288   2.0740700995729662     
        1289   2.0749745231762495     
        1290   2.0759385006127151     
        1291   2.0769152906799127     
        1292   2.0777961325410543     
        1293   2.0784730586763467     
        1294   2.0788308688067429     
        1295   2.0787574871009111     
        1296   2.0782249671479049     
        1297   2.0773632826856367     
        1298   2.0764440896753991     
        1299   2.0757768956941813     
        1300   2.0755643400554149     
        1301   2.0757767774885334     
        1302   2.0761327268289098     
        1303   2.0762384855110310     
        1304   2.0758114593413786     
        1305   2.0748300718134725     
        1306   2.0735204511710283     
        1307   2.0722179597819830     
        1308   2.0712136586158234     
        1309   2.0706792995091372     
        1310   2.0706889582041539     
        1311   2.0712809867746409     
        1312   2.0724802521596941     
        1313   2.0742478590239384     
        1314   2.0764070627601376     
        1315   2.0786305756542434     
        1316   2.0805295540550861     
        1317   2.0818037510366185     
        1318   2.0823718227680983     
        1319   2.0824265636254333     
        1320   2.0824027036234636     
        1321   2.0828524340759960     
        1322   2.0842268505309907     
        1323   2.0866323738812826     
        1324   2.0897226663413737     
        1325   2.0928335891261387     
        1326   2.0952735930863895     
        1327   2.0965787496187098     
        1328   2.0966277969501737     
        1329   2.0956211052212890     
        1330   2.0939465801943067     
        1331   2.0919731065674960     
        1332   2.0898904461534378     
        1333   2.0877207840216445     
        1334   2.0854718528274789     
        1335   2.0832653719117169     
        1336   2.0813192724765290     
        1337   2.0798159874824020     
        1338   2.0788031127770417     
        1339   2.0782186976115304     
        1340   2.0779654687263118     
        1341   2.0779368935910556     
        1342   2.0780255495096545     
        1343   2.0781645079951523     
        1344   2.0783698064071086     
        1345   2.0787406705719991     
        1346   2.0794189757103823     
        1347   2.0805228050899496     
        1348   2.0820691797888977     
        1349   2.0839274073808220     
        1350   2.0858642289418015     
        1351   2.0876840267592538     
        1352   2.0893374524817943     
        1353   2.0908378952496358     
        1354   2.0920649610719568     
        1355   2.0927659425519947     
        1356   2.0928154152220531     
        1357   2.0924201142763681     
        1358   2.0920433339251989     
        1359   2.0921185375357232     
        1360   2.0927754715032374     
        1361   2.0937825591085408     
        1362   2.0947122448882038     
        1363   2.0951515093171307     
        1364   2.0948277789356085     
        1365   2.0936650798607088     
        1366   2.0918190121356188     
        1367   2.0896847192372743     
        1368   2.0878269933392661     
        1369   2.0867910627776003     
        1370   2.0868553156628709     
        1371   2.0879140284718511     
        1372   2.0895937088191538     
        1373   2.0914634663548992     
        1374   2.0931583198191430     
        1375   2.0943922538770128     
        1376   2.0949332685907520     
        1377   2.0945969738746673     
        1378   2.0932756836046145     
        1379   2.0909953170490025     
        1380   2.0879673427364711     
        1381   2.0845768473622588     
        1382   2.0812722758049453     
        1383   2.0784127774617516     
        1384   2.0761734310197504     
        1385   2.0745372989553417     
        1386   2.0733374288751425     
        1387   2.0723323855330378     
        1388   2.0713238310727391     
        1389   2.0703076678633368     
        1390   2.0695949611311444     
        1391   2.0697476647795070     
        1392   2.0712495993267948     
        1393   2.0741898434210113     
        1394   2.0782707531683724     
        1395   2.0829780377039366     
        1396   2.0876837253769009     
        1397   2.0917629239720443     
        1398   2.0947546052289661     
        1399   2.0964337120152114     
        1400   2.0967522073691054     
        1401   2.0957375143937060     
        1402   2.0934361189947381     
        1403   2.0899248437488662     
        1404   2.0853653076219776     
        1405   2.0800664527301667     
        1406   2.0745231563798385     
        1407   2.0693928393006349     
        1408   2.0653698131615612     
        1409   2.0629639776740989     
        1410   2.0622908506560758     
        1411   2.0630312472170469     
        1412   2.0646138407084309     
        1413   2.0664896665086530     
        1414   2.0683106916631155     
        1415   2.0699454555330141     
        1416   2.0714015784024471     
        1417   2.0727513643776896     
        1418   2.0740988238881362     
        1419   2.0755608171229594     
        1420   2.0772164206142509     
        1421   2.0790314820856386     
        1422   2.0808356152905505     
        1423   2.0824064761854335     
        1424   2.0836105268272838     
        1425   2.0844904061611973     
        1426   2.0852266080537878     
        1427   2.0859878775047913     
        1428   2.0867747362675475     
        1429   2.0873817745250456     
        1430   2.0875056208463292     
        1431   2.0869047078285656     
        1432   2.0855025832104896     
        1433   2.0834033900774025     
        1434   2.0808573007477746     
        1435   2.0782156026794012     
        1436   2.0758683983017701     
        1437   2.0741366357090243     
        1438   2.0731417860672732     
        1439   2.0727400976526345     
        1440   2.0725885760710079     
        1441   2.0723238791725200     
        1442   2.0717668912766420     
        1443   2.0710260554776365     
        1444   2.0703786407011910     
        1445   2.0699768262029230     
        1446   2.0696733906894491     
        1447   2.0691803820350114     
        1448   2.0683658588577534     
        1449   2.0673638171279110     
        1450   2.0664539456142004     
        1451   2.0658869903779160     
        1452   2.0657800681012692     
        1453   2.0660858419140116     
        1454   2.0666132521258671     
        1455   2.0671013784470280     
        1456   2.0673448139067601     
        1457   2.0673332649273837     
        1458   2.0673131187557523     
        1459   2.0676493711131418     
        1460   2.0685126020420106     
        1461   2.0696921846704024     
        1462   2.0707678349950820     
        1463   2.0714391584736886     
        1464   2.0716957780035403     
        1465   2.0717707864334010     
        1466   2.0719811867900124     
        1467   2.0725577571064160     
        1468   2.0735504059746801     
        1469   2.0748537318099176     
        1470   2.0763099543831074     
        1471   2.0777945854342725     
        1472   2.0792316898934944     
        1473   2.0805642087065910     
        1474   2.0817340553803159     
        1475   2.0826908931229058     
        1476   2.0834064810981130     
        1477   2.0838674777140351     
        1478   2.0840488957012751     
        1479   2.0839007923929946     
        1480   2.0833760620973738     
        1481   2.0824923599847120     
        1482   2.0813906501149733     
        1483   2.0803405748083161     
        1484   2.0796581451146392     
        1485   2.0795608142934192     
        1486   2.0800507606425991     
        1487   2.0809125061978411     
        1488   2.0818270273684356     
        1489   2.0825162715665213     
        1490   2.0828149232580757     
        1491   2.0826344429445220     
        1492   2.0818853373192656     
        1493   2.0804620486880308     
        1494   2.0783169393699246     
        1495   2.0755408244613860     
        1496   2.0723605664004889     
        1497   2.0690512408492152     
        1498   2.0658228990190763     
        1499   2.0627348483251620     
        1500   2.0596662623125894     
        1501   2.0563633770483718     
        1502   2.0525662863482865     
        1503   2.0481726936286231     
        1504   2.0433604698174590     
        1505   2.0386109801387589     
        1506   2.0346240514037461     
        1507   2.0321198448657620     
        1508   2.0315401676340188     
        1509   2.0328260281092412     
        1510   2.0355103712812368     
        1511   2.0390422510579449     
        1512   2.0430201303816342     
        1513   2.0472162485182497     
        1514   2.0515050196792752     
        1515   2.0558047578042435     
        1516   2.0600559918044503     
        1517   2.0641981855899139     
        1518   2.0680989591453969     
        1519   2.0714767574692199     
        1520   2.0739438600344720     
        1521   2.0751927544923805     
        1522   2.0751561852298654     
        1523   2.0739873237418753     
        1524   2.0719099932508982     
        1525   2.0691087835884230     
        1526   2.0657457547519926     
        1527   2.0620353706696677     
        1528   2.0582633879427172     
        1529   2.0547183723500368     
        1530   2.0516109506152458     
        1531   2.0490749949363618     
        1532   2.0472498110878150     
        1533   2.0463218707015640     
        1534   2.0464032741603839     
        1535   2.0473154637750688     
        1536   2.0485448887638817     
        1537   2.0495004969452038     
        1538   2.0498629362254914     
        1539   2.0497550007329628     
        1540   2.0496353519442705     
        1541   2.0499582109893431     
        1542   2.0508256994898466     
        1543   2.0519497883532489     
        1544   2.0529283519199097     
        1545   2.0535144295503409     
        1546   2.0536822268128390     
        1547   2.0535515528254535     
        1548   2.0532847614285323     
        1549   2.0530114088872784     
        1550   2.0528003793307978     
        1551   2.0526727512081733     
        1552   2.0526100254505493     
        1553   2.0525262544871832     
        1554   2.0522595061596722     
        1555   2.0516683538827096     
        1556   2.0508077454701286     
        1557   2.0500330213372422     
        1558   2.0498939288109859     
        1559   2.0508338598720592     
        1560   2.0528923584318899     
        1561   2.0556398357629231     
        1562   2.0583828521987155     
        1563   2.0604691051216317     
        1564   2.0615041291919778     
        1565   2.0614155115109125     
        1566   2.0603971258515159     
        1567   2.0587902497439439     
        1568   2.0569558802569254     
        1569   2.0551820720673302     
        1570   2.0536384186084327     
        1571   2.0523618889134174     
        1572   2.0512773754235245     
        1573   2.0502766604996796     
        1574   2.0493402399418117     
        1575   2.0486327763752405     
        1576   2.0484947948008774     
        1577   2.0492903469379482     
        1578   2.0511840065584162     
        1579   2.0540183855175895     
        1580   2.0573427790570333     
        1581   2.0605212845996967     
        1582   2.0629205053841084     
        1583   2.0641341187437319     
        1584   2.0640765244312225     
        1585   2.0628773209148528     
        1586   2.0607236468159349     
        1587   2.0578241930135657     
        1588   2.0544665102774258     
        1589   2.0510057065253866     
        1590   2.0477415798913410     
        1591   2.0448092904509312     
        1592   2.0422119762673940     
        1593   2.0400012605043862     
        1594   2.0384562495946490     
        1595   2.0379986888606481     
        1596   2.0387572873964555     
        1597   2.0402065317925091     
        1598   2.0413758050818611     
        1599   2.0414237489095686     
        1600   2.0400295639985533     
        1601   2.0374531699967893     
        1602   2.0344307613360049     
        1603   2.0320234431604653     
        1604   2.0313820676335506     
        1605   2.0333346868586908     
        1606   2.0379115032830719     
        1607   2.0442390501311163     
        1608   2.0510406385508047     
        1609   2.0573188106262754     
        1610   2.0626341337479053     
        1611   2.0669154697491310     
        1612   2.0701530811340811     
        1613   2.0722576720765833     
        1614   2.0731228933318824     
        1615   2.0727775143502098     
        1616   2.0714675107271785     
        1617   2.0695788604751493     
        1618   2.0674531245154233     
        1619   2.0652380960473171     
        1620   2.0628844135651652     
        1621   2.0602758917841224     
        1622   2.0573802914370529     
        1623   2.0543041721257889     
        1624   2.0512207764827948     
        1625   2.0482705463501518     
        1626   2.0455752888316208     
        1627   2.0433566583054454     
        1628   2.0419866843061203     
        1629   2.0418489064412153     
        1630   2.0430977197432756     
        1631   2.0455368076586948     
        1632   2.0487264815318307     
        1633   2.0521955582488016     
        1634   2.0555730540468868     
        1635   2.0586034287139698     
        1636   2.0611260802704825     
        1637   2.0630633720983877     
        1638   2.0643945872711287     
        1639   2.0651101233722953     
        1640   2.0651812053401208     
        1641   2.0645605897924200     
        1642   2.0631902990851425     
        1643   2.0609987724325771     
        1644   2.0579088902909062     
        1645   2.0538995169399512     
        1646   2.0491382141780052     
        1647   2.0441277489374619     
        1648   2.0397207440211740     
        1649   2.0368922144227750     
        1650   2.0363716028417262     
        1651   2.0383592831721824     
        1652   2.0424447824940510     
        1653   2.0477514781594177     
        1654   2.0532708358994678     
        1655   2.0582080377765579     
        1656   2.0621403484421204     
        1657   2.0649602089309003     
        1658   2.0667222841414765     
        1659   2.0675219187957619     
        1660   2.0674592736863135     
        1661   2.0666719756357499     
        1662   2.0653832639804230     
        1663   2.0639021015249437     
        1664   2.0625257269846626     
        1665   2.0613853271859490     
        1666   2.0604045803908635     
        1667   2.0594673894313278     
        1668   2.0585861693313756     
        1669   2.0578126215365771     
        1670   2.0570423882600317     
        1671   2.0560592284966370     
        1672   2.0547752705144071     
        1673   2.0533440701769443     
        1674   2.0520298536827108     
        1675   2.0509894526167347     
        1676   2.0501777830502235     
        1677   2.0494542858388654     
        1678   2.0487722251996123     
        1679   2.0482435735860687     
        1680   2.0480042485189878     
        1681   2.0480397714946963     
        1682   2.0481578133097100     
        1683   2.0480930066861092     
        1684   2.0476335947724640     
        1685   2.0467231293012946     
        1686   2.0455255834217416     
        1687   2.0444222287144806     
        1688   2.0438950059871450     
        1689   2.0443129418469450     
        1690   2.0457539962775266     
        1691   2.0479955884127747     
        1692   2.0506449440242123     
        1693   2.0532669572077946     
        1694   2.0554437155001071     
        1695   2.0568135070395175     
        1696   2.0571329850001763     
        1697   2.0563445051487590     
        1698   2.0546158854215815     
        1699   2.0523425772065114     
        1700   2.0501065483019301     
        1701   2.0485693043202837     
        1702   2.0482730489882406     
        1703   2.0493878061324891     
        1704   2.0515782889223235     
        1705   2.0541685920705084     
        1706   2.0565123120160633     
        1707   2.0582642916241194     
        1708   2.0593901415351619     
        1709   2.0600060784730285     
        1710   2.0602319069646775     
        1711   2.0601629079544814     
        1712   2.0599323719730593     
        1713   2.0597520324009251     
        1714   2.0598490333093888     
        1715   2.0603355300574120     
        1716   2.0611269633938099     
        1717   2.0619785537576916     
        1718   2.0626033803978885     
        1719   2.0627873839177484     
        1720   2.0624449095649808     
        1721   2.0616135310616732     
        1722   2.0604298080062278     
        1723   2.0591279392771509     
        1724   2.0580537591853085     
        1725   2.0576351687482113     
        1726   2.0582623367665764     
        1727   2.0601156127060123     
        1728   2.0630520399562502     
        1729   2.0666357085993812     
        1730   2.0702931866918171     
        1731   2.0734937283683603     
        1732   2.0758641950100514     
        1733   2.0772174418302027     
        1734   2.0775236269633823     
        1735   2.0768619384226605     
        1736   2.0753792133944233     
        1737   2.0732670617038829     
        1738   2.0707493545283819     
        1739   2.0680656170370524     
        1740   2.0654578836485742     
        1741   2.0631767960831220     
        1742   2.0614802943341672     
        1743   2.0605784577715243     
        1744   2.0605489428907657     
        1745   2.0613058903184847     
        1746   2.0626484941360115     
        1747   2.0643380963370528     
        1748   2.0661534708687710     
        1749   2.0679127911638528     
        1750   2.0694757261904511     
        1751   2.0707431053367258     
        1752   2.0716617655730687     
        1753   2.0722245005083026     
        1754   2.0724469386663356     
        1755   2.0723197982909500     
        1756   2.0717665970557779     
        1757   2.0706491538701681     
        1758   2.0688331142954608     
        1759   2.0662886031391636     
        1760   2.0631915236195693     
        1761   2.0599851374504730     
        1762   2.0573448358557624     
        1763   2.0560004517269586     
        1764   2.0564487044661921     
        1765   2.0587014469093021     
        1766   2.0622418215545832     
        1767   2.0662304690520048     
        1768   2.0698357452561007     
        1769   2.0725083205262553     
        1770   2.0740852064708810     
        1771   2.0747157788601149     
        1772   2.0746827175155755     
        1773   2.0742002540426898     
        1774   2.0732723221338958     
        1775   2.0717130568992626     
        1776   2.0693406451258793     
        1777   2.0661911935068313     
        1778   2.0625786167456428     
        1779   2.0589678633373332     
        1780   2.0557834275524174     
        1781   2.0533069026273152     
        1782   2.0517019218859822     
        1783   2.0510814672061151     
        1784   2.0515280373947764     
        1785   2.0530576019076667     
        1786   2.0555789388372561     
        1787   2.0588877857641621     
        1788   2.0626832009374025     
        1789   2.0665801947718796     
        1790   2.0701336858917641     
        1791   2.0729071767482421     
        1792   2.0745745412923355     
        1793   2.0749995859049872     
        1794   2.0742529324426626     
        1795   2.0725677213537783     
        1796   2.0702601596642460     
        1797   2.0676461550369378     
        1798   2.0649873366241582     
        1799   2.0624933964447374     
        1800   2.0603738872347885     
        1801   2.0588814806732914     
        1802   2.0582722440284522     
        1803   2.0586708308172210     
        1804   2.0599319334345068     
        1805   2.0616301099554635     
        1806   2.0632172367862580     
        1807   2.0642384151498145     
        1808   2.0644702398536312     
        1809   2.0639449361177591     
        1810   2.0628969821352312     
        1811   2.0616690358841958     
        1812   2.0606019307341370     
        1813   2.0599379713395671     
        1814   2.0597674869332199     
        1815   2.0600343161644266     
        1816   2.0605940837336942     
        1817   2.0612978341428772     
        1818   2.0620599235094876     
        1819   2.0628774719118503     
        1820   2.0637987154531623     
        1821   2.0648643609992057     
        1822   2.0660537055286965     
        1823   2.0672602733590835     
        1824   2.0683085945036241     
        1825   2.0689985542945841     
        1826   2.0691395119317453     
        1827   2.0685572578397680     
        1828   2.0671077880849187     
        1829   2.0647318312716081     
        1830   2.0615257218194927     
        1831   2.0577698829264714     
        1832   2.0538782376518898     
        1833   2.0502764448234974     
        1834   2.0472671170228272     
        1835   2.0449642395286185     
        1836   2.0433267995535780     
        1837   2.0422389076062881     
        1838   2.0415767222066812     
        1839   2.0412493856939919     
        1840   2.0412145527030723     
        1841   2.0414703962843843     
        1842   2.0420387190164426     
        1843   2.0429451384438413     
        1844   2.0441875169541999     
        1845   2.0456942559876179     
        1846   2.0472908865658428     
        1847   2.0486943622148894     
        1848   2.0495552559124532     
        1849   2.0495668450859341     
        1850   2.0486172390828061     
        1851   2.0468966476643335     
        1852   2.0448734459577671     
        1853   2.0431381479525239     
        1854   2.0421989781498704     
        1855   2.0423247246409488     
        1856   2.0434888449235316     
        1857   2.0454253491084264     
        1858   2.0477669373474936     
        1859   2.0501979364014473     
        1860   2.0525542926614517     
        1861   2.0548451592092789     
        1862   2.0572064792785123     
        1863   2.0598025946877252     
        1864   2.0626994025710865     
        1865   2.0657647251404545     
        1866   2.0686645194136588     
        1867   2.0709702516346828     
        1868   2.0723171477241369     
        1869   2.0725284281296878     
        1870   2.0716524483485697     
        1871   2.0699117864316681     
        1872   2.0676075034710037     
        1873   2.0650337919592388     
        1874   2.0624321345406900     
        1875   2.0599762576081084     
        1876   2.0577622020821766     
        1877   2.0557926224356433     
        1878   2.0539722872076349     
        1879   2.0521446021831831     
        1880   2.0501819221533824     
        1881   2.0480994652784652     
        1882   2.0461070134517731     
        1883   2.0445008328084682     
        1884   2.0434206679701403     
        1885   2.0426910622977945     
        1886   2.0419482383439420     
        1887   2.0409556214459648     
        1888   2.0398247348704901     
        1889   2.0389841903403121     
        1890   2.0389327525024994     
        1891   2.0399187473760461     
        1892   2.0417398636040764     
        1893   2.0438066366986374     
        1894   2.0454177742981625     
        1895   2.0460385216288191     
        1896   2.0454326698943675     
        1897   2.0436626498433386     
        1898   2.0410453299881830     
        1899   2.0381000374392073     
        1900   2.0354459113967560     
        1901   2.0336155093745263     
        1902   2.0328627272891970     
        1903   2.0330936061242966     
        1904   2.0339400165118660     
        1905   2.0348934513881498     
        1906   2.0354401857776563     
        1907   2.0351875053569195     
        1908   2.0339712568551356     
        1909   2.0319195007496353     
        1910   2.0294424939360867     
        1911   2.0271328825578845     
        1912   2.0255950570522661     
        1913   2.0252567733717917     
        1914   2.0262173921220068     
        1915   2.0281793155701586     
        1916   2.0305181806209629     
        1917   2.0325106794105481     
        1918   2.0336320344997740     
        1919   2.0337633681890446     
        1920   2.0331932164949538     
        1921   2.0324172943661338     
        1922   2.0318693186042278     
        1923   2.0317649147571260     
        1924   2.0321350164141059     
        1925   2.0329651211547874     
        1926   2.0343073605736688     
        1927   2.0362927753350393     
        1928   2.0390400887455074     
        1929   2.0425142666402056     
        1930   2.0464447996247590     
        1931   2.0503952584656329     
        1932   2.0539507877942427     
        1933   2.0569001388841661     
        1934   2.0593193440729367     
        1935   2.0615063621190624     
        1936   2.0637448072584044     
        1937   2.0660241030452928     
        1938   2.0679832490893517     
        1939   2.0691456521830065     
        1940   2.0692041090074000     
        1941   2.0681565786037677     
        1942   2.0663031016875206     
        1943   2.0641601450819120     
        1944   2.0622985483711718     
        1945   2.0611353123009226     
        1946   2.0607862056129047     
        1947   2.0610700202873060     
        1948   2.0616388154386893     
        1949   2.0621389884143531     
        1950   2.0623270395656155     
        1951   2.0621055659578049     
        1952   2.0614905412019495     
        1953   2.0605596941850188     
        1954   2.0594297830767396     
        1955   2.0582674217799473     
        1956   2.0572983513561445     
        1957   2.0567750730737799     
        1958   2.0568914442248789     
        1959   2.0576844209660439     
        1960   2.0589901027231514     
        1961   2.0604779003369620     
        1962   2.0617287425608408     
        1963   2.0623402446538415     
        1964   2.0620965269125753     
        1965   2.0612071151224018     
        1966   2.0604375887743220     
        1967   2.0607931105077908     
        1968   2.0627811065398496     
        1969   2.0660464553243720     
        1970   2.0698548624361073     
        1971   2.0737070653897796     
        1972   2.0774294232670383     
        1973   2.0809403072138326     
        1974   2.0840747960495749     
        1975   2.0865869098233083     
        1976   2.0882528731983339     
        1977   2.0889603170610158     
        1978   2.0887305320982117     
        1979   2.0876900771145581     
        1980   2.0860273884862197     
        1981   2.0839530257455898     
        1982   2.0816670821399974     
        1983   2.0793414454879322     
        1984   2.0771273511829289     
        1985   2.0751730502965073     
        1986   2.0736152459826571     
        1987   2.0725365797442352     
        1988   2.0719244110035477     
        1989   2.0716654305570024     
        1990   2.0715815681901919     
        1991   2.0714985682206155     
        1992   2.0713214310607135     
        1993   2.0710520729992727     
        1994   2.0707039850719751     
        1995   2.0702046569765464     
        1996   2.0694290853337640     
        1997   2.0683211826134897     
        1998   2.0669362213964368     
        1999   2.0653732293268479     
        2000   2.0636974308486340     
