        2001   2.0609728991616474     
        2002   2.0599878290515519     
        2003   2.0589460123482342     
        2004   2.0578335870319120     
        2005   2.0566363530241296     
        2006   2.0553416504761102     
        2007   2.0539411467551476     
        2008   2.0524345461730551     
        2009   2.0508340353629650     
        2010   2.0491687179317779     
        2011   2.0474878215471670     
        2012   2.0458612278111619     
        2013   2.0443760544760989     
        2014   2.0431288509872116     
        2015   2.0422141853792359     
        2016   2.0417117479426516     
        2017   2.0416748358905146     
        2018   2.0421229364914959     
        2019   2.0430400361542826     
        2020   2.0443786942701436     
        2021   2.0460684951618746     
        2022   2.0480264631844860     
        2023   2.0501669272128460     
        2024   2.0524090678048150     
        2025   2.0546814387278847     
        2026   2.0569237037349439     
        2027   2.0590864546848602     
        2028   2.0611300720653647     
        2029   2.0630233366246142     
        2030   2.0647421434587065     
        2031   2.0662684008392702     
        2032   2.0675890817072617     
        2033   2.0686954239725748     
        2034   2.0695824024999609     
        2035   2.0702487215657390     
        2036   2.0706975929541995     
        2037   2.0709383873986242     
        2038   2.0709888954424200     
        2039   2.0708774973832700     
        2040   2.0706441051260827     
        2041   2.0703386757583102     
        2042   2.0700166938169398     
        2043   2.0697319928796998     
        2044   2.0695285280865634     
        2045   2.0694334758262434     
        2046   2.0694536552045055     
        2047   2.0695759756397236     
        2048   2.0697711384782669     
        2049   2.0699989243620704     
        2050   2.0702134618708441     
        2051   2.0703677193287162     
        2052   2.0704172380516455     
        2053   2.0703234022710499     
        2054   2.0700564482383426     
        2055   2.0695980521127928     
        2056   2.0689429089470806     
        2057   2.0680986322817834     
        2058   2.0670835455752350     
        2059   2.0659226089948377     
        2060   2.0646425156965571     
        2061   2.0632674936014221     
        2062   2.0618171939451382     
        2063   2.0603072502261317     
        2064   2.0587518923874271     
        2065   2.0571672245532127     
        2066   2.0555736195466228     
        2067   2.0539961222801937     
        2068   2.0524629222420936     
        2069   2.0510027830083790     
        2070   2.0496427835618380     
        2071   2.0484074998091417     
        2072   2.0473198709584897     
        2073   2.0464029764504827     
        2074   2.0456812164672620     
        2075   2.0451796529936193     
        2076   2.0449209822685268     
        2077   2.0449206755534024     
        2078   2.0451817615295407     
        2079   2.0456907258043016     
        2080   2.0464156201723385     
        2081   2.0473068064997411     
        2082   2.0483000557093738     
        2083   2.0493214656013867     
        2084   2.0502935579360240     
        2085   2.0511418024061547     
        2086   2.0518008576468207     
        2087   2.0522198703253776     
        2088   2.0523663165931549     
        2089   2.0522281579230417     
        2090   2.0518145303745796     
        2091   2.0511555940444786     
        2092   2.0503023729663692     
        2093   2.0493274293887875     
        2094   2.0483263885529777     
        2095   2.0474187320417565     
        2096   2.0467446329927181     
        2097   2.0464536106242268     
        2098   2.0466823908212648     
        2099   2.0475249312691473     
        2100   2.0490045850873253     
        2101   2.0510615283216462     
        2102   2.0535633530326036     
        2103   2.0563352262722945     
        2104   2.0591968372375749     
        2105   2.0619926077976394     
        2106   2.0646080644852072     
        2107   2.0669729148161320     
        2108   2.0690554644264991     
        2109   2.0708533137281329     
        2110   2.0723836744088309     
        2111   2.0736748604477886     
        2112   2.0747593781067044     
        2113   2.0756685899410257     
        2114   2.0764288862188613     
        2115   2.0770594719348709     
        2116   2.0775718577095401     
        2117   2.0779708790283538     
        2118   2.0782569707725758     
        2119   2.0784291528518835     
        2120   2.0784879609224189     
        2121   2.0784377952770203     
        2122   2.0782883063438051     
        2123   2.0780547945555128     
        2124   2.0777578747245080     
        2125   2.0774227328175368     
        2126   2.0770783255406760     
        2127   2.0767565973817690     
        2128   2.0764915808864761     
        2129   2.0763179314624365     
        2130   2.0762683737032122     
        2131   2.0763699212502424     
        2132   2.0766392733386776     
        2133   2.0770783853115509     
        2134   2.0776715257086771     
        2135   2.0783847837140237     
        2136   2.0791683849516045     
        2137   2.0799615164267014     
        2138   2.0806987205773129     
        2139   2.0813167428521173     
        2140   2.0817609234996350     
        2141   2.0819905997706316     
        2142   2.0819831314200106     
        2143   2.0817362961121817     
        2144   2.0812689886201476     
        2145   2.0806199983112963     
        2146   2.0798445793089084     
        2147   2.0790087216016686     
        2148   2.0781812813390208     
        2149   2.0774247367899186     
        2150   2.0767861229119084     
        2151   2.0762901383631376     
        2152   2.0759362399377341     
        2153   2.0757005602783236     
        2154   2.0755420589773519     
        2155   2.0754111913965430     
        2156   2.0752590161475895     
        2157   2.0750450292445377     
        2158   2.0747427881017027     
        2159   2.0743431486592678     
        2160   2.0738552978582097     
        2161   2.0733059462588308     
        2162   2.0727369636628463     
        2163   2.0722014331134431     
        2164   2.0717579171320111     
        2165   2.0714626324897125     
        2166   2.0713599536507470     
        2167   2.0714731826084041     
        2168   2.0717990046425272     
        2169   2.0723089167967861     
        2170   2.0729583039073254     
        2171   2.0736999033269101     
        2172   2.0744958996803309     
        2173   2.0753237187907985     
        2174   2.0761738282197055     
        2175   2.0770415431277267     
        2176   2.0779170661825876     
        2177   2.0787781039006448     
        2178   2.0795878387193820     
        2179   2.0802984595905860     
        2180   2.0808582962721913     
        2181   2.0812196948485786     
        2182   2.0813450269609448     
        2183   2.0812092777389779     
        2184   2.0807991148652083     
        2185   2.0801097027585929     
        2186   2.0791409499379117     
        2187   2.0778947506860677     
        2188   2.0763742817185542     
        2189   2.0745857349683079     
        2190   2.0725424919159994     
        2191   2.0702714197548655     
        2192   2.0678206131685748     
        2193   2.0652670644040811     
        2194   2.0627215973781601     
        2195   2.0603275380810788     
        2196   2.0582497640707760     
        2197   2.0566530379090335     
        2198   2.0556730167105495     
        2199   2.0553879985116450     
        2200   2.0558012837808106     
        2201   2.0568410722664314     
        2202   2.0583778168082287     
        2203   2.0602523386905558     
        2204   2.0623053919369125     
        2205   2.0644010190623967     
        2206   2.0664401894270892     
        2207   2.0683649001498567     
        2208   2.0701548863507235     
        2209   2.0718195648028459     
        2210   2.0733874732024185     
        2211   2.0748951157186770     
        2212   2.0763768207110980     
        2213   2.0778568610625285     
        2214   2.0793445132341177     
        2215   2.0808322608406677     
        2216   2.0822967488652768     
        2217   2.0837016193499189     
        2218   2.0850014457707817     
        2219   2.0861461095974394     
        2220   2.0870851528964569     
        2221   2.0877718540817156     
        2222   2.0881668715532435     
        2223   2.0882413091594665     
        2224   2.0879790237028928     
        2225   2.0873780700547853     
        2226   2.0864511840254183     
        2227   2.0852253239455347     
        2228   2.0837403911966854     
        2229   2.0820473025434323     
        2230   2.0802055905025969     
        2231   2.0782806644720591     
        2232   2.0763408685723221     
        2233   2.0744543162875355     
        2234   2.0726855201080925     
        2235   2.0710920059419449     
        2236   2.0697213553379705     
        2237   2.0686093186105392     
        2238   2.0677795029898172     
        2239   2.0672446573349377     
        2240   2.0670089930634248     
        2241   2.0670706941519152     
        2242   2.0674238166642165     
        2243   2.0680591787280012     
        2244   2.0689644178870386     
        2245   2.0701235248571095     
        2246   2.0715161292363709     
        2247   2.0731167776686044     
        2248   2.0748944807400513     
        2249   2.0768129020904498     
        2250   2.0788313866152728     
        2251   2.0809068373388482     
        2252   2.0829962541445513     
        2253   2.0850594552589219     
        2254   2.0870614679866386     
        2255   2.0889742716904407     
        2256   2.0907775973282621     
        2257   2.0924587262577483     
        2258   2.0940114648664614     
        2259   2.0954344495396979     
        2260   2.0967290766124349     
        2261   2.0978974575613525     
        2262   2.0989406478693637     
        2263   2.0998573442226789     
        2264   2.1006432627375018     
        2265   2.1012912511103963     
        2266   2.1017920226236320     
        2267   2.1021354350624755     
        2268   2.1023122504993261     
        2269   2.1023161770036323     
        2270   2.1021461115001085     
        2271   2.1018083890035180     
        2272   2.1013186083090885     
        2273   2.1007026338994734     
        2274   2.0999962548586657     
        2275   2.0992431474509550     
        2276   2.0984912406092544     
        2277   2.0977879825156469     
        2278   2.0971753048950901     
        2279   2.0966852602841155     
        2280   2.0963372019191837     
        2281   2.0961370209613563     
        2282   2.0960783672727792     
        2283   2.0961454019463166     
        2284   2.0963164641338441     
        2285   2.0965678581303968     
        2286   2.0968771481406661     
        2287   2.0972255690056056     
        2288   2.0975993463747575     
        2289   2.0979897906549962     
        2290   2.0983921432350603     
        2291   2.0988034899234305     
        2292   2.0992202013670038     
        2293   2.0996354813035496     
        2294   2.1000376527203399     
        2295   2.1004097225489784     
        2296   2.1007303997461091     
        2297   2.1009763216371646     
        2298   2.1011250314909669     
        2299   2.1011579189178344     
        2300   2.1010623177360941     
        2301   2.1008321588644843     
        2302   2.1004670109571038     
        2303   2.0999697739183572     
        2304   2.0993436305802837     
        2305   2.0985891395970500     
        2306   2.0977023149078118     
        2307   2.0966743269571202     
        2308   2.0954930605237192     
        2309   2.0941463648444638     
        2310   2.0926266121946755     
        2311   2.0909359205301490     
        2312   2.0890912801256576     
        2313   2.0871286855328610     
        2314   2.0851051717523079     
        2315   2.0830976925443863     
        2316   2.0811981027346080     
        2317   2.0795043566068445     
        2318   2.0781093336838974     
        2319   2.0770898379955565     
        2320   2.0764983220414139     
        2321   2.0763587872470266     
        2322   2.0766667295694283     
        2323   2.0773918078030262     
        2324   2.0784819086076736     
        2325   2.0798680034717307     
        2326   2.0814696275474200     
        2327   2.0832008434707179     
        2328   2.0849763085334834     
        2329   2.0867169405500015     
        2330   2.0883549548242608     
        2331   2.0898381433284823     
        2332   2.0911329953470426     
        2333   2.0922260042421237     
        2334   2.0931224642667763     
        2335   2.0938424208050117     
        2336   2.0944143101053494     
        2337   2.0948677953761745     
        2338   2.0952277490748954     
        2339   2.0955108977788384     
        2340   2.0957254184306926     
        2341   2.0958724248415330     
        2342   2.0959476222207667     
        2343   2.0959419890497206     
        2344   2.0958416303323548     
        2345   2.0956280086743542     
        2346   2.0952799351201588     
        2347   2.0947778496856126     
        2348   2.0941097120992684     
        2349   2.0932770938031346     
        2350   2.0922999734935743     
        2351   2.0912190762995704     
        2352   2.0900951537430883     
        2353   2.0890050145707724     
        2354   2.0880343808266777     
        2355   2.0872680271560355     
        2356   2.0867782483632538     
        2357   2.0866135816753042     
        2358   2.0867903362843947     
        2359   2.0872892107732435     
        2360   2.0880583268458981     
        2361   2.0890220532373300     
        2362   2.0900931518638637     
        2363   2.0911850728125714     
        2364   2.0922217244427768     
        2365   2.0931433527949621     
        2366   2.0939084371836159     
        2367   2.0944925966604488     
        2368   2.0948859098297756     
        2369   2.0950900093091605     
        2370   2.0951159214106836     
        2371   2.0949831344162351     
        2372   2.0947197358937846     
        2373   2.0943627670367704     
        2374   2.0939576048704600     
        2375   2.0935552618841400     
        2376   2.0932070049386935     
        2377   2.0929568990852943     
        2378   2.0928343788872028     
        2379   2.0928493910909420     
        2380   2.0929919491325237     
        2381   2.0932362133940430     
        2382   2.0935474148355020     
        2383   2.0938890523007929     
        2384   2.0942283504134194     
        2385   2.0945392837221295     
        2386   2.0948033895429456     
        2387   2.0950092160479228     
        2388   2.0951512275524675     
        2389   2.0952286064877148     
        2390   2.0952441688581902     
        2391   2.0952033960188583     
        2392   2.0951135126466696     
        2393   2.0949824718434944     
        2394   2.0948176969930117     
        2395   2.0946245185177204     
        2396   2.0944042982334312     
        2397   2.0941525277982231     
        2398   2.0938575651778413     
        2399   2.0935009245485747     
        2400   2.0930600390304557     
        2401   2.0925138696817869     
        2402   2.0918505905084910     
        2403   2.0910751303330763     
        2404   2.0902133007437320     
        2405   2.0893095705171616     
        2406   2.0884178663178448     
        2407   2.0875884877153394     
        2408   2.0868569680108284     
        2409   2.0862400344681227     
        2410   2.0857395011714464     
        2411   2.0853499772333439     
        2412   2.0850645290140042     
        2413   2.0848747480955976     
        2414   2.0847659185773115     
        2415   2.0847110075821598     
        2416   2.0846673779962019     
        2417   2.0845784553065165     
        2418   2.0843804415600200     
        2419   2.0840123752440216     
        2420   2.0834270870129883     
        2421   2.0826007428302726     
        2422   2.0815391495417970     
        2423   2.0802796474356469     
        2424   2.0788882471114896     
        2425   2.0774525866741120     
        2426   2.0760720511839792     
        2427   2.0748468118949499     
        2428   2.0738674627484608     
        2429   2.0732063649877981     
        2430   2.0729111334485224     
        2431   2.0730006439312438     
        2432   2.0734641471983566     
        2433   2.0742641453879642     
        2434   2.0753430217721816     
        2435   2.0766321980464966     
        2436   2.0780617404712514     
        2437   2.0795682556926440     
        2438   2.0811000460167279     
        2439   2.0826198316978899     
        2440   2.0841060458806027     
        2441   2.0855534759086147     
        2442   2.0869731879675730     
        2443   2.0883909160538945     
        2444   2.0898428787294021     
        2445   2.0913686239450917     
        2446   2.0930015948028471     
        2447   2.0947591390745313     
        2448   2.0966343785668928     
        2449   2.0985920150714428     
        2450   2.1005692511569514     
        2451   2.1024817569769465     
        2452   2.1042332727850637     
        2453   2.1057267768373493     
        2454   2.1068750364073892     
        2455   2.1076088850473345     
        2456   2.1078823711717236     
        2457   2.1076746671996993     
        2458   2.1069892002594326     
        2459   2.1058507875921566     
        2460   2.1043016704108779     
        2461   2.1023971828019823     
        2462   2.1002017831810762     
        2463   2.0977859098803280     
        2464   2.0952236295113140     
        2465   2.0925907941946353     
        2466   2.0899631307594362     
        2467   2.0874136599285853     
        2468   2.0850092573602943     
        2469   2.0828067237157084     
        2470   2.0808491677292471     
        2471   2.0791636500652459     
        2472   2.0777608973657062     
        2473   2.0766374161848833     
        2474   2.0757795490357362     
        2475   2.0751684767597611     
        2476   2.0747849493721344     
        2477   2.0746127416629450     
        2478   2.0746402554020551     
        2479   2.0748601709259611     
        2480   2.0752676809488251     
        2481   2.0758581195436205     
        2482   2.0766247571717873     
        2483   2.0775573100996336     
        2484   2.0786412498365054     
        2485   2.0798576312018615     
        2486   2.0811832045175751     
        2487   2.0825907192761335     
        2488   2.0840495265020520     
        2489   2.0855266684810401     
        2490   2.0869884646895458     
        2491   2.0884023621500027     
        2492   2.0897386704028746     
        2493   2.0909717956587701     
        2494   2.0920807885994992     
        2495   2.0930493499806526     
        2496   2.0938656160377169     
        2497   2.0945220608532229     
        2498   2.0950157278520263     
        2499   2.0953487321125706     
        2500   2.0955287565646508     
        2501   2.0955691471898374     
        2502   2.0954883183962814     
        2503   2.0953083943376787     
        2504   2.0950532238595074     
        2505   2.0947461403696375     
        2506   2.0944079168134464     
        2507   2.0940553028413036     
        2508   2.0937002826878763     
        2509   2.0933499859963223     
        2510   2.0930069132708664     
        2511   2.0926691301813172     
        2512   2.0923303305333603     
        2513   2.0919798968939283     
        2514   2.0916033989477310     
        2515   2.0911840547755283     
        2516   2.0907054308605209     
        2517   2.0901552222670303     
        2518   2.0895293720814605     
        2519   2.0888351976212802     
        2520   2.0880919909140609     
        2521   2.0873280579911384     
        2522   2.0865745386112908     
        2523   2.0858579561558832     
        2524   2.0851944960075168     
        2525   2.0845886418777724     
        2526   2.0840366343659200     
        2527   2.0835325497885546     
        2528   2.0830735958107134     
        2529   2.0826621485288750     
        2530   2.0823043316518137     
        2531   2.0820071738192500     
        2532   2.0817770690658799     
        2533   2.0816211020100206     
        2534   2.0815506726699193     
        2535   2.0815853763156231     
        2536   2.0817546233571411     
        2537   2.0820951096851057     
        2538   2.0826439100790606     
        2539   2.0834286830072926     
        2540   2.0844577769283257     
        2541   2.0857133254444586     
        2542   2.0871493332784303     
        2543   2.0886951062350505     
        2544   2.0902628593923409     
        2545   2.0917573177595430     
        2546   2.0930851640714492     
        2547   2.0941630488164074     
        2548   2.0949238012090197     
        2549   2.0953209505290120     
        2550   2.0953319356383497     
        2551   2.0949601935921320     
        2552   2.0942357724008858     
        2553   2.0932137242130633     
        2554   2.0919694383406480     
        2555   2.0905906354342498     
        2556   2.0891668485343531     
        2557   2.0877784043948804     
        2558   2.0864876149979703     
        2559   2.0853342838033990     
        2560   2.0843359858503039     
        2561   2.0834920772245931     
        2562   2.0827896657641283     
        2563   2.0822100222806936     
        2564   2.0817346674818182     
        2565   2.0813507763454355     
        2566   2.0810554803152894     
        2567   2.0808583431305232     
        2568   2.0807811160013459     
        2569   2.0808541955716593     
        2570   2.0811100094884818     
        2571   2.0815746098495214     
        2572   2.0822595827217105     
        2573   2.0831565207003622     
        2574   2.0842354356026491     
        2575   2.0854470505109308     
        2576   2.0867277307917869     
        2577   2.0880055131039521     
        2578   2.0892061143646234     
        2579   2.0902582764360189     
        2580   2.0910981160735025     
        2581   2.0916722379230679     
        2582   2.0919393088464933     
        2583   2.0918700818164857     
        2584   2.0914462411617838     
        2585   2.0906587108606089     
        2586   2.0895062613233155     
        2587   2.0879949584156146     
        2588   2.0861387093242327     
        2589   2.0839607949905576     
        2590   2.0814958775270469     
        2591   2.0787918119084470     
        2592   2.0759105415740504     
        2593   2.0729275028213561     
        2594   2.0699292814097636     
        2595   2.0670096239542350     
        2596   2.0642641927845262     
        2597   2.0617846960328703     
        2598   2.0596529201947424     
        2599   2.0579350526282290     
        2600   2.0566767502028771     
        2601   2.0558994950821279     
        2602   2.0555989616128416     
        2603   2.0557460409706234     
        2604   2.0562907644030326     
        2605   2.0571686459577205     
        2606   2.0583082090031040     
        2607   2.0596381537240056     
        2608   2.0610927609471887     
        2609   2.0626147930250229     
        2610   2.0641558783343625     
        2611   2.0656750050702262     
        2612   2.0671362449546220     
        2613   2.0685068108992639     
        2614   2.0697561278478549     
        2615   2.0708561705513642     
        2616   2.0717828472513742     
        2617   2.0725178422509187     
        2618   2.0730503473681861     
        2619   2.0733782369465548     
        2620   2.0735084922040539     
        2621   2.0734568252229542     
        2622   2.0732465182955511     
        2623   2.0729065735115366     
        2624   2.0724693179382982     
        2625   2.0719675731982936     
        2626   2.0714316265225929     
        2627   2.0708863862297147     
        2628   2.0703491924578472     
        2629   2.0698289480187908     
        2630   2.0693273251537607     
        2631   2.0688425735150338     
        2632   2.0683758032922124     
        2633   2.0679387526768411     
        2634   2.0675608934523733     
        2635   2.0672927192073631     
        2636   2.0672021962793825     
        2637   2.0673629863724021     
        2638   2.0678361299978194     
        2639   2.0686506984978656     
        2640   2.0697907485846265     
        2641   2.0711939391590821     
        2642   2.0727623227764824     
        2643   2.0743808341371750     
        2644   2.0759369798587501     
        2645   2.0773364660023059     
        2646   2.0785123936787144     
        2647   2.0794282221150717     
        2648   2.0800760080914551     
        2649   2.0804717457973325     
        2650   2.0806492487400221     
        2651   2.0806536044821171     
        2652   2.0805348738572005     
        2653   2.0803424764031848     
        2654   2.0801205339431941     
        2655   2.0799044233660462     
        2656   2.0797187835775710     
        2657   2.0795769612261652     
        2658   2.0794817495676332     
        2659   2.0794271828116710     
        2660   2.0794009945255749     
        2661   2.0793873688664748     
        2662   2.0793696410041975     
        2663   2.0793326275944248     
        2664   2.0792644429140905     
        2665   2.0791578259913521     
        2666   2.0790109908712968     
        2667   2.0788281578128327     
        2668   2.0786201591911135     
        2669   2.0784054793437212     
        2670   2.0782118997735077     
        2671   2.0780785364030474     
        2672   2.0780573824779411     
        2673   2.0782126537916938     
        2674   2.0786157282929492     
        2675   2.0793343064265000     
        2676   2.0804167925464467     
        2677   2.0818760693698559     
        2678   2.0836789420494095     
        2679   2.0857461997376605     
        2680   2.0879638744383433     
        2681   2.0902015439710881     
        2682   2.0923312395956186     
        2683   2.0942417140536929     
        2684   2.0958460176661062     
        2685   2.0970830420085562     
        2686   2.0979150165754010     
        2687   2.0983230889254525     
        2688   2.0983025221624731     
        2689   2.0978584524061445     
        2690   2.0970027362402464     
        2691   2.0957520184834122     
        2692   2.0941269638839146     
        2693   2.0921524442658819     
        2694   2.0898583349988740     
        2695   2.0872806319730035     
        2696   2.0844626814008875     
        2697   2.0814563005783340     
        2698   2.0783226806493893     
        2699   2.0751330231317162     
        2700   2.0719685283944926     
        2701   2.0689193383184699     
        2702   2.0660820187470819     
        2703   2.0635550792323549     
        2704   2.0614323555176899     
        2705   2.0597947110998991     
        2706   2.0587012542453493     
        2707   2.0581816852119204     
        2708   2.0582315357516512     
        2709   2.0588116286654605     
        2710   2.0598518613157757     
        2711   2.0612583803316995     
        2712   2.0629225879963116     
        2713   2.0647303278502021     
        2714   2.0665700555339179     
        2715   2.0683393908196503     
        2716   2.0699500618290205     
        2717   2.0713315094784703     
        2718   2.0724334431048703     
        2719   2.0732273826811030     
        2720   2.0737069860749644     
        2721   2.0738868368848729     
        2722   2.0737994623553586     
        2723   2.0734907720352118     
        2724   2.0730146134153555     
        2725   2.0724274905759184     
        2726   2.0717844625435533     
        2727   2.0711367724894365     
        2728   2.0705310346001657     
        2729   2.0700092809534425     
        2730   2.0696091236778882     
        2731   2.0693636838837990     
        2732   2.0693011961437406     
        2733   2.0694442652092464     
        2734   2.0698086371447575     
        2735   2.0704014713467900     
        2736   2.0712194131129746     
        2737   2.0722471429535467     
        2738   2.0734571912025976     
        2739   2.0748115153702806     
        2740   2.0762648183614800     
        2741   2.0777688291288761     
        2742   2.0792765566260685     
        2743   2.0807457280619768     
        2744   2.0821409117726435     
        2745   2.0834342090846181     
        2746   2.0846047578930698     
        2747   2.0856375738439694     
        2748   2.0865222361761795     
        2749   2.0872517396420878     
        2750   2.0878217351568149     
        2751   2.0882300288357549     
        2752   2.0884759562992969     
        2753   2.0885593639971138     
        2754   2.0884791614340608     
        2755   2.0882317685143601     
        2756   2.0878099970451731     
        2757   2.0872030831226001     
        2758   2.0863983832683264     
        2759   2.0853847003990014     
        2760   2.0841568466547113     
        2761   2.0827205246843596     
        2762   2.0810962060674454     
        2763   2.0793207344131837     
        2764   2.0774457741371593     
        2765   2.0755330714959466     
        2766   2.0736476308274172     
        2767   2.0718506461107942     
        2768   2.0701939811916961     
        2769   2.0687169468859197     
        2770   2.0674449166820090     
        2771   2.0663886302506893     
        2772   2.0655432686258197     
        2773   2.0648876325383334     
        2774   2.0643847357279630     
        2775   2.0639850152400294     
        2776   2.0636322370715976     
        2777   2.0632709684367629     
        2778   2.0628537057347129     
        2779   2.0623459813018603     
        2780   2.0617287015051504     
        2781   2.0609979440106385     
        2782   2.0601632211200993     
        2783   2.0592453217061828     
        2784   2.0582746600163166     
        2785   2.0572904762394857     
        2786   2.0563404330940185     
        2787   2.0554794560322494     
        2788   2.0547662810865450     
        2789   2.0542565696070256     
        2790   2.0539927453702904     
        2791   2.0539927676114176     
        2792   2.0542416200984945     
        2793   2.0546893182453929     
        2794   2.0552571696731703     
        2795   2.0558508067215784     
        2796   2.0563761346265350     
        2797   2.0567539178387286     
        2798   2.0569300909515591     
        2799   2.0568807824558824     
        2800   2.0566124467682916     
        2801   2.0561581549287355     
        2802   2.0555712681298002     
        2803   2.0549176643692122     
        2804   2.0542675789507672     
        2805   2.0536879825969345     
        2806   2.0532362307812750     
        2807   2.0529555771516872     
        2808   2.0528728371991254     
        2809   2.0529981931733818     
        2810   2.0533267776379880     
        2811   2.0538411941099448     
        2812   2.0545140102966482     
        2813   2.0553095049992001     
        2814   2.0561844329413606     
        2815   2.0570881971045143     
        2816   2.0579633901926928     
        2817   2.0587476085173968     
        2818   2.0593770094538728     
        2819   2.0597914081750357     
        2820   2.0599400021692991     
        2821   2.0597866373362939     
        2822   2.0593135635962789     
        2823   2.0585230777256744     
        2824   2.0574370979566621     
        2825   2.0560952085717519     
        2826   2.0545519817359326     
        2827   2.0528743350920746     
        2828   2.0511393455111495     
        2829   2.0494324284411753     
        2830   2.0478453769289331     
        2831   2.0464735562001697     
        2832   2.0454117307914954     
        2833   2.0447482970079740     
        2834   2.0445581386759684     
        2835   2.0448948355403922     
        2836   2.0457831889256219     
        2837   2.0472132452689444     
        2838   2.0491371933412847     
        2839   2.0514703712581435     
        2840   2.0540971280025233     
        2841   2.0568814150273358     
        2842   2.0596807440299560     
        2843   2.0623611979438428     
        2844   2.0648108716184175     
        2845   2.0669494014202532     
        2846   2.0687322106929673     
        2847   2.0701492214500790     
        2848   2.0712188788985024     
        2849   2.0719791636455920     
        2850   2.0724775788930518     
        2851   2.0727620741647481     
        2852   2.0728743161516738     
        2853   2.0728458057119377     
        2854   2.0726966851819992     
        2855   2.0724365665168243     
        2856   2.0720665304886614     
        2857   2.0715816802103562     
        2858   2.0709739737784498     
        2859   2.0702351427360135     
        2860   2.0693594884300510     
        2861   2.0683463755342091     
        2862   2.0672022880721519     
        2863   2.0659422286989182     
        2864   2.0645902590229572     
        2865   2.0631791915975630     
        2866   2.0617493120302521     
        2867   2.0603460858146345     
        2868   2.0590169715242594     
        2869   2.0578074164780653     
        2870   2.0567562911079471     
        2871   2.0558913205398466     
        2872   2.0552252944643645     
        2873   2.0547540363529362     
        2874   2.0544568954795546     
        2875   2.0542999957306458     
        2876   2.0542417459347173     
        2877   2.0542395612737514     
        2878   2.0542563128903595     
        2879   2.0542650731285401     
        2880   2.0542512595178239     
        2881   2.0542117982799981     
        2882   2.0541515742783361     
        2883   2.0540782291288990     
        2884   2.0539970519714350     
        2885   2.0539076867823964     
        2886   2.0538038742511460     
        2887   2.0536764333520225     
        2888   2.0535184835978395     
        2889   2.0533311909017873     
        2890   2.0531281553298166     
        2891   2.0529369634440027     
        2892   2.0527970968166454     
        2893   2.0527541732176835     
        2894   2.0528513801911754     
        2895   2.0531195556549111     
        2896   2.0535679876808497     
        2897   2.0541780946255455     
        2898   2.0549016106842326     
        2899   2.0556640479869830     
        2900   2.0563729695591904     
        2901   2.0569295484523917     
        2902   2.0572411561594608     
        2903   2.0572329047474214     
        2904   2.0568565822636775     
        2905   2.0560959863079185     
        2906   2.0549684249696307     
        2907   2.0535226557344926     
        2908   2.0518338542471493     
        2909   2.0499962850518521     
        2910   2.0481144857191040     
        2911   2.0462938144747285     
        2912   2.0446312515258609     
        2913   2.0432074516597187     
        2914   2.0420809045598673     
        2915   2.0412848478435790     
        2916   2.0408271987398328     
        2917   2.0406933619128678     
        2918   2.0408512104660606     
        2919   2.0412571722031063     
        2920   2.0418623766444610     
        2921   2.0426179139266685     
        2922   2.0434786460475314     
        2923   2.0444053987289665     
        2924   2.0453656348086966     
        2925   2.0463329836833508     
        2926   2.0472861272790914     
        2927   2.0482074706423856     
        2928   2.0490819075597591     
        2929   2.0498959154799330     
        2930   2.0506370785286712     
        2931   2.0512939102093202     
        2932   2.0518558325711935     
        2933   2.0523132089345069     
        2934   2.0526573143596698     
        2935   2.0528802578820939     
        2936   2.0529749242060742     
        2937   2.0529350617523088     
        2938   2.0527556251383778     
        2939   2.0524333589968831     
        2940   2.0519674998380593     
        2941   2.0513605467993878     
        2942   2.0506190210670106     
        2943   2.0497540115064190     
        2944   2.0487814768423518     
        2945   2.0477222581997863     
        2946   2.0466016592934171     
        2947   2.0454485867775007     
        2948   2.0442942991054229     
        2949   2.0431708641507740     
        2950   2.0421096389118869     
        2951   2.0411401402716316     
        2952   2.0402896883620749     
        2953   2.0395840175606961     
        2954   2.0390485342041704     
        2955   2.0387094783704462     
        2956   2.0385941459484109     
        2957   2.0387294395821103     
        2958   2.0391385390956143     
        2959   2.0398362768221423     
        2960   2.0408245615260383     
        2961   2.0420892821328041     
        2962   2.0435996845805704     
        2963   2.0453104788491818     
        2964   2.0471659847406785     
        2965   2.0491051422439917     
        2966   2.0510661691081791     
        2967   2.0529901620946358     
        2968   2.0548233398475060     
        2969   2.0565180212444951     
        2970   2.0580328932069212     
        2971   2.0593330460026817     
        2972   2.0603901288224837     
        2973   2.0611827662368363     
        2974   2.0616970004492932     
        2975   2.0619263170328974     
        2976   2.0618709803095632     
        2977   2.0615369067733162     
        2978   2.0609348434265917     
        2979   2.0600809269872076     
        2980   2.0589991830088223     
        2981   2.0577251943423116     
        2982   2.0563090342742334     
        2983   2.0548153729164995     
        2984   2.0533195257727281     
        2985   2.0518999517127008     
        2986   2.0506289641082573     
        2987   2.0495634159109346     
        2988   2.0487366722083511     
        2989   2.0481530286662752     
        2990   2.0477858575512160     
        2991   2.0475806514991244     
        2992   2.0474630987821598     
        2993   2.0473505921251753     
        2994   2.0471644048060149     
        2995   2.0468399853510877     
        2996   2.0463339355441446     
        2997   2.0456275338955709     
        2998   2.0447273566802968     
        2999   2.0436635466432902     
        3000   2.0424860709201487     
        3001   2.0412592083411170     
        3002   2.0400547607228106     
        3003   2.0389448646907300     
        3004   2.0379955511915573     
        3005   2.0372621075667268     
        3006   2.0367866556390326     
        3007   2.0365974260283459     
        3008   2.0367085704774843     
        3009   2.0371194232594614     
        3010   2.0378131578238055     
        3011   2.0387560520120074     
        3012   2.0398991814566299     
        3013   2.0411837010627583     
        3014   2.0425492550737321     
        3015   2.0439435725689110     
        3016   2.0453306751693812     
        3017   2.0466954740204422     
        3018   2.0480435098189083     
        3019   2.0493958849435825     
        3020   2.0507804464959283     
        3021   2.0522211624587987     
        3022   2.0537283750279158     
        3023   2.0552924406107875     
        3024   2.0568824637123231     
        3025   2.0584502739931607     
        3026   2.0599381408608775     
        3027   2.0612879873203358     
        3028   2.0624498007015912     
        3029   2.0633875304687095     
        3030   2.0640818310816096     
        3031   2.0645298064049267     
        3032   2.0647423790824035     
        3033   2.0647401408149819     
        3034   2.0645484034553339     
        3035   2.0641921956527418     
        3036   2.0636918253366328     
        3037   2.0630594700901819     
        3038   2.0622972363809051     
        3039   2.0613970195444224     
        3040   2.0603424164947488     
        3041   2.0591126211955362     
        3042   2.0576879416700780     
        3043   2.0560561896663194     
        3044   2.0542187929167079     
        3045   2.0521954000013198     
        3046   2.0500258290514908     
        3047   2.0477685815580124     
        3048   2.0454957477001532     
        3049   2.0432849328241622     
        3050   2.0412096398889576     
        3051   2.0393302792843624     
        3052   2.0376879421996943     
        3053   2.0363022453926902     
        3054   2.0351735123335564     
        3055   2.0342882542733038     
        3056   2.0336258758989536     
        3057   2.0331644420311905     
        3058   2.0328839454585466     
        3059   2.0327665047793246     
        3060   2.0327941286783551     
        3061   2.0329456100641008     
        3062   2.0331943519135836     
        3063   2.0335083494025019     
        3064   2.0338525043965539     
        3065   2.0341925292918073     
        3066   2.0344992193520830     
        3067   2.0347519875298339     
        3068   2.0349412388165589     
        3069   2.0350693822921984     
        3070   2.0351505243986048     
        3071   2.0352089853653905     
        3072   2.0352766728358036     
        3073   2.0353893787891399     
        3074   2.0355822444259570     
        3075   2.0358849617055048     
        3076   2.0363175247174872     
        3077   2.0368873551807551     
        3078   2.0375883467265914     
        3079   2.0384019614332769     
        3080   2.0393000149137746     
        3081   2.0402484117330109     
        3082   2.0412110066935174     
        3083   2.0421529322959722     
        3084   2.0430429373504344     
        3085   2.0438546183470589     
        3086   2.0445666269462524     
        3087   2.0451621165222478     
        3088   2.0456277805343821     
        3089   2.0459529639818621     
        3090   2.0461292503172643     
        3091   2.0461508401861934     
        3092   2.0460160111043741     
        3093   2.0457295044308972     
        3094   2.0453052743454507     
        3095   2.0447688160965112     
        3096   2.0441579754222685     
        3097   2.0435212130018687     
        3098   2.0429129777864805     
        3099   2.0423866991525763     
        3100   2.0419869197863210     
        3101   2.0417427215419468     
        3102   2.0416643872156568     
        3103   2.0417441009893142     
        3104   2.0419600229002217     
        3105   2.0422820645074711     
        3106   2.0426774918067170     
        3107   2.0431150905565665     
        3108   2.0435675260840145     
        3109   2.0440121608223443     
        3110   2.0444308678992953     
        3111   2.0448093919753974     
        3112   2.0451365913072577     
        3113   2.0454038045577558     
        3114   2.0456044885089404     
        3115   2.0457342220329942     
        3116   2.0457910746341632     
        3117   2.0457761955661589     
        3118   2.0456945202514301     
        3119   2.0455554052312639     
        3120   2.0453729700934740     
        3121   2.0451659322396099     
        3122   2.0449568357189638     
        3123   2.0447705940380723     
        3124   2.0446323893762295     
        3125   2.0445651981593085     
        3126   2.0445873525677896     
        3127   2.0447106662295651     
        3128   2.0449395465932727     
        3129   2.0452713060719483     
        3130   2.0456975031459113     
        3131   2.0462058376870362     
        3132   2.0467820495984745     
        3133   2.0474113411059833     
        3134   2.0480791144395964     
        3135   2.0487711379393403     
        3136   2.0494734150006551     
        3137   2.0501721029792774     
        3138   2.0508537553327586     
        3139   2.0515058799562484     
        3140   2.0521176564101986     
        3141   2.0526806061870850     
        3142   2.0531889250683544     
        3143   2.0536393849603591     
        3144   2.0540308087350558     
        3145   2.0543632463723647     
        3146   2.0546370851454694     
        3147   2.0548522589220832     
        3148   2.0550077549481651     
        3149   2.0551014599017177     
        3150   2.0551304043705549     
        3151   2.0550913534217670     
        3152   2.0549816471219873     
        3153   2.0548003162367254     
        3154   2.0545492719951381     
        3155   2.0542343936462575     
        3156   2.0538664439668812     
        3157   2.0534615358436290     
        3158   2.0530409538231340     
        3159   2.0526302453036260     
        3160   2.0522575620598578     
        3161   2.0519514761862272     
        3162   2.0517385265351686     
        3163   2.0516407945422457     
        3164   2.0516738903682636     
        3165   2.0518455622619420     
        3166   2.0521549269318657     
        3167   2.0525922732535458     
        3168   2.0531393245588583     
        3169   2.0537699823586473     
        3170   2.0544516800578752     
        3171   2.0551474473947566     
        3172   2.0558187739316169     
        3173   2.0564290817446569     
        3174   2.0569473030906531     
        3175   2.0573510009957596     
        3176   2.0576284772246214     
        3177   2.0577794747623446     
        3178   2.0578143699703255     
        3179   2.0577520121568891     
        3180   2.0576166444680624     
        3181   2.0574345181519078     
        3182   2.0572309109528857     
        3183   2.0570282128919106     
        3184   2.0568454832228906     
        3185   2.0566993944065617     
        3186   2.0566060019028698     
        3187   2.0565823876216793     
        3188   2.0566470643840282     
        3189   2.0568183627487131     
        3190   2.0571107876467987     
        3191   2.0575303295663900     
        3192   2.0580704185546921     
        3193   2.0587101771950076     
        3194   2.0594158078946090     
        3195   2.0601448013489825     
        3196   2.0608516840208848     
        3197   2.0614936388118177     
        3198   2.0620348427782518     
        3199   2.0624490507313400     
        3200   2.0627205148727441     
        3201   2.0628436716877236     
        3202   2.0628219739227118     
        3203   2.0626662022646212     
        3204   2.0623924259495809     
        3205   2.0620197106592455     
        3206   2.0615677859221706     
        3207   2.0610549104686688     
        3208   2.0604963024215008     
        3209   2.0599033927846744     
        3210   2.0592839584277023     
        3211   2.0586430323461076     
        3212   2.0579841978654656     
        3213   2.0573107801848272     
        3214   2.0566265150004277     
        3215   2.0559354402749541     
        3216   2.0552410665521341     
        3217   2.0545451009582090     
        3218   2.0538461300835071     
        3219   2.0531388443007974     
        3220   2.0524143426572654     
        3221   2.0516618317803852     
        3222   2.0508718500943259     
        3223   2.0500408183876622     
        3224   2.0491762454823226     
        3225   2.0483014709806509     
        3226   2.0474583387077443     
        3227   2.0467059888998764     
        3228   2.0461146194237689     
        3229   2.0457543704096235     
        3230   2.0456813185080294     
        3231   2.0459240936373053     
        3232   2.0464749523480732     
        3233   2.0472878524276013     
        3234   2.0482837009598778     
        3235   2.0493609523988301     
        3236   2.0504089234494902     
        3237   2.0513214924275300     
        3238   2.0520097283369374     
        3239   2.0524126863059085     
        3240   2.0525056355841009     
        3241   2.0523043607070268     
        3242   2.0518635051237264     
        3243   2.0512672958457276     
        3244   2.0506124931866143     
        3245   2.0499865282662326     
        3246   2.0494469110182183     
        3247   2.0490087789812126     
        3248   2.0486449160487652     
        3249   2.0482975203487754     
        3250   2.0478966072695668     
        3251   2.0473784639529429     
        3252   2.0466992232131793     
        3253   2.0458416315558909     
        3254   2.0448156369906467     
        3255   2.0436545443712184     
        3256   2.0424087019690154     
        3257   2.0411383557421030     
        3258   2.0399068834438596     
        3259   2.0387755649502539     
        3260   2.0378009083014605     
        3261   2.0370351605363339     
        3262   2.0365296614123456     
        3263   2.0363393015348596     
        3264   2.0365248850793432     
        3265   2.0371496251622920     
        3266   2.0382676223656278     
        3267   2.0399061916523045     
        3268   2.0420484639319580     
        3269   2.0446248530356068     
        3270   2.0475187189203821     
        3271   2.0505844428097633     
        3272   2.0536703685513777     
        3273   2.0566381767211581     
        3274   2.0593741125968101     
        3275   2.0617924359566340     
        3276   2.0638343075884000     
        3277   2.0654653870355801     
        3278   2.0666739225622837     
        3279   2.0674694154996045     
        3280   2.0678810013390567     
        3281   2.0679545222765472     
        3282   2.0677477412921497     
        3283   2.0673239301751103     
        3284   2.0667448357271017     
        3285   2.0660645629033358     
        3286   2.0653258837432094     
        3287   2.0645599720767631     
        3288   2.0637895030634041     
        3289   2.0630339724497717     
        3290   2.0623152789521231     
        3291   2.0616614927630552     
        3292   2.0611073306245542     
        3293   2.0606906093003325     
        3294   2.0604450550055535     
        3295   2.0603909278647312     
        3296   2.0605258008670320     
        3297   2.0608182474286103     
        3298   2.0612067156861760     
        3299   2.0616046254063547     
        3300   2.0619109725220230     
        3301   2.0620242370088238     
        3302   2.0618567675858297     
        3303   2.0613470721876861     
        3304   2.0604681724972820     
        3305   2.0592310243782297     
        3306   2.0576827484252065     
        3307   2.0559000197128317     
        3308   2.0539784864818933     
        3309   2.0520198467844146     
        3310   2.0501189632727477     
        3311   2.0483536843564463     
        3312   2.0467796685320128     
        3313   2.0454309514189029     
        3314   2.0443251977582197     
        3315   2.0434711514190718     
        3316   2.0428752411154982     
        3317   2.0425451625770501     
        3318   2.0424897087988416     
        3319   2.0427156149499992     
        3320   2.0432229603652212     
        3321   2.0440007681258239     
        3322   2.0450240847190471     
        3323   2.0462531854521768     
        3324   2.0476351218521871     
        3325   2.0491072904141809     
        3326   2.0506022324149478     
        3327   2.0520527551151946     
        3328   2.0533965983188489     
        3329   2.0545801960127434     
        3330   2.0555614842358576     
        3331   2.0563118816854691     
        3332   2.0568175263990174     
        3333   2.0570797981021505     
        3334   2.0571150368259827     
        3335   2.0569532438624458     
        3336   2.0566355556580689     
        3337   2.0562104266275676     
        3338   2.0557286045524052     
        3339   2.0552372909784036     
        3340   2.0547744002263819     
        3341   2.0543639173828465     
        3342   2.0540133098301552     
        3343   2.0537136338835711     
        3344   2.0534423545114331     
        3345   2.0531682967935181     
        3346   2.0528576442968731     
        3347   2.0524798059780935     
        3348   2.0520122043404272     
        3349   2.0514434425169155     
        3350   2.0507748140428830     
        3351   2.0500204585298878     
        3352   2.0492066260063275     
        3353   2.0483704583069544     
        3354   2.0475585176355380     
        3355   2.0468249508458163     
        3356   2.0462287896489340     
        3357   2.0458297667183314     
        3358   2.0456822339843046     
        3359   2.0458274605653819     
        3360   2.0462856523733772     
        3361   2.0470499668594666     
        3362   2.0480846378641155     
        3363   2.0493282117990081     
        3364   2.0507011697188320     
        3365   2.0521157939719950     
        3366   2.0534858105904412     
        3367   2.0547340074274931     
        3368   2.0557970865604980     
        3369   2.0566279191935584     
        3370   2.0571959217641513     
        3371   2.0574863644962278     
        3372   2.0574991227205390     
        3373   2.0572470880629528     
        3374   2.0567543870750038     
        3375   2.0560543776361482     
        3376   2.0551872915967819     
        3377   2.0541974781463881     
        3378   2.0531302148104809     
        3379   2.0520281782287859     
        3380   2.0509279934276421     
        3381   2.0498573308839405     
        3382   2.0488331754445670     
        3383   2.0478616305335970     
        3384   2.0469391542582192     
        3385   2.0460549666932519     
        3386   2.0451942938502814     
        3387   2.0443422296868610     
        3388   2.0434878951221629     
        3389   2.0426282054973628     
        3390   2.0417700716597036     
        3391   2.0409296929790148     
        3392   2.0401284929431869     
        3393   2.0393869175159214     
        3394   2.0387184960767009     
        3395   2.0381266353744989     
        3396   2.0376051385084675     
        3397   2.0371415977550100     
        3398   2.0367219014880802     
        3399   2.0363341421871639     
        3400   2.0359709806658586     
        3401   2.0356302635440269     
        3402   2.0353141158162598     
        3403   2.0350270366502778     
        3404   2.0347737345364778     
        3405   2.0345574916617308     
        3406   2.0343797084295847     
        3407   2.0342407074502682     
        3408   2.0341412546664190     
        3409   2.0340838906409822     
        3410   2.0340731469736535     
        3411   2.0341143287508290     
        3412   2.0342112295549368     
        3413   2.0343636576918787     
        3414   2.0345657399463684     
        3415   2.0348056217004835     
        3416   2.0350667096530684     
        3417   2.0353300326779245     
        3418   2.0355770095488444     
        3419   2.0357919028490858     
        3420   2.0359633505691410     
        3421   2.0360846006857076     
        3422   2.0361524843761045     
        3423   2.0361654211885210     
        3424   2.0361211115991966     
        3425   2.0360148148741439     
        3426   2.0358389519468174     
        3427   2.0355845209125647     
        3428   2.0352442057305815     
        3429   2.0348164620902112     
        3430   2.0343095011452066     
        3431   2.0337440139180876     
        3432   2.0331539215408272     
        3433   2.0325847479742727     
        3434   2.0320896567735716     
        3435   2.0317237626056670     
        3436   2.0315375910884979     
        3437   2.0315706723044147     
        3438   2.0318462993997866     
        3439   2.0323683759891300     
        3440   2.0331210724750486     
        3441   2.0340716608371285     
        3442   2.0351762969223595     
        3443   2.0363879769611160     
        3444   2.0376652494852743     
        3445   2.0389797678524895     
        3446   2.0403207616397672     
        3447   2.0416948075040020     
        3448   2.0431202014819534     
        3449   2.0446167951386749     
        3450   2.0461940407055739     
        3451   2.0478411968692103     
        3452   2.0495233753831474     
        3453   2.0511850463042554     
        3454   2.0527596100020276     
        3455   2.0541814840360058     
        3456   2.0553967914566860     
        3457   2.0563702090123992     
        3458   2.0570873072597204     
        3459   2.0575530620766016     
        3460   2.0577878132188312     
        3461   2.0578219269905040     
        3462   2.0576902534966099     
        3463   2.0574271577318108     
        3464   2.0570627376140918     
        3465   2.0566207306125026     
        3466   2.0561182846429515     
        3467   2.0555674520274301     
        3468   2.0549779621339126     
        3469   2.0543604037426957     
        3470   2.0537287572058407     
        3471   2.0531012689251291     
        3472   2.0524990108565220     
        3473   2.0519422640192873     
        3474   2.0514458254006676     
        3475   2.0510149938566484     
        3476   2.0506439523594917     
        3477   2.0503173388810763     
        3478   2.0500145716489415     
        3479   2.0497155845542925     
        3480   2.0494062796108432     
        3481   2.0490824978835711     
        3482   2.0487520884774715     
        3483   2.0484350056760880     
        3484   2.0481617298681978     
        3485   2.0479701372070074     
        3486   2.0479008150028473     
        3487   2.0479910704256601     
        3488   2.0482681798847127     
        3489   2.0487430138272957     
        3490   2.0494054880856520     
        3491   2.0502231065240144     
        3492   2.0511431547750436     
        3493   2.0520982437799749     
        3494   2.0530139822333977     
        3495   2.0538171115484998     
        3496   2.0544426560299573     
        3497   2.0548392175389822     
        3498   2.0549720968744851     
        3499   2.0548244489842280     
        3500   2.0543970069682520     
        3501   2.0537067703267757     
        3502   2.0527850845376734     
        3503   2.0516754116275138     
        3504   2.0504307961453221     
        3505   2.0491110758805240     
        3506   2.0477797871967964     
        3507   2.0465006657456635     
        3508   2.0453336444525290     
        3509   2.0443304710183496     
        3510   2.0435303478273297     
        3511   2.0429562898245237     
        3512   2.0426130857764746     
        3513   2.0424875580512531     
        3514   2.0425513370719846     
        3515   2.0427657544490145     
        3516   2.0430878863639967     
        3517   2.0434765263230799     
        3518   2.0438970987343161     
        3519   2.0443249125155862     
        3520   2.0447465430811236     
        3521   2.0451595025656406     
        3522   2.0455706127710451     
        3523   2.0459933834315120     
        3524   2.0464447531994008     
        3525   2.0469415352632967     
        3526   2.0474968337828972     
        3527   2.0481168337547269     
        3528   2.0487983440288913     
        3529   2.0495274425173520     
        3530   2.0502795221281644     
        3531   2.0510208351457524     
        3532   2.0517114742941307     
        3533   2.0523094080625635     
        3534   2.0527749915803897     
        3535   2.0530753731065774     
        3536   2.0531882219695818     
        3537   2.0531044329397008     
        3538   2.0528296409395250     
        3539   2.0523845845713318     
        3540   2.0518043972816717     
        3541   2.0511368314400489     
        3542   2.0504393018405640     
        3543   2.0497743639254891     
        3544   2.0492033173218247     
        3545   2.0487781161044825     
        3546   2.0485327589309632     
        3547   2.0484761616610667     
        3548   2.0485887015344848     
        3549   2.0488237977795669     
        3550   2.0491143009502113     
        3551   2.0493821868393320     
        3552   2.0495494101158402     
        3553   2.0495480002793598     
        3554   2.0493281074209992     
        3555   2.0488634260134586     
        3556   2.0481539463591578     
        3557   2.0472263003581461     
        3558   2.0461319650095131     
        3559   2.0449433531656842     
        3560   2.0437476415966556     
        3561   2.0426381563812184     
        3562   2.0417036737048826     
        3563   2.0410169337867834     
        3564   2.0406245395106213     
        3565   2.0405405896854680     
        3566   2.0407457627761132     
        3567   2.0411921185798749     
        3568   2.0418121840666053     
        3569   2.0425299350814701     
        3570   2.0432713118969064     
        3571   2.0439728087712470     
        3572   2.0445877378032589     
        3573   2.0450905965852493     
        3574   2.0454802622758272     
        3575   2.0457823772918031     
        3576   2.0460502778134617     
        3577   2.0463626199344302     
        3578   2.0468154760746975     
        3579   2.0475076005046975     
        3580   2.0485205219218074     
        3581   2.0498988688838762     
        3582   2.0516381620025670     
        3583   2.0536852624010731     
        3584   2.0559511457037929     
        3585   2.0583303622473581     
        3586   2.0607199446255908     
        3587   2.0630326557501557     
        3588   2.0652031396264126     
        3589   2.0671883620028009     
        3590   2.0689647207417852     
        3591   2.0705239071430523     
        3592   2.0718688282687014     
        3593   2.0730101677259332     
        3594   2.0739637498621972     
        3595   2.0747485513014516     
        3596   2.0753850808875773     
        3597   2.0758940285017777     
        3598   2.0762950662708417     
        3599   2.0766058099402973     
        3600   2.0768410958767904     
        3601   2.0770126542312539     
        3602   2.0771291732791428     
        3603   2.0771966992935909     
        3604   2.0772192330303314     
        3605   2.0771993394226071     
        3606   2.0771386130128007     
        3607   2.0770379243057051     
        3608   2.0768974338390747     
        3609   2.0767163458178644     
        3610   2.0764924697467038     
        3611   2.0762217233282194     
        3612   2.0758976929752637     
        3613   2.0755113318719172     
        3614   2.0750508402728487     
        3615   2.0745017867723257     
        3616   2.0738475369738372     
        3617   2.0730699171558449     
        3618   2.0721501113105774     
        3619   2.0710698434247479     
        3620   2.0698127930976331     
        3621   2.0683662384053849     
        3622   2.0667229554287339     
        3623   2.0648833926191164     
        3624   2.0628581455051926     
        3625   2.0606707234010893     
        3626   2.0583603420177456     
        3627   2.0559839339377382     
        3628   2.0536158302804490     
        3629   2.0513431999203906     
        3630   2.0492556219047771     
        3631   2.0474290351015796     
        3632   2.0459078429213684     
        3633   2.0446916410184484     
        3634   2.0437326818920498     
        3635   2.0429459160219228     
        3636   2.0422278055289498     
        3637   2.0414769675966342     
        3638   2.0406104513204495     
        3639   2.0395729538802128     
        3640   2.0383395047908563     
        3641   2.0369137234554633     
        3642   2.0353237657185734     
        3643   2.0336173344389561     
        3644   2.0318564020293164     
        3645   2.0301118383324392     
        3646   2.0284581537072839     
        3647   2.0269684983741953     
        3648   2.0257100907305641     
        3649   2.0247402122099269     
        3650   2.0241028280985538     
        3651   2.0238259346646608     
        3652   2.0239197836873997     
        3653   2.0243762166151624     
        3654   2.0251692755776030     
        3655   2.0262573036654796     
        3656   2.0275865117945187     
        3657   2.0290956860530884     
        3658   2.0307214942192005     
        3659   2.0324036986125074     
        3660   2.0340895956189109     
        3661   2.0357372021335935     
        3662   2.0373170629335084     
        3663   2.0388128671332493     
        3664   2.0402213426101743     
        3665   2.0415516954559805     
        3666   2.0428243776397967     
        3667   2.0440687133840578     
        3668   2.0453188342796040     
        3669   2.0466078803668237     
        3670   2.0479612521028909     
        3671   2.0493903863475005     
        3672   2.0508887956921016     
        3673   2.0524316525759168     
        3674   2.0539791402238716     
        3675   2.0554826119480767     
        3676   2.0568919558205665     
        3677   2.0581624389984730     
        3678   2.0592598116784417     
        3679   2.0601632074866076     
        3680   2.0608659296653959     
        3681   2.0613746109207285     
        3682   2.0617073797918364     
        3683   2.0618915282261630     
        3684   2.0619610359447322     
        3685   2.0619542666932462     
        3686   2.0619119109789450     
        3687   2.0618749545370583     
        3688   2.0618824365706181     
        3689   2.0619687113253882     
        3690   2.0621601846021562     
        3691   2.0624718550105636     
        3692   2.0629043578901647     
        3693   2.0634424211332290     
        3694   2.0640553880479504     
        3695   2.0646999724009452     
        3696   2.0653247771081000     
        3697   2.0658758762368308     
        3698   2.0663027020067526     
        3699   2.0665636134912631     
        3700   2.0666309824633156     
        3701   2.0664956368658940     
        3702   2.0661700438939588     
        3703   2.0656892227797141     
        3704   2.0651080530587982     
        3705   2.0644940607289066     
        3706   2.0639160917310591     
        3707   2.0634312002759678     
        3708   2.0630736111212169     
        3709   2.0628494030566742     
        3710   2.0627384515262599     
        3711   2.0627021187001722     
        3712   2.0626931262191417     
        3713   2.0626642484217377     
        3714   2.0625741502273538     
        3715   2.0623904992927962     
        3716   2.0620914995216388     
        3717   2.0616669985122540     
        3718   2.0611197051699568     
        3719   2.0604662445533823     
        3720   2.0597372903745366     
        3721   2.0589760303044584     
        3722   2.0582345352513420     
        3723   2.0575683084133400     
        3724   2.0570299686510474     
        3725   2.0566632326182215     
        3726   2.0564981157589726     
        3727   2.0565476143065111     
        3728   2.0568056816047959     
        3729   2.0572464459204167     
        3730   2.0578251030752446     
        3731   2.0584813551592003     
        3732   2.0591457466509109     
        3733   2.0597480278341251     
        3734   2.0602258756726002     
        3735   2.0605320776565059     
        3736   2.0606390205860379     
        3737   2.0605403705039755     
        3738   2.0602504982383629     
        3739   2.0598025151234172     
        3740   2.0592455118209196     
        3741   2.0586411791060821     
        3742   2.0580596268273914     
        3743   2.0575740322826896     
        3744   2.0572540582430543     
        3745   2.0571584298188701     
        3746   2.0573276452191829     
        3747   2.0577783210561544     
        3748   2.0585004846322157     
        3749   2.0594584598895076     
        3750   2.0605952179678524     
        3751   2.0618392982168703     
        3752   2.0631128908674317     
        3753   2.0643397713502809     
        3754   2.0654520719286316     
        3755   2.0663950871361823     
        3756   2.0671298903136353     
        3757   2.0676339881153973     
        3758   2.0679002913279008     
        3759   2.0679348527917916     
        3760   2.0677537811653650     
        3761   2.0673795900356344     
        3762   2.0668373512649740     
        3763   2.0661509778118834     
        3764   2.0653401134881602     
        3765   2.0644182678835392     
        3766   2.0633926748130320     
        3767   2.0622660743834946     
        3768   2.0610401964968270     
        3769   2.0597202779301784     
        3770   2.0583196394710654     
        3771   2.0568632427006803     
        3772   2.0553892043473962     
        3773   2.0539476727695942     
        3774   2.0525969668848938     
        3775   2.0513974113332258     
        3776   2.0504038636415785     
        3777   2.0496583912663406     
        3778   2.0491845794016879     
        3779   2.0489845594201057     
        3780   2.0490392960810415     
        3781   2.0493119024841091     
        3782   2.0497530944020887     
        3783   2.0503075249318581     
        3784   2.0509197790710125     
        3785   2.0515391653165862     
        3786   2.0521227825943336     
        3787   2.0526367081937695     
        3788   2.0530555926695961     
        3789   2.0533611135567917     
        3790   2.0535399245478678     
        3791   2.0535817380165362     
        3792   2.0534781470316203     
        3793   2.0532228890469937     
        3794   2.0528141488082472     
        3795   2.0522590025384293     
        3796   2.0515792119059379     
        3797   2.0508163840890630     
        3798   2.0500333812446283     
        3799   2.0493088513532882     
        3800   2.0487236930502566     
        3801   2.0483422784848346     
        3802   2.0481953202777121     
        3803   2.0482718990138649     
        3804   2.0485241375936951     
        3805   2.0488816162550760     
        3806   2.0492685070171928     
        3807   2.0496169705627145     
        3808   2.0498740144805283     
        3809   2.0500028093325438     
        3810   2.0499810115372843     
        3811   2.0497983254551988     
        3812   2.0494543514658714     
        3813   2.0489566871123355     
        3814   2.0483189055342299     
        3815   2.0475581154677904     
        3816   2.0466921850390261     
        3817   2.0457370996361011     
        3818   2.0447049642656787     
        3819   2.0436032222700984     
        3820   2.0424354030301024     
        3821   2.0412033630992523     
        3822   2.0399106512046523     
        3823   2.0385664507875694     
        3824   2.0371893883063135     
        3825   2.0358102866742822     
        3826   2.0344731123374391     
        3827   2.0332335296579869     
        3828   2.0321549383079280     
        3829   2.0313024412280676     
        3830   2.0307357912305988     
        3831   2.0305028354149237     
        3832   2.0306347833682334     
        3833   2.0311439884749571     
        3834   2.0320241915611370     
        3835   2.0332526129020163     
        3836   2.0347931333604841     
        3837   2.0365998952393540     
        3838   2.0386208340767058     
        3839   2.0408007522338765     
        3840   2.0430836693754419     
        3841   2.0454142166667344     
        3842   2.0477381269827806     
        3843   2.0500022141237899     
        3844   2.0521543302950320     
        3845   2.0541437519826764     
        3846   2.0559222938235089     
        3847   2.0574461559033943     
        3848   2.0586781486785162     
        3849   2.0595898369196610     
        3850   2.0601631044204711     
        3851   2.0603908604590613     
        3852   2.0602770050699353     
        3853   2.0598360233364783     
        3854   2.0590927646977675     
        3855   2.0580828055515417     
        3856   2.0568534258495901     
        3857   2.0554648216790232     
        3858   2.0539907683291649     
        3859   2.0525176182075446     
        3860   2.0511406919351756     
        3861   2.0499577009744305     
        3862   2.0490595210565270     
        3863   2.0485196364594245     
        3864   2.0483843032318214     
        3865   2.0486658397466577     
        3866   2.0493408767393060     
        3867   2.0503540472002650     
        3868   2.0516262454440666     
        3869   2.0530653567298018     
        3870   2.0545770254786304     
        3871   2.0560735696974186     
        3872   2.0574799676027484     
        3873   2.0587368093921246     
        3874   2.0598008062939028     
        3875   2.0606436592392754     
        3876   2.0612501145383808     
        3877   2.0616158403523679     
        3878   2.0617455275479752     
        3879   2.0616514440607858     
        3880   2.0613523942911045     
        3881   2.0608729123971559     
        3882   2.0602423517115813     
        3883   2.0594934326379613     
        3884   2.0586599053092893     
        3885   2.0577732742435719     
        3886   2.0568591312634537     
        3887   2.0559341967618185     
        3888   2.0550054127083643     
        3889   2.0540720037648956     
        3890   2.0531303945708150     
        3891   2.0521806284688804     
        3892   2.0512320531813586     
        3893   2.0503062589376442     
        3894   2.0494362828909414     
        3895   2.0486624125641528     
        3896   2.0480259413478632     
        3897   2.0475627690267011     
        3898   2.0472983861706928     
        3899   2.0472450375173796     
        3900   2.0474012025387633     
        3901   2.0477528629706385     
        3902   2.0482757916865268     
        3903   2.0489382044351925     
        3904   2.0497034649484789     
        3905   2.0505327777215232     
        3906   2.0513880096783268     
        3907   2.0522347260004312     
        3908   2.0530451490416524     
        3909   2.0538003933722262     
        3910   2.0544912885112114     
        3911   2.0551172920729681     
        3912   2.0556835361473955     
        3913   2.0561966129770450     
        3914   2.0566601849348820     
        3915   2.0570716861835212     
        3916   2.0574210219174920     
        3917   2.0576916935523673     
        3918   2.0578639667188217     
        3919   2.0579190879374507     
        3920   2.0578435102786226     
        3921   2.0576322070019968     
        3922   2.0572905005733291     
        3923   2.0568343017071662     
        3924   2.0562889513748406     
        3925   2.0556869559648203     
        3926   2.0550649083085446     
        3927   2.0544599918534026     
        3928   2.0539065382367889     
        3929   2.0534330996451224     
        3930   2.0530605541100315     
        3931   2.0528015594048057     
        3932   2.0526611446895524     
        3933   2.0526379489292235     
        3934   2.0527255145440781     
        3935   2.0529131777575524     
        3936   2.0531864209915418     
        3937   2.0535268592705860     
        3938   2.0539122049109992     
        3939   2.0543166668317316     
        3940   2.0547121054207214     
        3941   2.0550699923503970     
        3942   2.0553638397664238     
        3943   2.0555715727046948     
        3944   2.0556774067079702     
        3945   2.0556727589134236     
        3946   2.0555559599120801     
        3947   2.0553307589042045     
        3948   2.0550039714312529     
        3949   2.0545828330674802     
        3950   2.0540725446951122     
        3951   2.0534745223848585     
        3952   2.0527857064326396     
        3953   2.0519990195923214     
        3954   2.0511049478159338     
        3955   2.0500940699612613     
        3956   2.0489601853411603     
        3957   2.0477035970871253     
        3958   2.0463340222404036     
        3959   2.0448725495024789     
        3960   2.0433521462872593     
        3961   2.0418164023893457     
        3962   2.0403163510640452     
        3963   2.0389054866210263     
        3964   2.0376333553091608     
        3965   2.0365383407334106     
        3966   2.0356407756658172     
        3967   2.0349379575072897     
        3968   2.0344026458259887     
        3969   2.0339860148241091     
        3970   2.0336249522807823     
        3971   2.0332521881551795     
        3972   2.0328070010147687     
        3973   2.0322444793165060     
        3974   2.0315419728994968     
        3975   2.0307021576506514     
        3976   2.0297526216576345     
        3977   2.0287422913615476     
        3978   2.0277354067344313     
        3979   2.0268039931729045     
        3980   2.0260199450497858     
        3981   2.0254478037620443     
        3982   2.0251388965510153     
        3983   2.0251270774209273     
        3984   2.0254261603128336     
        3985   2.0260290869686743     
        3986   2.0269089733474415     
        3987   2.0280221419961388     
        3988   2.0293128791403912     
        3989   2.0307191199154055     
        3990   2.0321780254077386     
        3991   2.0336306971139884     
        3992   2.0350256194407526     
        3993   2.0363208043788044     
        3994   2.0374849142075195     
        3995   2.0384977086605263     
        3996   2.0393501148541420     
        3997   2.0400439781971009     
        3998   2.0405914245969163     
        3999   2.0410136716752629     
        4000   2.0413390030768834     
