        2001   2.0576023334123765     
        2002   2.0517410970199537     
        2003   2.0448482578971534     
        2004   2.0408144606931651     
        2005   2.0437592968031839     
        2006   2.0519904956858146     
        2007   2.0608101568699935     
        2008   2.0672776881438359     
        2009   2.0703453075645459     
        2010   2.0703015923642094     
        2011   2.0693073801851023     
        2012   2.0695752434703887     
        2013   2.0701005707989055     
        2014   2.0684706701988134     
        2015   2.0641016842610482     
        2016   2.0581837555910591     
        2017   2.0519345499826249     
        2018   2.0468676381152382     
        2019   2.0445750580461635     
        2020   2.0460919224015095     
        2021   2.0498017938021551     
        2022   2.0516184861954696     
        2023   2.0493851736105246     
        2024   2.0460412128244494     
        2025   2.0489252581854416     
        2026   2.0592068735786508     
        2027   2.0689028996590135     
        2028   2.0744973440854553     
        2029   2.0772236523795544     
        2030   2.0780357629515485     
        2031   2.0772529152540282     
        2032   2.0760271399241241     
        2033   2.0762846009678202     
        2034   2.0788193212929316     
        2035   2.0812599007221024     
        2036   2.0806311037958491     
        2037   2.0776002791315111     
        2038   2.0754542828697646     
        2039   2.0746979849806366     
        2040   2.0731828308299094     
        2041   2.0711249720190335     
        2042   2.0712508512075067     
        2043   2.0739262426814218     
        2044   2.0773549782678846     
        2045   2.0801641812660248     
        2046   2.0799347623932198     
        2047   2.0753523789061958     
        2048   2.0667442377560516     
        2049   2.0576125095418889     
        2050   2.0557996663471525     
        2051   2.0623899142749904     
        2052   2.0701153311011939     
        2053   2.0762293401167469     
        2054   2.0819686834991233     
        2055   2.0864706912386319     
        2056   2.0870693688678257     
        2057   2.0826871804634233     
        2058   2.0754340250333971     
        2059   2.0692209402360966     
        2060   2.0668502738923631     
        2061   2.0688665256109666     
        2062   2.0746316953998911     
        2063   2.0825126263416651     
        2064   2.0902071532304927     
        2065   2.0962314671156763     
        2066   2.1002388170537345     
        2067   2.1019188807011657     
        2068   2.1008668386116742     
        2069   2.0979790027433491     
        2070   2.0958359167116791     
        2071   2.0959853786652913     
        2072   2.0975581724379060     
        2073   2.0993842980843040     
        2074   2.1008304456324294     
        2075   2.1009185853350889     
        2076   2.0989882367214450     
        2077   2.0949098562250836     
        2078   2.0882093385668026     
        2079   2.0802064525780435     
        2080   2.0757407512813746     
        2081   2.0780913236834944     
        2082   2.0847934546881381     
        2083   2.0909183388674362     
        2084   2.0941599245836926     
        2085   2.0953848399703041     
        2086   2.0952998673921002     
        2087   2.0934393091086663     
        2088   2.0896743279727432     
        2089   2.0869055960671563     
        2090   2.0883989914481238     
        2091   2.0922522991968533     
        2092   2.0944590341213849     
        2093   2.0938435401993121     
        2094   2.0921758064663933     
        2095   2.0923806087867232     
        2096   2.0943401653924574     
        2097   2.0957075330198220     
        2098   2.0956649068957218     
        2099   2.0946496679265771     
        2100   2.0926638489552416     
        2101   2.0891190781272222     
        2102   2.0854375063660733     
        2103   2.0835548655786331     
        2104   2.0829484571764061     
        2105   2.0811516033168438     
        2106   2.0765842029472972     
        2107   2.0726051038706035     
        2108   2.0736663302863745     
        2109   2.0793256156985662     
        2110   2.0857150953343964     
        2111   2.0910523732066340     
        2112   2.0970766585642440     
        2113   2.1040519703533036     
        2114   2.1075752783820718     
        2115   2.1043806036512933     
        2116   2.0958767283488879     
        2117   2.0860637273053428     
        2118   2.0788530953272923     
        2119   2.0754473913815046     
        2120   2.0750256372878555     
        2121   2.0772901796473633     
        2122   2.0818402583221003     
        2123   2.0870473100773128     
        2124   2.0908472530500020     
        2125   2.0921895558204797     
        2126   2.0915178291307535     
        2127   2.0899658259421794     
        2128   2.0881420252513005     
        2129   2.0860693443910301     
        2130   2.0835786221146861     
        2131   2.0814354559310249     
        2132   2.0806348366838057     
        2133   2.0810399462164471     
        2134   2.0823346298301506     
        2135   2.0855309324982882     
        2136   2.0911975319662059     
        2137   2.0957425949041806     
        2138   2.0950045491355667     
        2139   2.0899358834562034     
        2140   2.0848885951232963     
        2141   2.0814329063478065     
        2142   2.0791055515415922     
        2143   2.0791811630378976     
        2144   2.0825703830894198     
        2145   2.0866875480382565     
        2146   2.0879255516359647     
        2147   2.0844257640633210     
        2148   2.0760168304186548     
        2149   2.0644080659752295     
        2150   2.0545867290847091     
        2151   2.0520863074860358     
        2152   2.0571093658880741     
        2153   2.0652231165847956     
        2154   2.0720097260591746     
        2155   2.0749880085985470     
        2156   2.0740116217030207     
        2157   2.0705366209386038     
        2158   2.0665055746888847     
        2159   2.0644218070827676     
        2160   2.0677714411698349     
        2161   2.0760314236994502     
        2162   2.0828692419315620     
        2163   2.0850303698999624     
        2164   2.0839955102502361     
        2165   2.0820709079685598     
        2166   2.0808937542187045     
        2167   2.0806499311800990     
        2168   2.0802169406245059     
        2169   2.0803779451476494     
        2170   2.0843624121967901     
        2171   2.0903576729254167     
        2172   2.0927182419413075     
        2173   2.0891439063030699     
        2174   2.0804672622167093     
        2175   2.0696911914137077     
        2176   2.0611500149676685     
        2177   2.0580754434241402     
        2178   2.0602089316580119     
        2179   2.0644233194824650     
        2180   2.0683904429860176     
        2181   2.0721740817456209     
        2182   2.0748435381564052     
        2183   2.0749786175527558     
        2184   2.0737342051993846     
        2185   2.0726799209619911     
        2186   2.0728804533152574     
        2187   2.0746455119472231     
        2188   2.0755983584582882     
        2189   2.0725967347722261     
        2190   2.0659403879300573     
        2191   2.0597145069280938     
        2192   2.0568342919327582     
        2193   2.0572270741485759     
        2194   2.0603355582292799     
        2195   2.0654587706485312     
        2196   2.0710297804862470     
        2197   2.0739606927500156     
        2198   2.0731887681332908     
        2199   2.0703898936091298     
        2200   2.0653777257446255     
        2201   2.0583828559741875     
        2202   2.0520332213017873     
        2203   2.0482356955782866     
        2204   2.0467111133214710     
        2205   2.0458417109582956     
        2206   2.0442500705469016     
        2207   2.0433953703187306     
        2208   2.0461201432262230     
        2209   2.0516343527537817     
        2210   2.0566165025788683     
        2211   2.0597865979807541     
        2212   2.0624073240011440     
        2213   2.0656609789023004     
        2214   2.0690660130010929     
        2215   2.0712068821498182     
        2216   2.0705640725698031     
        2217   2.0663928304892107     
        2218   2.0602434125277518     
        2219   2.0549040907730101     
        2220   2.0511763946985528     
        2221   2.0484491653016157     
        2222   2.0478834872258975     
        2223   2.0506623744430041     
        2224   2.0547976923653253     
        2225   2.0570681664246684     
        2226   2.0562922923875622     
        2227   2.0533081669387494     
        2228   2.0494287368044781     
        2229   2.0465113365444823     
        2230   2.0457812434656977     
        2231   2.0464850480131833     
        2232   2.0475651754262221     
        2233   2.0485616212808311     
        2234   2.0486733728690956     
        2235   2.0473781772257142     
        2236   2.0451479082759580     
        2237   2.0419446872442792     
        2238   2.0373692283482812     
        2239   2.0325678225512345     
        2240   2.0295888171792016     
        2241   2.0298524773387614     
        2242   2.0333641003293281     
        2243   2.0391039734883876     
        2244   2.0452920068718252     
        2245   2.0501496866161553     
        2246   2.0544843224502012     
        2247   2.0581299976646950     
        2248   2.0590974972695437     
        2249   2.0577759365175505     
        2250   2.0554001472420964     
        2251   2.0522552903816660     
        2252   2.0493779296682977     
        2253   2.0484874365418038     
        2254   2.0506257590744572     
        2255   2.0551887469782883     
        2256   2.0594467544692368     
        2257   2.0602251256012898     
        2258   2.0562956918685362     
        2259   2.0497909616772856     
        2260   2.0445291310118399     
        2261   2.0421233361868074     
        2262   2.0419725247240792     
        2263   2.0430006590004934     
        2264   2.0442822596743642     
        2265   2.0453005953846404     
        2266   2.0454108346646276     
        2267   2.0439033410516418     
        2268   2.0410805662142830     
        2269   2.0385276296271146     
        2270   2.0375659084290985     
        2271   2.0375397094851571     
        2272   2.0370402240692385     
        2273   2.0366462171126525     
        2274   2.0366068279535448     
        2275   2.0363359228374227     
        2276   2.0366085133697114     
        2277   2.0373149600692138     
        2278   2.0378544849693885     
        2279   2.0400240110782164     
        2280   2.0446835963452616     
        2281   2.0485790337599674     
        2282   2.0489162510231513     
        2283   2.0451975034612064     
        2284   2.0385526939215959     
        2285   2.0315393417076373     
        2286   2.0273800237775013     
        2287   2.0271726912953705     
        2288   2.0289957577797044     
        2289   2.0307063045144114     
        2290   2.0316269995411766     
        2291   2.0319614386220093     
        2292   2.0318606089053688     
        2293   2.0322110578252324     
        2294   2.0339531011681657     
        2295   2.0362989789384875     
        2296   2.0383948503709086     
        2297   2.0400280589029829     
        2298   2.0411550582782501     
        2299   2.0419419673046595     
        2300   2.0423772211523912     
        2301   2.0423170764742107     
        2302   2.0421368945685487     
        2303   2.0422046826997957     
        2304   2.0421701854318846     
        2305   2.0412149162394622     
        2306   2.0389518304917646     
        2307   2.0356251957918223     
        2308   2.0318146635325749     
        2309   2.0285499795866282     
        2310   2.0258412126763234     
        2311   2.0229034493172620     
        2312   2.0208448037558493     
        2313   2.0215224533287990     
        2314   2.0255517295132743     
        2315   2.0313000310019826     
        2316   2.0365190369712112     
        2317   2.0416629411829432     
        2318   2.0473265084776293     
        2319   2.0518265769387045     
        2320   2.0531136159560646     
        2321   2.0504003668232458     
        2322   2.0454824161940297     
        2323   2.0417946380478313     
        2324   2.0399582309903184     
        2325   2.0392413952025468     
        2326   2.0405470681755888     
        2327   2.0433226374996947     
        2328   2.0453957047100864     
        2329   2.0455278337160334     
        2330   2.0442894222149275     
        2331   2.0424827918503690     
        2332   2.0403716659627280     
        2333   2.0390187248232934     
        2334   2.0396257179054778     
        2335   2.0410194081268114     
        2336   2.0403466758158375     
        2337   2.0373014194053192     
        2338   2.0354576452589170     
        2339   2.0367769907499835     
        2340   2.0383853519567752     
        2341   2.0370582035479945     
        2342   2.0320963623389372     
        2343   2.0254997458864858     
        2344   2.0204380359450878     
        2345   2.0187944421859885     
        2346   2.0208752807942623     
        2347   2.0257403572333805     
        2348   2.0314754146076321     
        2349   2.0369662710332004     
        2350   2.0423219404683866     
        2351   2.0471023793955925     
        2352   2.0496783901992726     
        2353   2.0483055513017372     
        2354   2.0431696895881215     
        2355   2.0371063368196012     
        2356   2.0331361020500456     
        2357   2.0322287964853696     
        2358   2.0329263553780628     
        2359   2.0324575447984330     
        2360   2.0288620132643600     
        2361   2.0225599047561489     
        2362   2.0177956242780395     
        2363   2.0192904921443318     
        2364   2.0269292137417425     
        2365   2.0374044685232597     
        2366   2.0469674978114565     
        2367   2.0526792576655577     
        2368   2.0530639847871290     
        2369   2.0490825356559617     
        2370   2.0438399714039055     
        2371   2.0398966265556822     
        2372   2.0377006182465087     
        2373   2.0367614686373900     
        2374   2.0363304239992481     
        2375   2.0356904667842328     
        2376   2.0342526729582948     
        2377   2.0319724817911604     
        2378   2.0306826463364120     
        2379   2.0325627354241678     
        2380   2.0366818141279484     
        2381   2.0405259808277783     
        2382   2.0426605404077547     
        2383   2.0426183157618096     
        2384   2.0410492164989718     
        2385   2.0395408217254558     
        2386   2.0385920379617226     
        2387   2.0372827725484992     
        2388   2.0348943811749391     
        2389   2.0316483914640653     
        2390   2.0284428543569204     
        2391   2.0254332839441296     
        2392   2.0216780080474539     
        2393   2.0176231488249274     
        2394   2.0173780788419249     
        2395   2.0227077640160909     
        2396   2.0297717399570434     
        2397   2.0358070691886749     
        2398   2.0395374770359025     
        2399   2.0394247201747517     
        2400   2.0360888486476836     
        2401   2.0316512006448968     
        2402   2.0264554552701841     
        2403   2.0210050601853951     
        2404   2.0171579597867937     
        2405   2.0152611420729349     
        2406   2.0143015995520916     
        2407   2.0139274042526347     
        2408   2.0138957664139996     
        2409   2.0131442498804097     
        2410   2.0117705393612386     
        2411   2.0122636483061935     
        2412   2.0158465951640476     
        2413   2.0208132364450666     
        2414   2.0252588149751056     
        2415   2.0280794428266549     
        2416   2.0290159503173255     
        2417   2.0291942843844004     
        2418   2.0303677417875976     
        2419   2.0332943123040166     
        2420   2.0381439053977042     
        2421   2.0446682868225210     
        2422   2.0507751542629205     
        2423   2.0532490657850619     
        2424   2.0510503421361377     
        2425   2.0458013154777257     
        2426   2.0401807488333374     
        2427   2.0359616315018081     
        2428   2.0328023188908135     
        2429   2.0295681344231569     
        2430   2.0261119136576733     
        2431   2.0239556839201183     
        2432   2.0252974933395613     
        2433   2.0308468993857458     
        2434   2.0390885805050685     
        2435   2.0481253762967309     
        2436   2.0566955953395714     
        2437   2.0627279729334207     
        2438   2.0634765580159056     
        2439   2.0576423454489863     
        2440   2.0475223084200773     
        2441   2.0389211408316590     
        2442   2.0352194017126521     
        2443   2.0341213189556751     
        2444   2.0331463800052458     
        2445   2.0326126130995159     
        2446   2.0333711499102280     
        2447   2.0342968543086406     
        2448   2.0341587151347569     
        2449   2.0353057695004737     
        2450   2.0415522137132656     
        2451   2.0520487777195879     
        2452   2.0607702820390768     
        2453   2.0638565230384507     
        2454   2.0630669854046944     
        2455   2.0609491637043003     
        2456   2.0593414160259811     
        2457   2.0598467536401825     
        2458   2.0611063484136323     
        2459   2.0610160955521581     
        2460   2.0600449087110677     
        2461   2.0588017407667856     
        2462   2.0562641297297728     
        2463   2.0531940539581170     
        2464   2.0519380863890504     
        2465   2.0521975762900517     
        2466   2.0521965946353462     
        2467   2.0518227686702559     
        2468   2.0524906898273585     
        2469   2.0538323810033576     
        2470   2.0528624475167301     
        2471   2.0468356603682110     
        2472   2.0353013856055293     
        2473   2.0214229263585719     
        2474   2.0143886619092690     
        2475   2.0198149240701637     
        2476   2.0319247096589863     
        2477   2.0454200412229642     
        2478   2.0570956582197875     
        2479   2.0646732523634537     
        2480   2.0680772478776226     
        2481   2.0682384305088135     
        2482   2.0659772387543294     
        2483   2.0629489551490288     
        2484   2.0614048452103475     
        2485   2.0618886570356931     
        2486   2.0620768214677665     
        2487   2.0585134466149055     
        2488   2.0507261420897422     
        2489   2.0425203783520463     
        2490   2.0380392819831550     
        2491   2.0390179448633470     
        2492   2.0436863228054163     
        2493   2.0479045865116992     
        2494   2.0487781152511935     
        2495   2.0447143983867866     
        2496   2.0376976755237073     
        2497   2.0367170346453656     
        2498   2.0436870923844368     
        2499   2.0509838817036505     
        2500   2.0543910639442475     
        2501   2.0539874686097073     
        2502   2.0514458585120758     
        2503   2.0475556475191250     
        2504   2.0426144225539913     
        2505   2.0395803359027007     
        2506   2.0411184476942501     
        2507   2.0444068152391410     
        2508   2.0469811643802998     
        2509   2.0485252330344417     
        2510   2.0487317732011578     
        2511   2.0478397502405135     
        2512   2.0470071118149171     
        2513   2.0482042919130858     
        2514   2.0525611309904637     
        2515   2.0579050693057326     
        2516   2.0607321946700199     
        2517   2.0598195843974065     
        2518   2.0560491288056606     
        2519   2.0507283949723383     
        2520   2.0455536995144903     
        2521   2.0422731253397810     
        2522   2.0425667034803148     
        2523   2.0470894095088341     
        2524   2.0533747398525222     
        2525   2.0582957732374672     
        2526   2.0607742365780437     
        2527   2.0606838344985170     
        2528   2.0589315062317528     
        2529   2.0576335557779646     
        2530   2.0585765275400143     
        2531   2.0624864562155616     
        2532   2.0657074154207504     
        2533   2.0641844441387613     
        2534   2.0574375494805861     
        2535   2.0481873818809984     
        2536   2.0410170877323117     
        2537   2.0393838095925871     
        2538   2.0423136555749659     
        2539   2.0455101657049926     
        2540   2.0459822385463151     
        2541   2.0437558669153093     
        2542   2.0403383817503138     
        2543   2.0370865415212438     
        2544   2.0351910867062086     
        2545   2.0351953135166800     
        2546   2.0363549375781544     
        2547   2.0386279252544739     
        2548   2.0430241211724303     
        2549   2.0480026379278589     
        2550   2.0494540313217118     
        2551   2.0456237425028458     
        2552   2.0401974761402628     
        2553   2.0382531627959151     
        2554   2.0404129285113100     
        2555   2.0450112048541533     
        2556   2.0509329190919714     
        2557   2.0580286216156281     
        2558   2.0652220360904807     
        2559   2.0690521962890509     
        2560   2.0682363234945118     
        2561   2.0664716946936181     
        2562   2.0660737267168221     
        2563   2.0639016842667246     
        2564   2.0583423850921236     
        2565   2.0516645063214720     
        2566   2.0454413189274954     
        2567   2.0381707033223337     
        2568   2.0291392254268952     
        2569   2.0215837507892744     
        2570   2.0197989428466827     
        2571   2.0244460650533962     
        2572   2.0331325059846441     
        2573   2.0438199240266259     
        2574   2.0540122284870725     
        2575   2.0603574277332686     
        2576   2.0612367670703291     
        2577   2.0576809532163245     
        2578   2.0517534666463528     
        2579   2.0454366625550606     
        2580   2.0413011233271630     
        2581   2.0416867505134109     
        2582   2.0455177351773801     
        2583   2.0488308794922854     
        2584   2.0487808682270154     
        2585   2.0457309220116016     
        2586   2.0417300326894448     
        2587   2.0380615907361075     
        2588   2.0348972607863254     
        2589   2.0326046308309804     
        2590   2.0313000815684563     
        2591   2.0298149794641596     
        2592   2.0274050576884082     
        2593   2.0252913995540145     
        2594   2.0254318341145199     
        2595   2.0277352963488093     
        2596   2.0313833226630673     
        2597   2.0356756906594198     
        2598   2.0383430485394558     
        2599   2.0375710751426794     
        2600   2.0342433347316695     
        2601   2.0307487024846891     
        2602   2.0288717215601220     
        2603   2.0284073686047370     
        2604   2.0275673886514842     
        2605   2.0254347392612808     
        2606   2.0224978045151270     
        2607   2.0190981810884030     
        2608   2.0163282033477778     
        2609   2.0170313071902140     
        2610   2.0217979479288348     
        2611   2.0266268412922814     
        2612   2.0283408328780070     
        2613   2.0270294019763169     
        2614   2.0236042728380252     
        2615   2.0196999192646801     
        2616   2.0175618850645960     
        2617   2.0174590868150064     
        2618   2.0181202435797934     
        2619   2.0183063068231699     
        2620   2.0166916422845635     
        2621   2.0130208049588991     
        2622   2.0089459807964980     
        2623   2.0069678165490781     
        2624   2.0091764579743554     
        2625   2.0158199832029453     
        2626   2.0235701946542854     
        2627   2.0280602254731526     
        2628   2.0298136450220752     
        2629   2.0329239115771967     
        2630   2.0383824170637896     
        2631   2.0435017572719492     
        2632   2.0465498938481401     
        2633   2.0480612336838431     
        2634   2.0490030756320916     
        2635   2.0494675985809492     
        2636   2.0496389478150401     
        2637   2.0500214190217254     
        2638   2.0500623977193282     
        2639   2.0483791701224465     
        2640   2.0442771984144472     
        2641   2.0391348391163575     
        2642   2.0367353171329636     
        2643   2.0402004480385076     
        2644   2.0478242768737367     
        2645   2.0554257836936580     
        2646   2.0612020922221133     
        2647   2.0653987272851499     
        2648   2.0677881656323360     
        2649   2.0674497285179929     
        2650   2.0643582463100447     
        2651   2.0598602357042579     
        2652   2.0549764725411772     
        2653   2.0500514225471416     
        2654   2.0457690484260431     
        2655   2.0435261724084359     
        2656   2.0437647831943657     
        2657   2.0439563639340816     
        2658   2.0422451943486264     
        2659   2.0389783045449401     
        2660   2.0353979354582918     
        2661   2.0328179344096906     
        2662   2.0329433469054554     
        2663   2.0359578583648794     
        2664   2.0398347366318710     
        2665   2.0428012770638793     
        2666   2.0446249151351314     
        2667   2.0449967651110570     
        2668   2.0426228804787474     
        2669   2.0393080678170992     
        2670   2.0377209998691423     
        2671   2.0381212344169146     
        2672   2.0407754853012769     
        2673   2.0442981496422128     
        2674   2.0477794903219566     
        2675   2.0519408032562487     
        2676   2.0568476507828399     
        2677   2.0617788977722920     
        2678   2.0652012506520894     
        2679   2.0659367581806194     
        2680   2.0642631096971393     
        2681   2.0613084499955003     
        2682   2.0582658523144715     
        2683   2.0561232557266891     
        2684   2.0551011651616085     
        2685   2.0540733267796494     
        2686   2.0513364992444418     
        2687   2.0466293084335816     
        2688   2.0422043796597231     
        2689   2.0409253839255386     
        2690   2.0425042734315766     
        2691   2.0436578758455819     
        2692   2.0424836639973747     
        2693   2.0398615871959160     
        2694   2.0372941340504522     
        2695   2.0359973517180987     
        2696   2.0366095740579433     
        2697   2.0387257130174459     
        2698   2.0407697609289928     
        2699   2.0409734840306246     
        2700   2.0407055502390126     
        2701   2.0432904289299740     
        2702   2.0471832386594211     
        2703   2.0479252480279988     
        2704   2.0455717259645056     
        2705   2.0431523548943868     
        2706   2.0424451775452992     
        2707   2.0442056826249129     
        2708   2.0472659865346348     
        2709   2.0492798522022260     
        2710   2.0480655424011971     
        2711   2.0430459513220232     
        2712   2.0355971238443171     
        2713   2.0279941054096629     
        2714   2.0226843858501273     
        2715   2.0210386440213495     
        2716   2.0225841249699510     
        2717   2.0254595355123346     
        2718   2.0288530824774456     
        2719   2.0330991315125782     
        2720   2.0376723083036175     
        2721   2.0411021743460922     
        2722   2.0421044463401423     
        2723   2.0410966349386750     
        2724   2.0404716556937963     
        2725   2.0413182036506248     
        2726   2.0414742558004368     
        2727   2.0396096630801188     
        2728   2.0364514373429414     
        2729   2.0319748688456087     
        2730   2.0257881800105109     
        2731   2.0176843925554278     
        2732   2.0094512665532722     
        2733   2.0045786163060737     
        2734   2.0034730577204813     
        2735   2.0037168983229328     
        2736   2.0045280135637147     
        2737   2.0084481343424820     
        2738   2.0180482558066255     
        2739   2.0283836995109761     
        2740   2.0338097214835242     
        2741   2.0360558824859942     
        2742   2.0363543123526324     
        2743   2.0351469424335629     
        2744   2.0342711217198559     
        2745   2.0350860722819348     
        2746   2.0375831380325491     
        2747   2.0398122377316397     
        2748   2.0392838838194987     
        2749   2.0359069933939566     
        2750   2.0317592077427582     
        2751   2.0295438592444981     
        2752   2.0315222895770217     
        2753   2.0364023568767884     
        2754   2.0399071728831362     
        2755   2.0401255392847508     
        2756   2.0387085745648390     
        2757   2.0378117945585319     
        2758   2.0369014649752946     
        2759   2.0338115121863081     
        2760   2.0288323088041111     
        2761   2.0256260341651298     
        2762   2.0275854119471592     
        2763   2.0332153902460615     
        2764   2.0377666956650380     
        2765   2.0394887704257005     
        2766   2.0396717173157062     
        2767   2.0398036991109643     
        2768   2.0404643498292989     
        2769   2.0418337831561151     
        2770   2.0446792905814237     
        2771   2.0492469802349480     
        2772   2.0534491823340035     
        2773   2.0540679698120532     
        2774   2.0505804700876205     
        2775   2.0457541022246786     
        2776   2.0432762653059373     
        2777   2.0435330065871344     
        2778   2.0438931227471899     
        2779   2.0446638052999551     
        2780   2.0464124720118888     
        2781   2.0479928150893705     
        2782   2.0484916154030652     
        2783   2.0480363030004423     
        2784   2.0470933286917217     
        2785   2.0462486850107626     
        2786   2.0466016474767494     
        2787   2.0492026032709765     
        2788   2.0541134243696550     
        2789   2.0602550566181557     
        2790   2.0659365680287478     
        2791   2.0701510368839475     
        2792   2.0725470478143233     
        2793   2.0726080017803707     
        2794   2.0701917056402723     
        2795   2.0662415705799360     
        2796   2.0623461921898798     
        2797   2.0599090122430628     
        2798   2.0586190529514967     
        2799   2.0575669322971328     
        2800   2.0586631108301288     
        2801   2.0626381686334518     
        2802   2.0654866573897195     
        2803   2.0635932163578183     
        2804   2.0570973044636176     
        2805   2.0487651715680193     
        2806   2.0430962332273719     
        2807   2.0432360141459700     
        2808   2.0468372999909690     
        2809   2.0489205975847939     
        2810   2.0486620982202459     
        2811   2.0506419786516745     
        2812   2.0562095321391389     
        2813   2.0595854542073151     
        2814   2.0577797610301385     
        2815   2.0524872104444256     
        2816   2.0465823524121514     
        2817   2.0437222222295413     
        2818   2.0465250464820035     
        2819   2.0529126585510782     
        2820   2.0578994714640797     
        2821   2.0589510777735502     
        2822   2.0571068838843400     
        2823   2.0550116031985604     
        2824   2.0543792262396958     
        2825   2.0545042708660204     
        2826   2.0531166006868609     
        2827   2.0485624788194690     
        2828   2.0421605720263565     
        2829   2.0377487898100490     
        2830   2.0366564413467634     
        2831   2.0378114345562968     
        2832   2.0402406430104381     
        2833   2.0420939446587880     
        2834   2.0416378737968444     
        2835   2.0397568240167465     
        2836   2.0390825445076226     
        2837   2.0395310276732337     
        2838   2.0402094225925924     
        2839   2.0418920960971749     
        2840   2.0445998458143357     
        2841   2.0471158436968082     
        2842   2.0485527968576740     
        2843   2.0490066775292473     
        2844   2.0493200909440530     
        2845   2.0500254074885764     
        2846   2.0501170872887475     
        2847   2.0482357174582964     
        2848   2.0443536005198073     
        2849   2.0401041599242862     
        2850   2.0372532444536700     
        2851   2.0355680038462962     
        2852   2.0359080688264419     
        2853   2.0402243655095122     
        2854   2.0458599600021725     
        2855   2.0481535100591350     
        2856   2.0461364003398539     
        2857   2.0428467319555716     
        2858   2.0421146888106971     
        2859   2.0442466520283413     
        2860   2.0457890413602500     
        2861   2.0451571748571524     
        2862   2.0438659288799350     
        2863   2.0436861725738891     
        2864   2.0448271358035330     
        2865   2.0472097627918733     
        2866   2.0516699115956105     
        2867   2.0568888203524280     
        2868   2.0580852131984426     
        2869   2.0527315598674845     
        2870   2.0437493681734087     
        2871   2.0372817751658658     
        2872   2.0361343849937170     
        2873   2.0378891408135789     
        2874   2.0408931205540184     
        2875   2.0452111506783641     
        2876   2.0505869725000379     
        2877   2.0564275537473162     
        2878   2.0609069532933888     
        2879   2.0617354011097273     
        2880   2.0629382796862967     
        2881   2.0646973066148719     
        2882   2.0604551528796904     
        2883   2.0514621806850117     
        2884   2.0414061575613567     
        2885   2.0326132890596615     
        2886   2.0279320429405687     
        2887   2.0284941664176546     
        2888   2.0332990867445577     
        2889   2.0417631146702306     
        2890   2.0515260604085257     
        2891   2.0598828696709717     
        2892   2.0655603813791275     
        2893   2.0682771005906297     
        2894   2.0691871904028099     
        2895   2.0703100869720772     
        2896   2.0724546347311934     
        2897   2.0741392434898485     
        2898   2.0732444079859622     
        2899   2.0685647019087638     
        2900   2.0599910005636746     
        2901   2.0492474413406256     
        2902   2.0404851491527420     
        2903   2.0382341669861086     
        2904   2.0416923933998778     
        2905   2.0455725692221298     
        2906   2.0480888860815902     
        2907   2.0508648783641705     
        2908   2.0539896581390411     
        2909   2.0560779008926975     
        2910   2.0558450417136980     
        2911   2.0527688512437448     
        2912   2.0479839172408236     
        2913   2.0436688896188349     
        2914   2.0413712533109045     
        2915   2.0409488593332950     
        2916   2.0415014942179424     
        2917   2.0426521590883997     
        2918   2.0428228846854224     
        2919   2.0416023307515925     
        2920   2.0422733190010778     
        2921   2.0478337341024426     
        2922   2.0558992034283428     
        2923   2.0615103793275331     
        2924   2.0628607065086020     
        2925   2.0606002701708208     
        2926   2.0561925215073904     
        2927   2.0522990545095152     
        2928   2.0502396134966476     
        2929   2.0486514151066872     
        2930   2.0478575015829508     
        2931   2.0495745252763768     
        2932   2.0538416599520177     
        2933   2.0580817959103359     
        2934   2.0594260211830702     
        2935   2.0586766038642166     
        2936   2.0595838930041497     
        2937   2.0635476369696772     
        2938   2.0689126994339957     
        2939   2.0734619543337045     
        2940   2.0747256340805227     
        2941   2.0710022662533936     
        2942   2.0630713643959053     
        2943   2.0564566186679230     
        2944   2.0564044697711781     
        2945   2.0581147672629241     
        2946   2.0576880123522017     
        2947   2.0568739756372465     
        2948   2.0578648349551769     
        2949   2.0620380143562680     
        2950   2.0686957612375392     
        2951   2.0732564707482433     
        2952   2.0724645121690415     
        2953   2.0683064309001011     
        2954   2.0641269821970347     
        2955   2.0614900248508317     
        2956   2.0612676416012339     
        2957   2.0631623683833480     
        2958   2.0651694352559704     
        2959   2.0660223252366223     
        2960   2.0665188943865300     
        2961   2.0668768523233014     
        2962   2.0664849669865224     
        2963   2.0662634044486192     
        2964   2.0666202027375506     
        2965   2.0656078875483908     
        2966   2.0620393165875277     
        2967   2.0568588727297361     
        2968   2.0522881560202286     
        2969   2.0510054977269507     
        2970   2.0533557344041089     
        2971   2.0578511903420189     
        2972   2.0634810714489329     
        2973   2.0685747119961069     
        2974   2.0716593666033005     
        2975   2.0720539072021200     
        2976   2.0684558335834144     
        2977   2.0609110081199171     
        2978   2.0532252652288587     
        2979   2.0496131755698075     
        2980   2.0502793281707854     
        2981   2.0526581096926475     
        2982   2.0558680846875572     
        2983   2.0608544464971423     
        2984   2.0662899450851402     
        2985   2.0698637030134428     
        2986   2.0702335724506455     
        2987   2.0669088115845908     
        2988   2.0613931030799137     
        2989   2.0569549856195888     
        2990   2.0561650885593878     
        2991   2.0583989564995173     
        2992   2.0602419122095195     
        2993   2.0592827315948896     
        2994   2.0570564173926567     
        2995   2.0555047897615744     
        2996   2.0532787553670362     
        2997   2.0514675913712361     
        2998   2.0523278201707615     
        2999   2.0542007394633894     
        3000   2.0560128073348776     
        3001   2.0586554043064278     
        3002   2.0619965285859774     
        3003   2.0648875267034992     
        3004   2.0670862352530319     
        3005   2.0690597100544266     
        3006   2.0709646635722461     
        3007   2.0725921974307893     
        3008   2.0737073515678324     
        3009   2.0750391018893541     
        3010   2.0777771646332295     
        3011   2.0810204817364726     
        3012   2.0820665828611711     
        3013   2.0801850477233081     
        3014   2.0773192434170671     
        3015   2.0748452735682785     
        3016   2.0740740990742332     
        3017   2.0750812955792286     
        3018   2.0750616544492253     
        3019   2.0734585626106781     
        3020   2.0723798631092190     
        3021   2.0729200048088230     
        3022   2.0733846405221921     
        3023   2.0723565171403586     
        3024   2.0723323155774538     
        3025   2.0756085036659471     
        3026   2.0792603913449264     
        3027   2.0797102641557745     
        3028   2.0772555837878568     
        3029   2.0743192806611872     
        3030   2.0724286084804202     
        3031   2.0712052892784634     
        3032   2.0703083148460033     
        3033   2.0699736138132439     
        3034   2.0699815244643065     
        3035   2.0699542801504913     
        3036   2.0700499943823525     
        3037   2.0714593721625816     
        3038   2.0753715035180038     
        3039   2.0812596606295144     
        3040   2.0867023403867906     
        3041   2.0893009967496479     
        3042   2.0893300400021815     
        3043   2.0882429829756721     
        3044   2.0851195437419192     
        3045   2.0780617084004640     
        3046   2.0673562949339006     
        3047   2.0556076927135876     
        3048   2.0463237188839463     
        3049   2.0411899445730972     
        3050   2.0406556213442717     
        3051   2.0452558018437634     
        3052   2.0522648458217803     
        3053   2.0574210276516078     
        3054   2.0592078603217381     
        3055   2.0590731654144441     
        3056   2.0603091570748857     
        3057   2.0645697134594969     
        3058   2.0699499532151853     
        3059   2.0731014779278838     
        3060   2.0716702343754672     
        3061   2.0653046716044701     
        3062   2.0558377870228135     
        3063   2.0469452535304713     
        3064   2.0425811020290503     
        3065   2.0441712166921593     
        3066   2.0482769382964863     
        3067   2.0498711204692239     
        3068   2.0483025563806936     
        3069   2.0468396792009731     
        3070   2.0479506394964826     
        3071   2.0512138478884139     
        3072   2.0548289654678005     
        3073   2.0568905591755828     
        3074   2.0568975597477825     
        3075   2.0573931315576752     
        3076   2.0608770856433827     
        3077   2.0651785520596029     
        3078   2.0661241493643452     
        3079   2.0621076537274634     
        3080   2.0547352031926485     
        3081   2.0471471137053734     
        3082   2.0420753759627028     
        3083   2.0413438985549273     
        3084   2.0448268303476365     
        3085   2.0498578068769611     
        3086   2.0535010275665231     
        3087   2.0548563612329165     
        3088   2.0546458164248285     
        3089   2.0532249283412205     
        3090   2.0507302781969834     
        3091   2.0487309499875312     
        3092   2.0495615708505452     
        3093   2.0539309605207889     
        3094   2.0610665044097720     
        3095   2.0685755677808286     
        3096   2.0735792723003712     
        3097   2.0759306447570420     
        3098   2.0763989001730025     
        3099   2.0741245192413102     
        3100   2.0680247334723472     
        3101   2.0589958889294393     
        3102   2.0495382701365705     
        3103   2.0424369599017673     
        3104   2.0402828705111133     
        3105   2.0445734379445524     
        3106   2.0548664407656454     
        3107   2.0663492855605785     
        3108   2.0744994574330970     
        3109   2.0799991225976884     
        3110   2.0842655588439287     
        3111   2.0858814257923393     
        3112   2.0833802203745968     
        3113   2.0767481416243676     
        3114   2.0677835830238021     
        3115   2.0608804701232430     
        3116   2.0602459254023806     
        3117   2.0643902530204992     
        3118   2.0686856358487549     
        3119   2.0711737423210410     
        3120   2.0728270130809925     
        3121   2.0755699801029865     
        3122   2.0767811107143186     
        3123   2.0736226516762590     
        3124   2.0683244683548776     
        3125   2.0646903597763884     
        3126   2.0646437382043201     
        3127   2.0672757808251196     
        3128   2.0690880851138251     
        3129   2.0671075825279059     
        3130   2.0612259448194559     
        3131   2.0544752689324803     
        3132   2.0496743598045883     
        3133   2.0467493156498171     
        3134   2.0462484610919356     
        3135   2.0483016222931609     
        3136   2.0509860694868260     
        3137   2.0529200708423092     
        3138   2.0539384853751685     
        3139   2.0543371630986189     
        3140   2.0545808660451916     
        3141   2.0547900476494396     
        3142   2.0548088927329595     
        3143   2.0549240852354917     
        3144   2.0563109287122523     
        3145   2.0599415667085554     
        3146   2.0643320082470664     
        3147   2.0661240246174413     
        3148   2.0634214249320690     
        3149   2.0573545909743065     
        3150   2.0512369380518263     
        3151   2.0475376280629263     
        3152   2.0466576310872111     
        3153   2.0473592563518404     
        3154   2.0473531200745496     
        3155   2.0465037383377669     
        3156   2.0469227237369578     
        3157   2.0491272697513438     
        3158   2.0517451560879718     
        3159   2.0534365181873828     
        3160   2.0535834151726986     
        3161   2.0521265463525671     
        3162   2.0500688614310665     
        3163   2.0502465192178456     
        3164   2.0533832127507168     
        3165   2.0564129223185756     
        3166   2.0573224870337272     
        3167   2.0568760390776193     
        3168   2.0565442003413046     
        3169   2.0563630320527553     
        3170   2.0564561431605348     
        3171   2.0589301200535393     
        3172   2.0645759858375503     
        3173   2.0714113971958596     
        3174   2.0780620068455926     
        3175   2.0844279115743665     
        3176   2.0895559132399133     
        3177   2.0919310068723256     
        3178   2.0909534867771398     
        3179   2.0862095370895699     
        3180   2.0783139724872650     
        3181   2.0716857558848001     
        3182   2.0718810872959175     
        3183   2.0776786736252455     
        3184   2.0829369245853964     
        3185   2.0852930345878353     
        3186   2.0865505198366017     
        3187   2.0885045607653843     
        3188   2.0901696955624502     
        3189   2.0891639634955519     
        3190   2.0852438234982213     
        3191   2.0805889370326542     
        3192   2.0778810994861470     
        3193   2.0781374425869883     
        3194   2.0796549392661028     
        3195   2.0804830949396877     
        3196   2.0797933571286302     
        3197   2.0771211762059409     
        3198   2.0732639268468938     
        3199   2.0707436830113153     
        3200   2.0710016408355627     
        3201   2.0729885013107223     
        3202   2.0753022319286343     
        3203   2.0758357237058052     
        3204   2.0723782849296550     
        3205   2.0661274745909863     
        3206   2.0593516409823889     
        3207   2.0528031225250536     
        3208   2.0499176774828620     
        3209   2.0549076578606713     
        3210   2.0658638913361060     
        3211   2.0774730754395443     
        3212   2.0846498180155959     
        3213   2.0851740906865475     
        3214   2.0802645260722703     
        3215   2.0731903726025283     
        3216   2.0670638749353962     
        3217   2.0635512311085091     
        3218   2.0625877992206920     
        3219   2.0633355664927278     
        3220   2.0653957022059402     
        3221   2.0685358522941892     
        3222   2.0718227759403081     
        3223   2.0729950201270446     
        3224   2.0695717627585077     
        3225   2.0628435865926971     
        3226   2.0602220227231012     
        3227   2.0641367064199447     
        3228   2.0668016013035024     
        3229   2.0646979528081273     
        3230   2.0611430731172287     
        3231   2.0613320542003271     
        3232   2.0657536203824165     
        3233   2.0706270579787818     
        3234   2.0735272441868178     
        3235   2.0730243284508156     
        3236   2.0678802572592407     
        3237   2.0601585440231012     
        3238   2.0568316349780167     
        3239   2.0610254958932659     
        3240   2.0669749890242386     
        3241   2.0695934903109467     
        3242   2.0687854438551385     
        3243   2.0666236333305261     
        3244   2.0643592413716307     
        3245   2.0617574086752484     
        3246   2.0598815241899096     
        3247   2.0619547358000143     
        3248   2.0692235164902555     
        3249   2.0786471077507893     
        3250   2.0858350186039663     
        3251   2.0885474681046641     
        3252   2.0874485265749785     
        3253   2.0845369950938553     
        3254   2.0814237343189683     
        3255   2.0789806144660212     
        3256   2.0774698997697878     
        3257   2.0759674397368855     
        3258   2.0731278289466037     
        3259   2.0685171559720006     
        3260   2.0618130589464685     
        3261   2.0530092800900523     
        3262   2.0450875749104624     
        3263   2.0429375499657678     
        3264   2.0472989774753674     
        3265   2.0549905167451445     
        3266   2.0623290612525942     
        3267   2.0685135827094103     
        3268   2.0756688537784092     
        3269   2.0849422544927427     
        3270   2.0955719069096959     
        3271   2.1037642749313852     
        3272   2.1060157630101717     
        3273   2.1019777751900106     
        3274   2.0934040856085705     
        3275   2.0842011525291637     
        3276   2.0786141696384179     
        3277   2.0761305313148588     
        3278   2.0731775183232797     
        3279   2.0691548464063247     
        3280   2.0665149920217192     
        3281   2.0663777882914172     
        3282   2.0670444705743618     
        3283   2.0674591394229052     
        3284   2.0679851342685778     
        3285   2.0692691138476769     
        3286   2.0716832245448158     
        3287   2.0746032303452493     
        3288   2.0768264398317742     
        3289   2.0776175500539797     
        3290   2.0770495684114438     
        3291   2.0767660493990463     
        3292   2.0778890524480356     
        3293   2.0794816032200134     
        3294   2.0811959346896134     
        3295   2.0827245968632631     
        3296   2.0832075281820512     
        3297   2.0819687282380595     
        3298   2.0777581601247861     
        3299   2.0696753097864677     
        3300   2.0594191051961004     
        3301   2.0505838339564462     
        3302   2.0466398321036703     
        3303   2.0496446870127478     
        3304   2.0571478805433485     
        3305   2.0660541292180410     
        3306   2.0756230990832840     
        3307   2.0845492394563818     
        3308   2.0897829032231390     
        3309   2.0894025647980889     
        3310   2.0843317646254049     
        3311   2.0777927642401655     
        3312   2.0745574028746256     
        3313   2.0757179009514468     
        3314   2.0767323457611528     
        3315   2.0748703683358278     
        3316   2.0710440710192626     
        3317   2.0675969107936423     
        3318   2.0663926162823500     
        3319   2.0674962770216521     
        3320   2.0693321906214508     
        3321   2.0707933400165053     
        3322   2.0720653147501076     
        3323   2.0735986228818613     
        3324   2.0757374494599672     
        3325   2.0779054044370704     
        3326   2.0774225625189362     
        3327   2.0723690536766979     
        3328   2.0652060460209638     
        3329   2.0590164678927767     
        3330   2.0539965011518135     
        3331   2.0506048263558294     
        3332   2.0496453354784641     
        3333   2.0511801478925209     
        3334   2.0545862416588965     
        3335   2.0584456225640189     
        3336   2.0625923884628281     
        3337   2.0669116512626289     
        3338   2.0699525536072811     
        3339   2.0721266459897083     
        3340   2.0749228306662828     
        3341   2.0778887198447911     
        3342   2.0790557998447730     
        3343   2.0767852237820992     
        3344   2.0724648066099745     
        3345   2.0699641560899069     
        3346   2.0714187795878600     
        3347   2.0751468816793621     
        3348   2.0770397502212816     
        3349   2.0751233685994994     
        3350   2.0712381427443805     
        3351   2.0670198614126321     
        3352   2.0626013570991550     
        3353   2.0598261472487800     
        3354   2.0610149096488826     
        3355   2.0645285164910856     
        3356   2.0666352976856319     
        3357   2.0665574696561220     
        3358   2.0658219876252355     
        3359   2.0651307929982865     
        3360   2.0643296134025326     
        3361   2.0637842145200680     
        3362   2.0636943208413414     
        3363   2.0627228800492126     
        3364   2.0591889995149137     
        3365   2.0534707130696535     
        3366   2.0478152692759455     
        3367   2.0436926617036781     
        3368   2.0413063953841935     
        3369   2.0416016399298256     
        3370   2.0462247886280633     
        3371   2.0545733157409751     
        3372   2.0625505086819960     
        3373   2.0666663206972560     
        3374   2.0664114357269106     
        3375   2.0639470378102147     
        3376   2.0626426980781938     
        3377   2.0630093506502849     
        3378   2.0630333820351168     
        3379   2.0627484880109863     
        3380   2.0628386645588752     
        3381   2.0625166777542390     
        3382   2.0612149518295633     
        3383   2.0592731285023640     
        3384   2.0569271371296241     
        3385   2.0540258035842696     
        3386   2.0503169949118956     
        3387   2.0454226231512531     
        3388   2.0395011085023542     
        3389   2.0344798186386410     
        3390   2.0328408967920679     
        3391   2.0346605306652958     
        3392   2.0385812772285434     
        3393   2.0443604106514126     
        3394   2.0513727253679672     
        3395   2.0568973034178497     
        3396   2.0587137414419723     
        3397   2.0571101562020724     
        3398   2.0537749334123072     
        3399   2.0500014044279915     
        3400   2.0463748728136379     
        3401   2.0431693555483497     
        3402   2.0406198907763580     
        3403   2.0392523267742408     
        3404   2.0399196749044570     
        3405   2.0427970796196830     
        3406   2.0458492302012314     
        3407   2.0476239387841102     
        3408   2.0492572941312313     
        3409   2.0511367197911747     
        3410   2.0522396502816425     
        3411   2.0525063109004176     
        3412   2.0529649835770774     
        3413   2.0536842659562833     
        3414   2.0538634559829414     
        3415   2.0535435461423877     
        3416   2.0546246307654554     
        3417   2.0581012593859640     
        3418   2.0612331434889044     
        3419   2.0608009862702090     
        3420   2.0564360940108752     
        3421   2.0497097516033032     
        3422   2.0440309207688641     
        3423   2.0438641323397686     
        3424   2.0475619023182792     
        3425   2.0487871030817066     
        3426   2.0459462576435827     
        3427   2.0420891441453559     
        3428   2.0411036905968420     
        3429   2.0451049556522904     
        3430   2.0525540902596213     
        3431   2.0583034329328509     
        3432   2.0590717524962452     
        3433   2.0573986198147010     
        3434   2.0572652287361257     
        3435   2.0591938016032629     
        3436   2.0608138623046051     
        3437   2.0592571480854200     
        3438   2.0538740890697196     
        3439   2.0469521215351216     
        3440   2.0419951938833880     
        3441   2.0415873020726494     
        3442   2.0457745521784290     
        3443   2.0524319234683701     
        3444   2.0583047704773736     
        3445   2.0615725043704560     
        3446   2.0628646010159546     
        3447   2.0628205871920229     
        3448   2.0620872087378026     
        3449   2.0623730517625107     
        3450   2.0621898276456472     
        3451   2.0579619725535627     
        3452   2.0517956508779966     
        3453   2.0489601048398201     
        3454   2.0504321066716056     
        3455   2.0525331712653467     
        3456   2.0518961161460600     
        3457   2.0490580112852643     
        3458   2.0489260612032578     
        3459   2.0540838660404308     
        3460   2.0589761606619663     
        3461   2.0603822316246823     
        3462   2.0590123510388856     
        3463   2.0555402995052647     
        3464   2.0509633555162812     
        3465   2.0467818485395637     
        3466   2.0438261435781393     
        3467   2.0431313789961196     
        3468   2.0447236616303375     
        3469   2.0462799337637101     
        3470   2.0461027311459223     
        3471   2.0450219307416844     
        3472   2.0451938741319506     
        3473   2.0467176294457707     
        3474   2.0478104523545482     
        3475   2.0484822938422882     
        3476   2.0490938486253336     
        3477   2.0493697349413722     
        3478   2.0490774955981026     
        3479   2.0481199855691199     
        3480   2.0467142447410667     
        3481   2.0453751961144087     
        3482   2.0448155323312340     
        3483   2.0447596882483845     
        3484   2.0442674055826946     
        3485   2.0431124053441048     
        3486   2.0417489041428105     
        3487   2.0411071886161687     
        3488   2.0422881649732871     
        3489   2.0452992674784873     
        3490   2.0482684733940077     
        3491   2.0493500497601933     
        3492   2.0485059506839001     
        3493   2.0464119291412275     
        3494   2.0434654809916508     
        3495   2.0407979912726839     
        3496   2.0432653632590041     
        3497   2.0531244350006448     
        3498   2.0640954386670427     
        3499   2.0698615292713360     
        3500   2.0682058184716259     
        3501   2.0603585589222737     
        3502   2.0497613020213881     
        3503   2.0400682860232937     
        3504   2.0325358273535348     
        3505   2.0268227482728443     
        3506   2.0243645857984238     
        3507   2.0274069092734410     
        3508   2.0355414241685121     
        3509   2.0460232264281490     
        3510   2.0557516497253387     
        3511   2.0615636915123390     
        3512   2.0621176320665793     
        3513   2.0589277703438880     
        3514   2.0544785725792063     
        3515   2.0505903155778085     
        3516   2.0481324791960991     
        3517   2.0464329131673327     
        3518   2.0437186292121678     
        3519   2.0396755647719771     
        3520   2.0351227766928641     
        3521   2.0311993645159716     
        3522   2.0317562751467131     
        3523   2.0374700295670913     
        3524   2.0441561220603366     
        3525   2.0484456952404924     
        3526   2.0477397805417472     
        3527   2.0425106450316894     
        3528   2.0366067958218745     
        3529   2.0333367037168615     
        3530   2.0343332933291514     
        3531   2.0391118854500716     
        3532   2.0443535074507557     
        3533   2.0466663184012468     
        3534   2.0456257103389750     
        3535   2.0442134226091615     
        3536   2.0454549634890369     
        3537   2.0485661870578151     
        3538   2.0506758272368883     
        3539   2.0504883447411442     
        3540   2.0484436050677783     
        3541   2.0447218668848985     
        3542   2.0385425713186547     
        3543   2.0307140644991430     
        3544   2.0255506909240157     
        3545   2.0265170260552510     
        3546   2.0311918833063300     
        3547   2.0351277515766162     
        3548   2.0367969940310728     
        3549   2.0371581703064692     
        3550   2.0380122782986478     
        3551   2.0408458538741856     
        3552   2.0451883662547532     
        3553   2.0488007768089105     
        3554   2.0498567886395227     
        3555   2.0475669395489855     
        3556   2.0432844116097932     
        3557   2.0438496363963976     
        3558   2.0515819841936049     
        3559   2.0580324259543987     
        3560   2.0587651379910104     
        3561   2.0536273177224236     
        3562   2.0439585760654118     
        3563   2.0337203425805694     
        3564   2.0279757356456729     
        3565   2.0272662913095973     
        3566   2.0284219759488296     
        3567   2.0301109454970394     
        3568   2.0332652429118272     
        3569   2.0391423167246199     
        3570   2.0472225444300429     
        3571   2.0552619081246721     
        3572   2.0610155714293779     
        3573   2.0628914407815233     
        3574   2.0610138782711513     
        3575   2.0576967034394351     
        3576   2.0560148647181395     
        3577   2.0575627524545617     
        3578   2.0620206315777021     
        3579   2.0684915060234697     
        3580   2.0759595444161469     
        3581   2.0825928329323240     
        3582   2.0862071244915037     
        3583   2.0852925948427057     
        3584   2.0791165542701893     
        3585   2.0686975945888948     
        3586   2.0575052737111048     
        3587   2.0494620583140719     
        3588   2.0460462582568733     
        3589   2.0470840407308555     
        3590   2.0520807583678975     
        3591   2.0589558451678180     
        3592   2.0639831445083012     
        3593   2.0646647119347499     
        3594   2.0615043329298066     
        3595   2.0590705240725575     
        3596   2.0614364223870925     
        3597   2.0656310897475092     
        3598   2.0675333841143062     
        3599   2.0671415840991503     
        3600   2.0668829442465571     
        3601   2.0670299526977365     
        3602   2.0653427862265321     
        3603   2.0613148205066283     
        3604   2.0570638867548792     
        3605   2.0543289541322580     
        3606   2.0529582830523188     
        3607   2.0527406251236808     
        3608   2.0553057721827113     
        3609   2.0616956050499624     
        3610   2.0694908221050694     
        3611   2.0753977246886230     
        3612   2.0777972808315579     
        3613   2.0766117094061003     
        3614   2.0724828031991605     
        3615   2.0683822157933687     
        3616   2.0684229860504515     
        3617   2.0715851428879413     
        3618   2.0736503092498513     
        3619   2.0725306751145260     
        3620   2.0682774640073971     
        3621   2.0618993630655891     
        3622   2.0554446090455873     
        3623   2.0509457036059522     
        3624   2.0485009427175260     
        3625   2.0482436845481868     
        3626   2.0507858340249396     
        3627   2.0539304107299770     
        3628   2.0547065524086685     
        3629   2.0544847850767325     
        3630   2.0568046690054440     
        3631   2.0620487430893131     
        3632   2.0676675748716229     
        3633   2.0701550556815720     
        3634   2.0677938109198362     
        3635   2.0641768432016327     
        3636   2.0640739867440856     
        3637   2.0673141308937475     
        3638   2.0706289224694530     
        3639   2.0717297284231440     
        3640   2.0701451473428820     
        3641   2.0665554047669605     
        3642   2.0620030497503796     
        3643   2.0568200298982573     
        3644   2.0509665997987199     
        3645   2.0450146039003685     
        3646   2.0397450959838372     
        3647   2.0359548949884760     
        3648   2.0344194792556856     
        3649   2.0351863869730971     
        3650   2.0370465579503336     
        3651   2.0378873277699969     
        3652   2.0368629524601078     
        3653   2.0359860606892544     
        3654   2.0385168865310472     
        3655   2.0445643813804137     
        3656   2.0512477045500925     
        3657   2.0571782093236415     
        3658   2.0623810316351081     
        3659   2.0656118804253247     
        3660   2.0653582575182856     
        3661   2.0617637160556788     
        3662   2.0559803513491994     
        3663   2.0484588983412109     
        3664   2.0389203896057784     
        3665   2.0290576725130887     
        3666   2.0234185378188805     
        3667   2.0224452166033378     
        3668   2.0221739521665567     
        3669   2.0228930496001682     
        3670   2.0285717391319960     
        3671   2.0386817590013049     
        3672   2.0479908584513349     
        3673   2.0529278688495558     
        3674   2.0536854268209113     
        3675   2.0532177102610074     
        3676   2.0544535286489203     
        3677   2.0568260139856691     
        3678   2.0566852124213471     
        3679   2.0517180970803941     
        3680   2.0437437199013835     
        3681   2.0363934476362395     
        3682   2.0318802344905325     
        3683   2.0313072998150070     
        3684   2.0344405040918385     
        3685   2.0398063821147274     
        3686   2.0461693596059387     
        3687   2.0517364368335498     
        3688   2.0549843857771628     
        3689   2.0566181085199089     
        3690   2.0589747681746799     
        3691   2.0631948415086412     
        3692   2.0675594598089333     
        3693   2.0696166612044715     
        3694   2.0682603914002851     
        3695   2.0642732166465239     
        3696   2.0595915298082224     
        3697   2.0552995290291016     
        3698   2.0524181314398455     
        3699   2.0518162628530638     
        3700   2.0524044584729464     
        3701   2.0548273520473681     
        3702   2.0574919445997635     
        3703   2.0589900873686631     
        3704   2.0611222344241198     
        3705   2.0620227537205600     
        3706   2.0614079341836344     
        3707   2.0600572005204141     
        3708   2.0577804048626489     
        3709   2.0546454843144586     
        3710   2.0518790995880156     
        3711   2.0508132944888589     
        3712   2.0514639397335142     
        3713   2.0531053054004915     
        3714   2.0547131670462111     
        3715   2.0553049490083453     
        3716   2.0535750531151713     
        3717   2.0492046276311520     
        3718   2.0458274892083170     
        3719   2.0477479676878927     
        3720   2.0525820329191422     
        3721   2.0567362862997394     
        3722   2.0604250880016282     
        3723   2.0640307340286523     
        3724   2.0665520389362872     
        3725   2.0672735861244433     
        3726   2.0658411221522464     
        3727   2.0621455205867765     
        3728   2.0573516369249294     
        3729   2.0540739660884015     
        3730   2.0540561042730805     
        3731   2.0571652177372846     
        3732   2.0608704586473503     
        3733   2.0626596308389122     
        3734   2.0621521864032348     
        3735   2.0607969578918550     
        3736   2.0605611928518321     
        3737   2.0617651028523487     
        3738   2.0636241096364665     
        3739   2.0654177291783982     
        3740   2.0666589676559046     
        3741   2.0666934119444358     
        3742   2.0650333748801644     
        3743   2.0624786653986886     
        3744   2.0607174630475358     
        3745   2.0596196310429478     
        3746   2.0582225736561517     
        3747   2.0563021751416679     
        3748   2.0541903532684826     
        3749   2.0526186302948064     
        3750   2.0521999802026842     
        3751   2.0537148138553980     
        3752   2.0575538689258828     
        3753   2.0622221676295349     
        3754   2.0655308881830310     
        3755   2.0673490342309342     
        3756   2.0689513915319209     
        3757   2.0705360235230512     
        3758   2.0717782326866301     
        3759   2.0725976111489488     
        3760   2.0733886136360011     
        3761   2.0740213868151383     
        3762   2.0736611856763183     
        3763   2.0726353464868130     
        3764   2.0720899641117332     
        3765   2.0713020826981889     
        3766   2.0697436014708952     
        3767   2.0684804339621192     
        3768   2.0681481625596869     
        3769   2.0682344289566856     
        3770   2.0685542147335685     
        3771   2.0689698075988141     
        3772   2.0684387958948824     
        3773   2.0652644242389253     
        3774   2.0588313674575098     
        3775   2.0524475162362510     
        3776   2.0516320927866922     
        3777   2.0571832415213200     
        3778   2.0637050427963106     
        3779   2.0666373890246654     
        3780   2.0661143086902949     
        3781   2.0635293995857391     
        3782   2.0605196795623724     
        3783   2.0589485552436249     
        3784   2.0595578669878458     
        3785   2.0630078483750629     
        3786   2.0692908301231205     
        3787   2.0755366630085557     
        3788   2.0788593246029428     
        3789   2.0781666848082692     
        3790   2.0743425833177156     
        3791   2.0708970807685181     
        3792   2.0711208024357126     
        3793   2.0734428840018477     
        3794   2.0752333872521329     
        3795   2.0763406573176892     
        3796   2.0775288201022066     
        3797   2.0790423767336250     
        3798   2.0798619290430946     
        3799   2.0792830231153854     
        3800   2.0782040810317448     
        3801   2.0776662716771157     
        3802   2.0787892670734527     
        3803   2.0817981672068480     
        3804   2.0846407277933063     
        3805   2.0852966924528369     
        3806   2.0828517062367404     
        3807   2.0766813043901671     
        3808   2.0686792821195175     
        3809   2.0645149323739140     
        3810   2.0675807104583219     
        3811   2.0749889809490560     
        3812   2.0830852511263589     
        3813   2.0903760788281147     
        3814   2.0962206562585699     
        3815   2.0993029644944157     
        3816   2.0982206277171604     
        3817   2.0929878693533870     
        3818   2.0853385101417610     
        3819   2.0785704585804696     
        3820   2.0756233045476442     
        3821   2.0755552200492713     
        3822   2.0758826372725401     
        3823   2.0753297748174955     
        3824   2.0732709530587630     
        3825   2.0707969010698100     
        3826   2.0695958074302512     
        3827   2.0691416918976575     
        3828   2.0677592133616685     
        3829   2.0641804653398954     
        3830   2.0583096717863549     
        3831   2.0523487008660251     
        3832   2.0493924623736550     
        3833   2.0513206998546392     
        3834   2.0584896021829930     
        3835   2.0677455591776126     
        3836   2.0733700654549132     
        3837   2.0720376912108653     
        3838   2.0652328295224702     
        3839   2.0589341892015360     
        3840   2.0586912386904612     
        3841   2.0633937607148964     
        3842   2.0669583338936786     
        3843   2.0657582004520161     
        3844   2.0614905277289663     
        3845   2.0578652082793765     
        3846   2.0559993316212348     
        3847   2.0550838478179028     
        3848   2.0552790068962379     
        3849   2.0583083942008984     
        3850   2.0637635498186415     
        3851   2.0686887407567922     
        3852   2.0712596263626533     
        3853   2.0703038576363491     
        3854   2.0664988004226843     
        3855   2.0643970656194650     
        3856   2.0652315680138624     
        3857   2.0665705181462695     
        3858   2.0669770223941644     
        3859   2.0651680031812227     
        3860   2.0616373909210219     
        3861   2.0595229107981909     
        3862   2.0617445464280166     
        3863   2.0683688221763674     
        3864   2.0765616256508772     
        3865   2.0828236528890804     
        3866   2.0852331407085929     
        3867   2.0835902897177268     
        3868   2.0797281161941115     
        3869   2.0761192988068338     
        3870   2.0740526070495320     
        3871   2.0729468277782042     
        3872   2.0708882560130415     
        3873   2.0674657562667353     
        3874   2.0648465779518235     
        3875   2.0642665913357763     
        3876   2.0636169289458239     
        3877   2.0614188462421401     
        3878   2.0598097937526352     
        3879   2.0613103709892537     
        3880   2.0647304409136793     
        3881   2.0672224143013955     
        3882   2.0675109615961702     
        3883   2.0654421224017625     
        3884   2.0613685885258732     
        3885   2.0575575727517279     
        3886   2.0592658874193721     
        3887   2.0669035712568351     
        3888   2.0736657573143522     
        3889   2.0754848326939874     
        3890   2.0719731164871447     
        3891   2.0645390627993976     
        3892   2.0560397277106537     
        3893   2.0501052886689961     
        3894   2.0484747483841286     
        3895   2.0497689090193734     
        3896   2.0531352943906600     
        3897   2.0586980008948736     
        3898   2.0652949527278812     
        3899   2.0702795985136975     
        3900   2.0718588383885983     
        3901   2.0699775114862606     
        3902   2.0673296866324096     
        3903   2.0678460746057383     
        3904   2.0709905765805536     
        3905   2.0721671082438902     
        3906   2.0684198126613653     
        3907   2.0617467184276084     
        3908   2.0590724413014669     
        3909   2.0629614206696560     
        3910   2.0681568528764931     
        3911   2.0718555469933171     
        3912   2.0737571451514585     
        3913   2.0729805950588589     
        3914   2.0691440319936687     
        3915   2.0627007727817115     
        3916   2.0551791916386764     
        3917   2.0493500462888048     
        3918   2.0472743870957610     
        3919   2.0474462551976855     
        3920   2.0456071302270931     
        3921   2.0403818233469848     
        3922   2.0353031050155357     
        3923   2.0326001712510640     
        3924   2.0324260967356911     
        3925   2.0350753821132801     
        3926   2.0378506318620917     
        3927   2.0380500063655473     
        3928   2.0362732569426583     
        3929   2.0334490551379658     
        3930   2.0311231066283910     
        3931   2.0333800439606722     
        3932   2.0412791896061937     
        3933   2.0496069211623738     
        3934   2.0533183651135065     
        3935   2.0505707739949655     
        3936   2.0431593752567081     
        3937   2.0346116179857607     
        3938   2.0265431526058522     
        3939   2.0209896586893761     
        3940   2.0205429943623145     
        3941   2.0237453635576248     
        3942   2.0282723474393163     
        3943   2.0330606125707904     
        3944   2.0370724192867158     
        3945   2.0388345306140150     
        3946   2.0384902168010655     
        3947   2.0390161878466140     
        3948   2.0420530482232273     
        3949   2.0456953835066765     
        3950   2.0485523775931216     
        3951   2.0498122919491908     
        3952   2.0485527973224413     
        3953   2.0459327490239274     
        3954   2.0428416702463408     
        3955   2.0386266724048072     
        3956   2.0341053811042276     
        3957   2.0302688729526284     
        3958   2.0283125230297956     
        3959   2.0299969933190929     
        3960   2.0356523769999026     
        3961   2.0433222153457224     
        3962   2.0496229547027016     
        3963   2.0521088773253866     
        3964   2.0507122415128332     
        3965   2.0472992146239317     
        3966   2.0446267006643497     
        3967   2.0441633105792465     
        3968   2.0452085220182599     
        3969   2.0468560197155781     
        3970   2.0484890265695528     
        3971   2.0490955179014985     
        3972   2.0486308261677122     
        3973   2.0481944968130903     
        3974   2.0477974126433240     
        3975   2.0465633497793903     
        3976   2.0444467572061225     
        3977   2.0430053443018124     
        3978   2.0445713998974537     
        3979   2.0492328393773040     
        3980   2.0534557501134056     
        3981   2.0544297395110389     
        3982   2.0532670095293999     
        3983   2.0537116201167165     
        3984   2.0583587598238791     
        3985   2.0655372124253977     
        3986   2.0711343704586076     
        3987   2.0726613520527608     
        3988   2.0705757410454311     
        3989   2.0675429781739769     
        3990   2.0666428460039916     
        3991   2.0683024848688150     
        3992   2.0694644249155520     
        3993   2.0670627095721725     
        3994   2.0618011083085337     
        3995   2.0593351756301277     
        3996   2.0623840723322324     
        3997   2.0650984879471870     
        3998   2.0631997228621182     
        3999   2.0602932109770578     
        4000   2.0613360933287876     
