        2001   2.0599730392011204     
        2002   2.0577876368048527     
        2003   2.0552522820517498     
        2004   2.0522973068385562     
        2005   2.0489903952044455     
        2006   2.0456600208248457     
        2007   2.0429283736864221     
        2008   2.0415311025170397     
        2009   2.0419703841970889     
        2010   2.0442530847657245     
        2011   2.0479228226670889     
        2012   2.0523221780101606     
        2013   2.0568486280965841     
        2014   2.0610620039275940     
        2015   2.0646768136143674     
        2016   2.0675230737426982     
        2017   2.0695132372340312     
        2018   2.0706243923436953     
        2019   2.0709139479214471     
        2020   2.0705735569163233     
        2021   2.0699572652719014     
        2022   2.0694816857874683     
        2023   2.0694138969329670     
        2024   2.0697299150414747     
        2025   2.0701629793514260     
        2026   2.0703520040345804     
        2027   2.0699745867531445     
        2028   2.0688469367162656     
        2029   2.0669785593821115     
        2030   2.0645325157413215     
        2031   2.0617038523726605     
        2032   2.0586369810949336     
        2033   2.0554606881494455     
        2034   2.0523555345342999     
        2035   2.0495426808835262     
        2036   2.0472280626717385     
        2037   2.0455993511490105     
        2038   2.0448494728930187     
        2039   2.0451166825475346     
        2040   2.0463486151777759     
        2041   2.0482210626059540     
        2042   2.0501939778309541     
        2043   2.0516760032151882     
        2044   2.0522162736092655     
        2045   2.0516435667556863     
        2046   2.0501193582910813     
        2047   2.0481490104595035     
        2048   2.0466024581047733     
        2049   2.0466028476467635     
        2050   2.0489840460679014     
        2051   2.0535678246216840     
        2052   2.0591953684192119     
        2053   2.0645887660093609     
        2054   2.0690190816857306     
        2055   2.0723349917896576     
        2056   2.0747023856603359     
        2057   2.0763647165377495     
        2058   2.0774992043825056     
        2059   2.0781741953985495     
        2060   2.0783952756975141     
        2061   2.0781882992979139     
        2062   2.0776547101642739     
        2063   2.0769768648142350     
        2064   2.0763968483463291     
        2065   2.0761843177714345     
        2066   2.0765660247441686     
        2067   2.0776037070128326     
        2068   2.0790969362462892     
        2069   2.0806149909606266     
        2070   2.0816598863188673     
        2071   2.0818652153014510     
        2072   2.0811404488018681     
        2073   2.0797159371683085     
        2074   2.0780625683923155     
        2075   2.0766804323039927     
        2076   2.0758374159845272     
        2077   2.0754395692754972     
        2078   2.0751448433082795     
        2079   2.0746150422266876     
        2080   2.0737184104827393     
        2081   2.0725996823122181     
        2082   2.0716293365421863     
        2083   2.0712433578726324     
        2084   2.0716882030013601     
        2085   2.0728451513376656     
        2086   2.0743799509259651     
        2087   2.0760586268993988     
        2088   2.0778008307670395     
        2089   2.0794626872147068     
        2090   2.0807171694098101     
        2091   2.0811859470183136     
        2092   2.0806231229174892     
        2093   2.0789487864489735     
        2094   2.0761665327575822     
        2095   2.0723232096284869     
        2096   2.0676028340841617     
        2097   2.0625310698580157     
        2098   2.0581175064004822     
        2099   2.0556130361425025     
        2100   2.0557962676154404     
        2101   2.0583946129031530     
        2102   2.0623188619295174     
        2103   2.0664403026810043     
        2104   2.0701414785090373     
        2105   2.0733631746361620     
        2106   2.0763419167629698     
        2107   2.0792954308496756     
        2108   2.0822276581103938     
        2109   2.0849065812534828     
        2110   2.0869606109064018     
        2111   2.0880118365036342     
        2112   2.0877966066189568     
        2113   2.0862486736233756     
        2114   2.0835289800547505     
        2115   2.0799997385977984     
        2116   2.0761567666736700     
        2117   2.0725376304252183     
        2118   2.0696170177363906     
        2119   2.0677155188630678     
        2120   2.0669735695381148     
        2121   2.0674017263495328     
        2122   2.0689412237948570     
        2123   2.0714804639484385     
        2124   2.0748388144804997     
        2125   2.0787529139093204     
        2126   2.0828975827215639     
        2127   2.0869497928969465     
        2128   2.0906622937992312     
        2129   2.0939010796607520     
        2130   2.0966289010521888     
        2131   2.0988517425322373     
        2132   2.1005629647510591     
        2133   2.1017157360212453     
        2134   2.1022351597238917     
        2135   2.1020640509653772     
        2136   2.1012284902890834     
        2137   2.0998964322645057     
        2138   2.0983819033788658     
        2139   2.0970594854586180     
        2140   2.0962218341596186     
        2141   2.0959740937686386     
        2142   2.0962348709495626     
        2143   2.0968267351154681     
        2144   2.0975826913632498     
        2145   2.0984049721707634     
        2146   2.0992517023006907     
        2147   2.1000724171366292     
        2148   2.1007527810901370     
        2149   2.1011243180731509     
        2150   2.1010354648295406     
        2151   2.1004166327696878     
        2152   2.0992731513770058     
        2153   2.0976118706376621     
        2154   2.0953788368423467     
        2155   2.0924838022021262     
        2156   2.0889194104508957     
        2157   2.0849127394664282     
        2158   2.0810020672655196     
        2159   2.0779282719493390     
        2160   2.0763459564882947     
        2161   2.0765501970676912     
        2162   2.0784006906573360     
        2163   2.0814147925699462     
        2164   2.0849332251309640     
        2165   2.0883087866750216     
        2166   2.0910754694849087     
        2167   2.0930555836196132     
        2168   2.0943459702879834     
        2169   2.0951618969208674     
        2170   2.0956575015360399     
        2171   2.0958687911222063     
        2172   2.0957444704653310     
        2173   2.0951629077724823     
        2174   2.0939813749236538     
        2175   2.0921795748654630     
        2176   2.0900071128577387     
        2177   2.0879984768981590     
        2178   2.0867989831250915     
        2179   2.0868514586048161     
        2180   2.0881291577115877     
        2181   2.0901440608024893     
        2182   2.0922352051049646     
        2183   2.0938791150793592     
        2184   2.0948138228287263     
        2185   2.0950012128159532     
        2186   2.0945637295991046     
        2187   2.0937685246785875     
        2188   2.0930035307191774     
        2189   2.0926425575953878     
        2190   2.0928395728103037     
        2191   2.0934577452119139     
        2192   2.0942115285470342     
        2193   2.0948513651094323     
        2194   2.0952422167973310     
        2195   2.0953528081997752     
        2196   2.0952184602006629     
        2197   2.0949024684350470     
        2198   2.0944532000911811     
        2199   2.0938525425895347     
        2200   2.0929846064981339     
        2201   2.0917003650750496     
        2202   2.0900016834500974     
        2203   2.0881658674419854     
        2204   2.0865790362744159     
        2205   2.0854451270878047     
        2206   2.0847620232621220     
        2207   2.0844532631442632     
        2208   2.0843268921743414     
        2209   2.0839903744866386     
        2210   2.0829821454029509     
        2211   2.0810633092896271     
        2212   2.0784307870699141     
        2213   2.0756903428519822     
        2214   2.0736076790788780     
        2215   2.0727959072892173     
        2216   2.0734897525571334     
        2217   2.0754863419930021     
        2218   2.0782905672232572     
        2219   2.0813778592811261     
        2220   2.0843936782002666     
        2221   2.0872339113282918     
        2222   2.0900496287644157     
        2223   2.0931413346983185     
        2224   2.0967080871633708     
        2225   2.1005887882759562     
        2226   2.1042172635693421     
        2227   2.1068458606450275     
        2228   2.1078641342686528     
        2229   2.1070047791663931     
        2230   2.1043680854509264     
        2231   2.1003255995073968     
        2232   2.0953997856326807     
        2233   2.0901776041918096     
        2234   2.0852424368405331     
        2235   2.0810778867577060     
        2236   2.0779594736363647     
        2237   2.0759210881963233     
        2238   2.0748431239349365     
        2239   2.0745926743203467     
        2240   2.0751011383695768     
        2241   2.0763405062109159     
        2242   2.0782564105181791     
        2243   2.0807258473013959     
        2244   2.0835502359574405     
        2245   2.0864725749333504     
        2246   2.0892210066148960     
        2247   2.0915638120093432     
        2248   2.0933420755407388     
        2249   2.0944753877865399     
        2250   2.0949657705454645     
        2251   2.0949044138198589     
        2252   2.0944544385020221     
        2253   2.0937973346369998     
        2254   2.0930727136740628     
        2255   2.0923500280379157     
        2256   2.0916313841200318     
        2257   2.0908572002110479     
        2258   2.0899195310090883     
        2259   2.0887238770566081     
        2260   2.0872928878920396     
        2261   2.0858037251503885     
        2262   2.0844674691150487     
        2263   2.0833731500111492     
        2264   2.0825047365242617     
        2265   2.0818612520667950     
        2266   2.0814762417151482     
        2267   2.0813933220135139     
        2268   2.0817319340911560     
        2269   2.0827372205950416     
        2270   2.0846410875481132     
        2271   2.0873993132893642     
        2272   2.0905632106263941     
        2273   2.0934190146604763     
        2274   2.0952659601193826     
        2275   2.0956506518386369     
        2276   2.0945004532608307     
        2277   2.0921557068006584     
        2278   2.0892548574275738     
        2279   2.0864580306898577     
        2280   2.0841702552758923     
        2281   2.0824731333824928     
        2282   2.0812602853816249     
        2283   2.0804285802526650     
        2284   2.0800215445374270     
        2285   2.0802480405071102     
        2286   2.0813296085759889     
        2287   2.0832742677589628     
        2288   2.0857778193585204     
        2289   2.0883184495485922     
        2290   2.0903303202647328     
        2291   2.0913475696860773     
        2292   2.0910750404311753     
        2293   2.0893804456442946     
        2294   2.0862553781664319     
        2295   2.0818112982129304     
        2296   2.0763263083721313     
        2297   2.0702948512696713     
        2298   2.0644138379599846     
        2299   2.0594723691766332     
        2300   2.0561596931218080     
        2301   2.0548487017701591     
        2302   2.0554648347426108     
        2303   2.0575471343488507     
        2304   2.0604727564100913     
        2305   2.0636765277020461     
        2306   2.0667349344623416     
        2307   2.0693388843039702     
        2308   2.0712602286434634     
        2309   2.0723647447325373     
        2310   2.0726427955581488     
        2311   2.0722162405304898     
        2312   2.0713107434283966     
        2313   2.0701975599156937     
        2314   2.0691130373387332     
        2315   2.0681863643976448     
        2316   2.0674432855344884     
        2317   2.0669416987609321     
        2318   2.0669595011340682     
        2319   2.0679732256767061     
        2320   2.0702682836906381     
        2321   2.0735300484662358     
        2322   2.0769381970814589     
        2323   2.0796674031534641     
        2324   2.0812761711853649     
        2325   2.0817686168169192     
        2326   2.0814537678351313     
        2327   2.0807561509369354     
        2328   2.0800511607673688     
        2329   2.0795588489463883     
        2330   2.0793171827558390     
        2331   2.0792289273164717     
        2332   2.0791449966752342     
        2333   2.0789417528937579     
        2334   2.0785746637161679     
        2335   2.0781261240999953     
        2336   2.0778746628799136     
        2337   2.0783370261878962     
        2338   2.0801025460070197     
        2339   2.0833869957763755     
        2340   2.0877016688769028     
        2341   2.0920792689588481     
        2342   2.0956018751609635     
        2343   2.0977020237638575     
        2344   2.0981474337892587     
        2345   2.0969099359721355     
        2346   2.0940668638400481     
        2347   2.0897734941211494     
        2348   2.0842850704461839     
        2349   2.0779910932154708     
        2350   2.0714361424047034     
        2351   2.0653108914601490     
        2352   2.0603871875210724     
        2353   2.0573626479544043     
        2354   2.0566254904700916     
        2355   2.0580566130767060     
        2356   2.0610280605358695     
        2357   2.0646258039872945     
        2358   2.0679578227513944     
        2359   2.0703968513202073     
        2360   2.0716999000101226     
        2361   2.0719967601183615     
        2362   2.0716513224654887     
        2363   2.0710613055300513     
        2364   2.0705240655038266     
        2365   2.0702253592140134     
        2366   2.0702878242571066     
        2367   2.0708171403482565     
        2368   2.0719210671436339     
        2369   2.0736642068961668     
        2370   2.0759731416313603     
        2371   2.0785988718915034     
        2372   2.0811957375961820     
        2373   2.0834392420924193     
        2374   2.0850885829329129     
        2375   2.0859931948776622     
        2376   2.0860879365857543     
        2377   2.0853807437551635     
        2378   2.0839107884985859     
        2379   2.0817036358527208     
        2380   2.0787920741838719     
        2381   2.0753165977472565     
        2382   2.0716087837135375     
        2383   2.0681370551359985     
        2384   2.0653384748926924     
        2385   2.0634888545507386     
        2386   2.0626536806653868     
        2387   2.0626462655847129     
        2388   2.0630405989115537     
        2389   2.0633352618124237     
        2390   2.0631808700538472     
        2391   2.0624930327801949     
        2392   2.0614050090853713     
        2393   2.0601632784374813     
        2394   2.0590729703686517     
        2395   2.0584566022346009     
        2396   2.0584930341057825     
        2397   2.0589965910224874     
        2398   2.0594302769035826     
        2399   2.0592255049285435     
        2400   2.0581148555851327     
        2401   2.0562414792811086     
        2402   2.0540588441525456     
        2403   2.0521279764449480     
        2404   2.0509099123357322     
        2405   2.0506278802694182     
        2406   2.0512329986244797     
        2407   2.0524531805296178     
        2408   2.0538723131552876     
        2409   2.0550104572588164     
        2410   2.0554229193022691     
        2411   2.0548304392322181     
        2412   2.0532373693066845     
        2413   2.0509696913088176     
        2414   2.0485990073216214     
        2415   2.0467751617190779     
        2416   2.0460406088520866     
        2417   2.0467092498640009     
        2418   2.0488244606913208     
        2419   2.0521436417257428     
        2420   2.0561478602785868     
        2421   2.0601590139614068     
        2422   2.0635866863767300     
        2423   2.0661652589907464     
        2424   2.0680004438425748     
        2425   2.0693998670544178     
        2426   2.0706407885419962     
        2427   2.0718376665087486     
        2428   2.0729354928840085     
        2429   2.0737585725304188     
        2430   2.0740694210090336     
        2431   2.0736419962803323     
        2432   2.0723499920059103     
        2433   2.0702416401682138     
        2434   2.0675610844786303     
        2435   2.0646864066271062     
        2436   2.0619875727328623     
        2437   2.0596722320293637     
        2438   2.0577318092928807     
        2439   2.0560383953983443     
        2440   2.0545106739714396     
        2441   2.0532095357282536     
        2442   2.0522915403614044     
        2443   2.0518773999432938     
        2444   2.0519752735319678     
        2445   2.0525270816496661     
        2446   2.0534844389220281     
        2447   2.0547900730672595     
        2448   2.0562744010914078     
        2449   2.0575838912054891     
        2450   2.0582267830092342     
        2451   2.0577256019401422     
        2452   2.0558099600884532     
        2453   2.0525753091538261     
        2454   2.0485275131021750     
        2455   2.0444447906599916     
        2456   2.0410813707366300     
        2457   2.0388769543210206     
        2458   2.0378572150919823     
        2459   2.0377474363479515     
        2460   2.0381677130826188     
        2461   2.0387919398490997     
        2462   2.0394374766265524     
        2463   2.0400845791471891     
        2464   2.0408245919429540     
        2465   2.0417542804118773     
        2466   2.0428652983135667     
        2467   2.0439927582699755     
        2468   2.0448612379442395     
        2469   2.0452096765860208     
        2470   2.0449300132327175     
        2471   2.0441440556200554     
        2472   2.0431630646918735     
        2473   2.0423309198121302     
        2474   2.0418412157324570     
        2475   2.0416606579275713     
        2476   2.0416153884034749     
        2477   2.0415692089810324     
        2478   2.0415606631637297     
        2479   2.0417971597082816     
        2480   2.0425007184184176     
        2481   2.0437223724430837     
        2482   2.0452901204994194     
        2483   2.0469457795997448     
        2484   2.0485556072889688     
        2485   2.0502061659328819     
        2486   2.0520599664838506     
        2487   2.0540559713951718     
        2488   2.0557593759887065     
        2489   2.0565405761357880     
        2490   2.0559112106144930     
        2491   2.0537752455676102     
        2492   2.0504966742419719     
        2493   2.0467302151824884     
        2494   2.0430620018356533     
        2495   2.0397721090627807     
        2496   2.0369891769277952     
        2497   2.0350173519718093     
        2498   2.0343701533801717     
        2499   2.0353846207535855     
        2500   2.0378189704924949     
        2501   2.0409090077152028     
        2502   2.0437981741131392     
        2503   2.0458836349576415     
        2504   2.0468927262144558     
        2505   2.0468351338145387     
        2506   2.0459611801307753     
        2507   2.0446917154077990     
        2508   2.0434647174352163     
        2509   2.0425944890380321     
        2510   2.0422740901245553     
        2511   2.0426515586269582     
        2512   2.0438050458955037     
        2513   2.0456117834495529     
        2514   2.0476763418103063     
        2515   2.0494256478424520     
        2516   2.0503111331373858     
        2517   2.0499797181250989     
        2518   2.0483265857250412     
        2519   2.0454479256898175     
        2520   2.0415701079844633     
        2521   2.0370107813623699     
        2522   2.0321726122981723     
        2523   2.0275325897277661     
        2524   2.0235912942803100     
        2525   2.0207837387029963     
        2526   2.0193903427858264     
        2527   2.0194825763411455     
        2528   2.0209097583259945     
        2529   2.0233296753973904     
        2530   2.0262865602149009     
        2531   2.0293108086639040     
        2532   2.0320026088215983     
        2533   2.0340900048879700     
        2534   2.0354686292695625     
        2535   2.0362099961326448     
        2536   2.0365046554372586     
        2537   2.0365467477957044     
        2538   2.0364514848460273     
        2539   2.0362838172075750     
        2540   2.0361420361200850     
        2541   2.0361851283574892     
        2542   2.0365788281294175     
        2543   2.0374053900439222     
        2544   2.0385853147326545     
        2545   2.0398613546224964     
        2546   2.0408793705617669     
        2547   2.0413417177848268     
        2548   2.0411641479541434     
        2549   2.0405663357890749     
        2550   2.0400322248332907     
        2551   2.0401058759553288     
        2552   2.0411108675937015     
        2553   2.0430001641964841     
        2554   2.0454417231020550     
        2555   2.0480151503723794     
        2556   2.0503500901132310     
        2557   2.0521672572005238     
        2558   2.0532702386896031     
        2559   2.0535319791099620     
        2560   2.0528930993317860     
        2561   2.0513728556547943     
        2562   2.0490832268471788     
        2563   2.0462317698878976     
        2564   2.0431005227963435     
        2565   2.0399980890736398     
        2566   2.0372012848114132     
        2567   2.0349155894170368     
        2568   2.0332702985082225     
        2569   2.0323343865029235     
        2570   2.0321249700004431     
        2571   2.0325979929500417     
        2572   2.0336399894172494     
        2573   2.0350869977636203     
        2574   2.0367680022961916     
        2575   2.0385315671743056     
        2576   2.0402213750552698     
        2577   2.0416354184016039     
        2578   2.0425465600640842     
        2579   2.0427988943928832     
        2580   2.0424032836099766     
        2581   2.0415569400248215     
        2582   2.0405807804188525     
        2583   2.0398118052373504     
        2584   2.0394916041226363     
        2585   2.0396922699034628     
        2586   2.0403208098589154     
        2587   2.0412030311747649     
        2588   2.0421818493682031     
        2589   2.0431599835327265     
        2590   2.0440832619846092     
        2591   2.0449083131622290     
        2592   2.0455846812764888     
        2593   2.0460522269925798     
        2594   2.0462480490953898     
        2595   2.0461221733649042     
        2596   2.0456571559248355     
        2597   2.0448740560690406     
        2598   2.0438046589067254     
        2599   2.0424362611241142     
        2600   2.0406745126484784     
        2601   2.0383694971683779     
        2602   2.0354011665323593     
        2603   2.0317825676399397     
        2604   2.0277426991770131     
        2605   2.0237434725491230     
        2606   2.0203615888261628     
        2607   2.0180412315348146     
        2608   2.0168985002844591     
        2609   2.0167567914391711     
        2610   2.0173431173484038     
        2611   2.0184552024514377     
        2612   2.0200318868256950     
        2613   2.0221463912275661     
        2614   2.0249247345284571     
        2615   2.0284102510303335     
        2616   2.0324572695297185     
        2617   2.0367432304664077     
        2618   2.0409307121136839     
        2619   2.0449072089880596     
        2620   2.0488534354227470     
        2621   2.0529190757669760     
        2622   2.0568415504474840     
        2623   2.0600738522254614     
        2624   2.0622156122358528     
        2625   2.0631670829507196     
        2626   2.0629876117219110     
        2627   2.0617589440614545     
        2628   2.0595692772934173     
        2629   2.0565702842808880     
        2630   2.0530596143154085     
        2631   2.0495323647407546     
        2632   2.0465882278174741     
        2633   2.0446607070152938     
        2634   2.0437717369483139     
        2635   2.0435637505096698     
        2636   2.0435778136151712     
        2637   2.0435241763969176     
        2638   2.0433755531986630     
        2639   2.0432867275190203     
        2640   2.0434269791621400     
        2641   2.0438267608731575     
        2642   2.0443168805963317     
        2643   2.0445784440791539     
        2644   2.0442684352865141     
        2645   2.0431731968575657     
        2646   2.0413215017890236     
        2647   2.0389450845995052     
        2648   2.0362627908223399     
        2649   2.0333245685825521     
        2650   2.0301612150504611     
        2651   2.0270827753265008     
        2652   2.0247451431869306     
        2653   2.0238361599084138     
        2654   2.0246297090935559     
        2655   2.0268556933007238     
        2656   2.0300110577104702     
        2657   2.0337392367429787     
        2658   2.0378983876111150     
        2659   2.0423385562872265     
        2660   2.0467140070110488     
        2661   2.0505664127654062     
        2662   2.0535621135214410     
        2663   2.0556297405550312     
        2664   2.0569225216407347     
        2665   2.0576869688249260     
        2666   2.0581320512267149     
        2667   2.0583674881267022     
        2668   2.0584311029269231     
        2669   2.0583500651412132     
        2670   2.0581723168919841     
        2671   2.0579679346652680     
        2672   2.0578246065478369     
        2673   2.0578234177793080     
        2674   2.0579725396127451     
        2675   2.0581448619046889     
        2676   2.0581227386786929     
        2677   2.0577666303314430     
        2678   2.0571605333376350     
        2679   2.0565806443385424     
        2680   2.0563158185269179     
        2681   2.0565100975894950     
        2682   2.0571380512024744     
        2683   2.0580698188551345     
        2684   2.0591299450233151     
        2685   2.0601154854781569     
        2686   2.0608038599324279     
        2687   2.0609944514224705     
        2688   2.0605945615172510     
        2689   2.0597082561071187     
        2690   2.0586595665074996     
        2691   2.0579043938480481     
        2692   2.0578436774909905     
        2693   2.0586205421148236     
        2694   2.0600296004149059     
        2695   2.0616161256200134     
        2696   2.0629043655301591     
        2697   2.0636082104603601     
        2698   2.0637160031478303     
        2699   2.0634274718193213     
        2700   2.0629957202846558     
        2701   2.0625840820112575     
        2702   2.0622303978712280     
        2703   2.0619084004424106     
        2704   2.0616064002594299     
        2705   2.0613666111648534     
        2706   2.0612724996267988     
        2707   2.0613973628470554     
        2708   2.0617460045991280     
        2709   2.0622255150075541     
        2710   2.0626631456156210     
        2711   2.0628643635704504     
        2712   2.0626908011406191     
        2713   2.0621391424056710     
        2714   2.0613947779787525     
        2715   2.0608037046663852     
        2716   2.0607185708612565     
        2717   2.0612915316468299     
        2718   2.0623823837435991     
        2719   2.0636523389398049     
        2720   2.0647403506490716     
        2721   2.0653922415711037     
        2722   2.0655044842798800     
        2723   2.0651134107547224     
        2724   2.0643686871602718     
        2725   2.0635069438363827     
        2726   2.0628167034814062     
        2727   2.0625783199375736     
        2728   2.0629795638993818     
        2729   2.0640400396293166     
        2730   2.0655955942622284     
        2731   2.0673634873225009     
        2732   2.0690467636389580     
        2733   2.0704142228492874     
        2734   2.0713334180492486     
        2735   2.0717780141550519     
        2736   2.0718272600975576     
        2737   2.0716506202626745     
        2738   2.0714663915893250     
        2739   2.0714757737458838     
        2740   2.0717903629185201     
        2741   2.0723830575027580     
        2742   2.0730843587352239     
        2743   2.0736160450519003     
        2744   2.0736372104795873     
        2745   2.0727959563972651     
        2746   2.0708107326283249     
        2747   2.0676311106037129     
        2748   2.0637106365956477     
        2749   2.0601789445215726     
        2750   2.0583055719367258     
        2751   2.0583318931736434     
        2752   2.0592544594314650     
        2753   2.0599769349186943     
        2754   2.0601485034497555     
        2755   2.0600000571348871     
        2756   2.0598500532677932     
        2757   2.0597969525698971     
        2758   2.0596907526279695     
        2759   2.0592883206725063     
        2760   2.0584377217789469     
        2761   2.0571694668119869     
        2762   2.0556592076880791     
        2763   2.0541098582525530     
        2764   2.0526486076265651     
        2765   2.0513169698657068     
        2766   2.0501388701018430     
        2767   2.0491690881715896     
        2768   2.0484648506362628     
        2769   2.0480349816357699     
        2770   2.0478525263465328     
        2771   2.0479331797937759     
        2772   2.0483822044445024     
        2773   2.0493151924148574     
        2774   2.0506939485467219     
        2775   2.0522478688006389     
        2776   2.0535793041341326     
        2777   2.0543546863633324     
        2778   2.0544289321542766     
        2779   2.0538687514383174     
        2780   2.0529332654647336     
        2781   2.0520340585307508     
        2782   2.0516143332680343     
        2783   2.0519251720044851     
        2784   2.0528578457335840     
        2785   2.0540266416324675     
        2786   2.0550366011243382     
        2787   2.0556883159458654     
        2788   2.0560072978771444     
        2789   2.0561670746916514     
        2790   2.0563941090354545     
        2791   2.0568927880357539     
        2792   2.0578031530904557     
        2793   2.0591650797636385     
        2794   2.0608555425697679     
        2795   2.0625724162116579     
        2796   2.0639881956124313     
        2797   2.0650207883294311     
        2798   2.0659344806464190     
        2799   2.0670362981639370     
        2800   2.0682507410301891     
        2801   2.0691541816548122     
        2802   2.0693906531173485     
        2803   2.0688706199389273     
        2804   2.0676473469691121     
        2805   2.0658200038384886     
        2806   2.0635940603002343     
        2807   2.0613264590689284     
        2808   2.0594368771656923     
        2809   2.0582542668370820     
        2810   2.0579184831665169     
        2811   2.0583931167664749     
        2812   2.0595689051849222     
        2813   2.0613601748274295     
        2814   2.0636536582949052     
        2815   2.0661136441119785     
        2816   2.0681095245570655     
        2817   2.0689532600227700     
        2818   2.0682366010372237     
        2819   2.0659733970370766     
        2820   2.0625175364114741     
        2821   2.0583990077948440     
        2822   2.0542051354110753     
        2823   2.0505356404630581     
        2824   2.0479615829563680     
        2825   2.0469188774952487     
        2826   2.0475652184566524     
        2827   2.0496951945876725     
        2828   2.0527849564330634     
        2829   2.0561753366894351     
        2830   2.0593278625298415     
        2831   2.0620199597647666     
        2832   2.0643497167834131     
        2833   2.0665461048312350     
        2834   2.0687490807257762     
        2835   2.0709443577563098     
        2836   2.0730580919949424     
        2837   2.0750582515256992     
        2838   2.0769472997159655     
        2839   2.0786626912098236     
        2840   2.0799856840901798     
        2841   2.0805699760054739     
        2842   2.0801216161750986     
        2843   2.0786242338659089     
        2844   2.0764387341974788     
        2845   2.0741779165982366     
        2846   2.0724152631956896     
        2847   2.0714290504423234     
        2848   2.0711584054251415     
        2849   2.0713535484263961     
        2850   2.0717621559177899     
        2851   2.0722312246055750     
        2852   2.0727110456523583     
        2853   2.0732087174122511     
        2854   2.0737411221741833     
        2855   2.0743088677467170     
        2856   2.0748796229493736     
        2857   2.0753667887158582     
        2858   2.0756263082856190     
        2859   2.0755034245131552     
        2860   2.0748995379561834     
        2861   2.0737963947991567     
        2862   2.0722374018022633     
        2863   2.0703230924794598     
        2864   2.0682450945775810     
        2865   2.0663130514737689     
        2866   2.0649117327024373     
        2867   2.0643788058155934     
        2868   2.0648655235454143     
        2869   2.0662630334862966     
        2870   2.0682246134952647     
        2871   2.0702476706094743     
        2872   2.0717658660841045     
        2873   2.0722362902674045     
        2874   2.0712424392650379     
        2875   2.0686435312391427     
        2876   2.0647535725281916     
        2877   2.0604081194574912     
        2878   2.0567359102114473     
        2879   2.0547342075962596     
        2880   2.0549805903193383     
        2881   2.0575352340360018     
        2882   2.0619193120558066     
        2883   2.0672539939025669     
        2884   2.0725760906079471     
        2885   2.0771276037631203     
        2886   2.0804666464016175     
        2887   2.0824251380424812     
        2888   2.0830134482694671     
        2889   2.0823514846593438     
        2890   2.0806684673600522     
        2891   2.0783718724671343     
        2892   2.0760753178036291     
        2893   2.0743624996099586     
        2894   2.0733389480075726     
        2895   2.0725236818583892     
        2896   2.0712914751995499     
        2897   2.0693076508718775     
        2898   2.0665843469772911     
        2899   2.0633491780420599     
        2900   2.0599546499526098     
        2901   2.0568562392948166     
        2902   2.0545926832216286     
        2903   2.0537009897648151     
        2904   2.0545449457784479     
        2905   2.0571260275943568     
        2906   2.0610096770064739     
        2907   2.0654358739032919     
        2908   2.0695460756780863     
        2909   2.0726113334410261     
        2910   2.0741924689503040     
        2911   2.0742005101753112     
        2912   2.0728508691268059     
        2913   2.0705489247359443     
        2914   2.0677679806427700     
        2915   2.0649423148885346     
        2916   2.0623729066021328     
        2917   2.0601784495894573     
        2918   2.0582918668464130     
        2919   2.0564597103235092     
        2920   2.0543106158911328     
        2921   2.0515811232065202     
        2922   2.0483798028850053     
        2923   2.0452534419420600     
        2924   2.0429679039601147     
        2925   2.0421479959649624     
        2926   2.0430007754038524     
        2927   2.0452604157832468     
        2928   2.0483229529472498     
        2929   2.0514066541949409     
        2930   2.0537489526848174     
        2931   2.0548956570774455     
        2932   2.0548432793314606     
        2933   2.0538987334709873     
        2934   2.0524510865328338     
        2935   2.0508649707029392     
        2936   2.0495189188846870     
        2937   2.0488470393393756     
        2938   2.0492161747606672     
        2939   2.0506750365510951     
        2940   2.0528670483205249     
        2941   2.0552686583073503     
        2942   2.0574904150663893     
        2943   2.0593269493485011     
        2944   2.0606255563684770     
        2945   2.0612404298139908     
        2946   2.0611318507392662     
        2947   2.0604534683064606     
        2948   2.0595193789808812     
        2949   2.0586937329513950     
        2950   2.0582884415240210     
        2951   2.0584966856024516     
        2952   2.0593477821664927     
        2953   2.0606851339123868     
        2954   2.0621909402641063     
        2955   2.0634664812681609     
        2956   2.0641456929436637     
        2957   2.0640124501350838     
        2958   2.0631022297960202     
        2959   2.0617511435744982     
        2960   2.0605051627430391     
        2961   2.0598388158181686     
        2962   2.0598563921964681     
        2963   2.0602812123312217     
        2964   2.0607428186188215     
        2965   2.0610351534380214     
        2966   2.0611344171442969     
        2967   2.0610759218558683     
        2968   2.0608789407988541     
        2969   2.0605619556637280     
        2970   2.0601595158551396     
        2971   2.0596857159014279     
        2972   2.0590672369024365     
        2973   2.0580848674881898     
        2974   2.0563802870348993     
        2975   2.0536062939431665     
        2976   2.0497137794928464     
        2977   2.0451802557715988     
        2978   2.0408943339804635     
        2979   2.0376770778409403     
        2980   2.0358589209470250     
        2981   2.0352607740374378     
        2982   2.0354477992947357     
        2983   2.0359945754595290     
        2984   2.0366650779830220     
        2985   2.0374728813944065     
        2986   2.0385864874217665     
        2987   2.0401377288880389     
        2988   2.0421086701033668     
        2989   2.0443919813429976     
        2990   2.0469027204224206     
        2991   2.0495938935469233     
        2992   2.0523962121192811     
        2993   2.0551852063189981     
        2994   2.0578043365479886     
        2995   2.0600843274474134     
        2996   2.0618130108386432     
        2997   2.0627021018949869     
        2998   2.0624424976368241     
        2999   2.0608585356998539     
        3000   2.0580523003154432     
        3001   2.0544134302219552     
        3002   2.0504674893817016     
        3003   2.0466657176074263     
        3004   2.0432845464554275     
        3005   2.0405179737215438     
        3006   2.0386486526231304     
        3007   2.0380554873908228     
        3008   2.0389413054110008     
        3009   2.0410151485751387     
        3010   2.0435052374184921     
        3011   2.0455203913336284     
        3012   2.0464313323521033     
        3013   2.0460394370135027     
        3014   2.0445320608700350     
        3015   2.0423203954145746     
        3016   2.0398710721784399     
        3017   2.0376092979656244     
        3018   2.0358896238566166     
        3019   2.0349819055860987     
        3020   2.0350505460037760     
        3021   2.0361393411387945     
        3022   2.0381638650063394     
        3023   2.0409116101304963     
        3024   2.0440717609282242     
        3025   2.0473042955412577     
        3026   2.0503164711032080     
        3027   2.0529138462739924     
        3028   2.0550297748890647     
        3029   2.0567353383627887     
        3030   2.0581898916740147     
        3031   2.0595192831679165     
        3032   2.0607161504861735     
        3033   2.0616619986125433     
        3034   2.0622284782182394     
        3035   2.0623449721048290     
        3036   2.0620008322871204     
        3037   2.0612300424950720     
        3038   2.0601209504934386     
        3039   2.0588456562564508     
        3040   2.0576648061654832     
        3041   2.0568627038764173     
        3042   2.0566154057051174     
        3043   2.0568621757932428     
        3044   2.0572722323453587     
        3045   2.0573405861370597     
        3046   2.0565630089084506     
        3047   2.0546157324883896     
        3048   2.0515008658165699     
        3049   2.0476426277217654     
        3050   2.0438775052429201     
        3051   2.0412337312662396     
        3052   2.0405280836553170     
        3053   2.0420545341711929     
        3054   2.0455634626014634     
        3055   2.0504053137716105     
        3056   2.0556842002809166     
        3057   2.0604290782313961     
        3058   2.0637874493070409     
        3059   2.0651797268475520     
        3060   2.0643778662908709     
        3061   2.0615302303389802     
        3062   2.0571501393209228     
        3063   2.0520311573462635     
        3064   2.0470522095641672     
        3065   2.0429362474518973     
        3066   2.0401000972792738     
        3067   2.0386643750079880     
        3068   2.0385634693903780     
        3069   2.0396456910554734     
        3070   2.0417130780629682     
        3071   2.0445334918897449     
        3072   2.0478659505146464     
        3073   2.0514883376610982     
        3074   2.0551949845602295     
        3075   2.0587673773454691     
        3076   2.0619584547243761     
        3077   2.0645203829384720     
        3078   2.0662687464000773     
        3079   2.0671554860202948     
        3080   2.0673169546737751     
        3081   2.0670585149362690     
        3082   2.0667568038935489     
        3083   2.0667237955457103     
        3084   2.0671181959938796     
        3085   2.0679351592670709     
        3086   2.0690348063717452     
        3087   2.0701927724195066     
        3088   2.0711915057458445     
        3089   2.0719218338987075     
        3090   2.0724134866496926     
        3091   2.0727587727212939     
        3092   2.0729923093344587     
        3093   2.0730286391476485     
        3094   2.0726947288218618     
        3095   2.0718108738185355     
        3096   2.0702636776813930     
        3097   2.0680563696487915     
        3098   2.0653400287175385     
        3099   2.0624048401935178     
        3100   2.0595914893690610     
        3101   2.0571271722238991     
        3102   2.0549882861926605     
        3103   2.0529260841419577     
        3104   2.0506766750365473     
        3105   2.0482117504567312     
        3106   2.0458360430250675     
        3107   2.0440598705918425     
        3108   2.0433904626992634     
        3109   2.0442432994296937     
        3110   2.0469331727219369     
        3111   2.0515376003289973     
        3112   2.0576813737746802     
        3113   2.0645558250377576     
        3114   2.0712486057033006     
        3115   2.0770766533676741     
        3116   2.0816778746601270     
        3117   2.0849247595164329     
        3118   2.0868213163630260     
        3119   2.0874530793335970     
        3120   2.0869784920210828     
        3121   2.0856318031638419     
        3122   2.0837169010695886     
        3123   2.0815797113703409     
        3124   2.0795526349976727     
        3125   2.0778791974454527     
        3126   2.0766487343391762     
        3127   2.0757816233488260     
        3128   2.0750864632241841     
        3129   2.0743668375732471     
        3130   2.0735214190483924     
        3131   2.0725803759672279     
        3132   2.0716508274516459     
        3133   2.0708060705705686     
        3134   2.0700120644983211     
        3135   2.0691480517427463     
        3136   2.0680739056865680     
        3137   2.0666767880955206     
        3138   2.0649040173185664     
        3139   2.0628257620145973     
        3140   2.0607159827337505     
        3141   2.0590605643650441     
        3142   2.0583973827841606     
        3143   2.0590325798923228     
        3144   2.0608592838796693     
        3145   2.0634554153034230     
        3146   2.0663497681996090     
        3147   2.0692094944288963     
        3148   2.0718612591250940     
        3149   2.0742293649203587     
        3150   2.0762889147201529     
        3151   2.0780702354059204     
        3152   2.0796829180783809     
        3153   2.0812938310933409     
        3154   2.0830382201098878     
        3155   2.0849263397374083     
        3156   2.0868262459666918     
        3157   2.0885322768802776     
        3158   2.0898527414683286     
        3159   2.0906491273769698     
        3160   2.0908203478819702     
        3161   2.0902787197586381     
        3162   2.0889607328914392     
        3163   2.0868706901525553     
        3164   2.0841232990770568     
        3165   2.0809538370196039     
        3166   2.0776815691134392     
        3167   2.0746393297333818     
        3168   2.0721184217294444     
        3169   2.0703775587060691     
        3170   2.0696856808192567     
        3171   2.0702778789911709     
        3172   2.0721623674769756     
        3173   2.0749380283685364     
        3174   2.0778628491227078     
        3175   2.0801553362468228     
        3176   2.0812721268647789     
        3177   2.0810043089430006     
        3178   2.0794391872819240     
        3179   2.0768865994943506     
        3180   2.0738099620278323     
        3181   2.0707453824360353     
        3182   2.0681914413752449     
        3183   2.0664947975025947     
        3184   2.0657772097580143     
        3185   2.0659255510790886     
        3186   2.0666502477904327     
        3187   2.0676049265654224     
        3188   2.0685125494132377     
        3189   2.0692196741723659     
        3190   2.0696613793065448     
        3191   2.0698053510970182     
        3192   2.0696552667295407     
        3193   2.0693160326195992     
        3194   2.0690353618255219     
        3195   2.0691323892359264     
        3196   2.0698335930233900     
        3197   2.0711550386700939     
        3198   2.0729355218655279     
        3199   2.0749639260549886     
        3200   2.0770696947026352     
        3201   2.0791266255942649     
        3202   2.0810148555981347     
        3203   2.0826026389555778     
        3204   2.0837738327234150     
        3205   2.0844804471623677     
        3206   2.0847765010053649     
        3207   2.0848054166231145     
        3208   2.0847428980270242     
        3209   2.0847146268577443     
        3210   2.0847237206786557     
        3211   2.0846384781799436     
        3212   2.0842675683673777     
        3213   2.0834759065559232     
        3214   2.0822502459097221     
        3215   2.0806779034339886     
        3216   2.0788923576242606     
        3217   2.0770539646197776     
        3218   2.0753707635498322     
        3219   2.0741109728143852     
        3220   2.0735460100660288     
        3221   2.0737988351441929     
        3222   2.0746995665638273     
        3223   2.0758307487774790     
        3224   2.0767648978857562     
        3225   2.0772752031482478     
        3226   2.0773700400078345     
        3227   2.0772077734689143     
        3228   2.0770057980019505     
        3229   2.0769690462084731     
        3230   2.0771947857250694     
        3231   2.0775760306349027     
        3232   2.0778207627720238     
        3233   2.0776350563641159     
        3234   2.0769558260566545     
        3235   2.0760707843353576     
        3236   2.0755006860387448     
        3237   2.0756187045635546     
        3238   2.0762894802126346     
        3239   2.0769560025876919     
        3240   2.0770866523807956     
        3241   2.0764780450083911     
        3242   2.0752337692602336     
        3243   2.0736052366400526     
        3244   2.0718626885632050     
        3245   2.0702385099908707     
        3246   2.0689277557571262     
        3247   2.0681160339537286     
        3248   2.0680029420550685     
        3249   2.0687959088024281     
        3250   2.0706637490395701     
        3251   2.0736618755866538     
        3252   2.0776578061608673     
        3253   2.0822904376843048     
        3254   2.0869981078206234     
        3255   2.0911346896025007     
        3256   2.0941544081046750     
        3257   2.0958044134728944     
        3258   2.0962286442083342     
        3259   2.0958769714700765     
        3260   2.0952165444245319     
        3261   2.0944410092571388     
        3262   2.0934120908377309     
        3263   2.0918567681781242     
        3264   2.0896572038004910     
        3265   2.0870539815851803     
        3266   2.0846357007763547     
        3267   2.0830702446224278     
        3268   2.0826999732164437     
        3269   2.0833113176303395     
        3270   2.0842935927125059     
        3271   2.0850076104575814     
        3272   2.0850245082552528     
        3273   2.0841337443728309     
        3274   2.0822562509203171     
        3275   2.0794166616883740     
        3276   2.0758146415843206     
        3277   2.0719147909946338     
        3278   2.0684269528556003     
        3279   2.0661070254637544     
        3280   2.0654466897047428     
        3281   2.0664441328710592     
        3282   2.0686175997570460     
        3283   2.0712214503573452     
        3284   2.0734857867861196     
        3285   2.0747858124342304     
        3286   2.0747659005087495     
        3287   2.0734284759071535     
        3288   2.0711379583578173     
        3289   2.0685087223392653     
        3290   2.0662314558371171     
        3291   2.0649167937251489     
        3292   2.0649518207207977     
        3293   2.0663493321959852     
        3294   2.0686946883515791     
        3295   2.0712955853663102     
        3296   2.0734493435335568     
        3297   2.0746664160457233     
        3298   2.0747958890624778     
        3299   2.0740691687297290     
        3300   2.0730362384470826     
        3301   2.0723534904403209     
        3302   2.0724963781999817     
        3303   2.0735719735526756     
        3304   2.0753165059011147     
        3305   2.0772163694379167     
        3306   2.0786810296211811     
        3307   2.0792424748434106     
        3308   2.0787510598598327     
        3309   2.0774985976041318     
        3310   2.0761578731721770     
        3311   2.0754692126397427     
        3312   2.0758254641941951     
        3313   2.0770841112286389     
        3314   2.0787337602581411     
        3315   2.0802147822144872     
        3316   2.0811678643149416     
        3317   2.0815332694478297     
        3318   2.0815045810974362     
        3319   2.0813784803203950     
        3320   2.0813952142998415     
        3321   2.0816704223927469     
        3322   2.0822326844980199     
        3323   2.0830930870306257     
        3324   2.0842670970185204     
        3325   2.0857222639060140     
        3326   2.0872914320578597     
        3327   2.0886317584196306     
        3328   2.0892897767513161     
        3329   2.0888594326380607     
        3330   2.0871512228880418     
        3331   2.0842807180335008     
        3332   2.0806345575833558     
        3333   2.0767389426296186     
        3334   2.0730984223454838     
        3335   2.0700740665583734     
        3336   2.0678391371363554     
        3337   2.0664117520941900     
        3338   2.0657329021022561     
        3339   2.0657369159266490     
        3340   2.0663648397436107     
        3341   2.0675119452125905     
        3342   2.0689553880915121     
        3343   2.0703339262440816     
        3344   2.0712279904575599     
        3345   2.0713320693847939     
        3346   2.0706472718918150     
        3347   2.0695507010454981     
        3348   2.0685978238044926     
        3349   2.0681574619877843     
        3350   2.0682416631132101     
        3351   2.0686490821360906     
        3352   2.0691437580116072     
        3353   2.0695050033717917     
        3354   2.0695591344799920     
        3355   2.0692596695777650     
        3356   2.0687164034396033     
        3357   2.0680991720998958     
        3358   2.0674931491494450     
        3359   2.0668376633198826     
        3360   2.0659967866247211     
        3361   2.0648953117796913     
        3362   2.0636057200500404     
        3363   2.0623144256234496     
        3364   2.0612014878779901     
        3365   2.0603527620460294     
        3366   2.0597834049554367     
        3367   2.0595172308480882     
        3368   2.0596105854710900     
        3369   2.0601009509437818     
        3370   2.0609548151427970     
        3371   2.0620671632191883     
        3372   2.0633005596994334     
        3373   2.0645363282687543     
        3374   2.0657135900023400     
        3375   2.0668161912322840     
        3376   2.0677872092098752     
        3377   2.0684472138726333     
        3378   2.0685375595396853     
        3379   2.0678781285752761     
        3380   2.0664944161390175     
        3381   2.0646272681365661     
        3382   2.0626620955669432     
        3383   2.0610310574709296     
        3384   2.0600984495082999     
        3385   2.0600468950035840     
        3386   2.0608264479290082     
        3387   2.0622177472227361     
        3388   2.0639665426072669     
        3389   2.0658719942576145     
        3390   2.0677634852796429     
        3391   2.0694256557454791     
        3392   2.0705852708471535     
        3393   2.0710105028145280     
        3394   2.0706664493259002     
        3395   2.0698246083508334     
        3396   2.0690662682538243     
        3397   2.0691122182549000     
        3398   2.0703709458715704     
        3399   2.0724704772388649     
        3400   2.0744168032416104     
        3401   2.0753338335896090     
        3402   2.0750097398439502     
        3403   2.0738609625457989     
        3404   2.0725139738499765     
        3405   2.0714002784170331     
        3406   2.0706493136514577     
        3407   2.0702129875786190     
        3408   2.0699754568986033     
        3409   2.0697725650822090     
        3410   2.0694000322338648     
        3411   2.0686589477902939     
        3412   2.0674209888880735     
        3413   2.0656797041614428     
        3414   2.0635634202455218     
        3415   2.0613011059506476     
        3416   2.0591548980633170     
        3417   2.0573558675790413     
        3418   2.0560824000622322     
        3419   2.0554703002792274     
        3420   2.0555810387528779     
        3421   2.0563183275379586     
        3422   2.0574091180979006     
        3423   2.0584856427695581     
        3424   2.0591555602658103     
        3425   2.0590296898841989     
        3426   2.0577895790008225     
        3427   2.0553181540655867     
        3428   2.0518438607235110     
        3429   2.0480167334865258     
        3430   2.0447806187412394     
        3431   2.0429702194460697     
        3432   2.0428601414281302     
        3433   2.0440645805126381     
        3434   2.0458634259787827     
        3435   2.0476179258903580     
        3436   2.0489722877913050     
        3437   2.0498278946643187     
        3438   2.0502248909818497     
        3439   2.0502451096312133     
        3440   2.0499983068397953     
        3441   2.0496844105515097     
        3442   2.0496292659290218     
        3443   2.0501873919436715     
        3444   2.0515589688394962     
        3445   2.0536893288002340     
        3446   2.0563188291037680     
        3447   2.0590927628262770     
        3448   2.0616530154472241     
        3449   2.0637161977298111     
        3450   2.0651392271924767     
        3451   2.0659455891133174     
        3452   2.0663008272099046     
        3453   2.0664395510923819     
        3454   2.0665501540390689     
        3455   2.0666713834003048     
        3456   2.0667033155595766     
        3457   2.0665530178954636     
        3458   2.0662783532684226     
        3459   2.0660795804330481     
        3460   2.0661469523440945     
        3461   2.0665112401105858     
        3462   2.0670147143430300     
        3463   2.0673931309363622     
        3464   2.0673952675510892     
        3465   2.0668853447494384     
        3466   2.0659008716054199     
        3467   2.0646506662567505     
        3468   2.0634490383909498     
        3469   2.0626021264040086     
        3470   2.0622957437533018     
        3471   2.0625549165899759     
        3472   2.0633040164485958     
        3473   2.0644675004338939     
        3474   2.0660164109782402     
        3475   2.0679358289214034     
        3476   2.0701748722445572     
        3477   2.0726327617367613     
        3478   2.0751658613010524     
        3479   2.0775927355189698     
        3480   2.0797170893024473     
        3481   2.0813829043227203     
        3482   2.0825286643893790     
        3483   2.0831904107796384     
        3484   2.0834374096666228     
        3485   2.0832809418021285     
        3486   2.0826330025271176     
        3487   2.0813723596811484     
        3488   2.0795010237967064     
        3489   2.0772919652533859     
        3490   2.0752913808233533     
        3491   2.0740930534790296     
        3492   2.0739980348129055     
        3493   2.0748530703924888     
        3494   2.0761987990109145     
        3495   2.0775290214416704     
        3496   2.0784525495700072     
        3497   2.0787457878363922     
        3498   2.0783485312719572     
        3499   2.0773186434121036     
        3500   2.0757510598762781     
        3501   2.0736897508182248     
        3502   2.0710868828450164     
        3503   2.0678663109984621     
        3504   2.0640984645266323     
        3505   2.0601768638463578     
        3506   2.0567703608204742     
        3507   2.0544337055483468     
        3508   2.0531889704269437     
        3509   2.0525638390481742     
        3510   2.0520403207473792     
        3511   2.0514378507643856     
        3512   2.0509887397395050     
        3513   2.0511664197889128     
        3514   2.0523848345398243     
        3515   2.0547299871850848     
        3516   2.0579033433629137     
        3517   2.0614011065907465     
        3518   2.0647694315818201     
        3519   2.0677621859411786     
        3520   2.0703353337725026     
        3521   2.0725339667869829     
        3522   2.0743979231628393     
        3523   2.0759485373552562     
        3524   2.0771993736953935     
        3525   2.0781423970921198     
        3526   2.0787527249949935     
        3527   2.0790623281222635     
        3528   2.0792698393597404     
        3529   2.0797552858478845     
        3530   2.0808687744980423     
        3531   2.0826060678336429     
        3532   2.0845246989494077     
        3533   2.0860097183399926     
        3534   2.0865865798819123     
        3535   2.0860370789213287     
        3536   2.0843734090327395     
        3537   2.0818113069164794     
        3538   2.0787970015778496     
        3539   2.0760386752932161     
        3540   2.0743896508331106     
        3541   2.0744573294147077     
        3542   2.0761654363662547     
        3543   2.0787772276264342     
        3544   2.0814233493640795     
        3545   2.0835632909177879     
        3546   2.0850230821234637     
        3547   2.0857934313067990     
        3548   2.0858756955202611     
        3549   2.0852622702290624     
        3550   2.0839861148480914     
        3551   2.0821593131973497     
        3552   2.0799689132302515     
        3553   2.0776446226292733     
        3554   2.0754283716039486     
        3555   2.0735426735592686     
        3556   2.0721143871865091     
        3557   2.0710756935990444     
        3558   2.0701873134703956     
        3559   2.0692474115676238     
        3560   2.0683033126796584     
        3561   2.0676484363936454     
        3562   2.0676098752498442     
        3563   2.0683264072544718     
        3564   2.0696959030838422     
        3565   2.0714849652421448     
        3566   2.0734628555734891     
        3567   2.0754630999729717     
        3568   2.0773765050750557     
        3569   2.0791213928221253     
        3570   2.0806297994071135     
        3571   2.0818641361805748     
        3572   2.0828470270102888     
        3573   2.0836689659038830     
        3574   2.0844535470627950     
        3575   2.0852963366291144     
        3576   2.0862149711858149     
        3577   2.0871346588962592     
        3578   2.0879091178298514     
        3579   2.0883707183679427     
        3580   2.0884096680354958     
        3581   2.0880712585849235     
        3582   2.0876047049749302     
        3583   2.0873438744937469     
        3584   2.0874175583626284     
        3585   2.0875627458608679     
        3586   2.0872912509251504     
        3587   2.0862507260551744     
        3588   2.0844582120815955     
        3589   2.0822977049850389     
        3590   2.0803367810233051     
        3591   2.0790585354992488     
        3592   2.0786599294444033     
        3593   2.0790512593703290     
        3594   2.0800030154230336     
        3595   2.0812492589683127     
        3596   2.0824836942344849     
        3597   2.0833778585994183     
        3598   2.0837422180358742     
        3599   2.0837430235742147     
        3600   2.0839067834149518     
        3601   2.0847716369721390     
        3602   2.0864511595609061     
        3603   2.0885366701164276     
        3604   2.0903994607370184     
        3605   2.0915880345099223     
        3606   2.0920564566913686     
        3607   2.0921557230250087     
        3608   2.0924265238811421     
        3609   2.0932885815504418     
        3610   2.0947892211705694     
        3611   2.0965879304728672     
        3612   2.0981909029112931     
        3613   2.0992264988169316     
        3614   2.0995621793318016     
        3615   2.0992588217507802     
        3616   2.0984631034339873     
        3617   2.0973112224592829     
        3618   2.0958771523335211     
        3619   2.0941783592651926     
        3620   2.0922177819972125     
        3621   2.0900126173860514     
        3622   2.0875851957629217     
        3623   2.0849536986870945     
        3624   2.0821992342010294     
        3625   2.0796052714590001     
        3626   2.0776282252923699     
        3627   2.0764700235308782     
        3628   2.0756854882991047     
        3629   2.0744764662583113     
        3630   2.0723516993869810     
        3631   2.0694239089790121     
        3632   2.0662559859095806     
        3633   2.0635188144339995     
        3634   2.0616584988773301     
        3635   2.0607239980116678     
        3636   2.0604405858060826     
        3637   2.0604630221037850     
        3638   2.0606307469814360     
        3639   2.0610635076068511     
        3640   2.0620460904908344     
        3641   2.0638051333623264     
        3642   2.0663738263322595     
        3643   2.0696330773916749     
        3644   2.0734212006910560     
        3645   2.0775830955898686     
        3646   2.0819677143538584     
        3647   2.0864582431044711     
        3648   2.0910478263514576     
        3649   2.0958535404443981     
        3650   2.1009679094964597     
        3651   2.1062548496576738     
        3652   2.1113382275807413     
        3653   2.1158176252160170     
        3654   2.1194784910889313     
        3655   2.1223221703407678     
        3656   2.1244446792099598     
        3657   2.1258858879947202     
        3658   2.1265540710239192     
        3659   2.1262596242600869     
        3660   2.1248188294876149     
        3661   2.1221709884760602     
        3662   2.1184749402750023     
        3663   2.1141519748471382     
        3664   2.1098221715252490     
        3665   2.1061126007414464     
        3666   2.1034276919115964     
        3667   2.1018381909270065     
        3668   2.1011475421793500     
        3669   2.1010555667380442     
        3670   2.1013080495187300     
        3671   2.1017607690138251     
        3672   2.1023457806974108     
        3673   2.1029897046609265     
        3674   2.1035512450053275     
        3675   2.1038147076298555     
        3676   2.1035432566283920     
        3677   2.1025673591755916     
        3678   2.1008546500413385     
        3679   2.0985130281916042     
        3680   2.0957460361252136     
        3681   2.0928427443179598     
        3682   2.0902190156259777     
        3683   2.0883751105331538     
        3684   2.0876682893914902     
        3685   2.0880833104082077     
        3686   2.0892868361526808     
        3687   2.0909154713368197     
        3688   2.0927779230053289     
        3689   2.0948278545876082     
        3690   2.0970278496025259     
        3691   2.0992556586572477     
        3692   2.1012985942857281     
        3693   2.1029111508021145     
        3694   2.1038984643562384     
        3695   2.1041906727710016     
        3696   2.1038858216903669     
        3697   2.1032609301816345     
        3698   2.1027486322702185     
        3699   2.1028509927856520     
        3700   2.1039722759821320     
        3701   2.1062259186803995     
        3702   2.1093409310290472     
        3703   2.1127672870377334     
        3704   2.1159450318909592     
        3705   2.1185671075910495     
        3706   2.1206682836473236     
        3707   2.1225061176427178     
        3708   2.1243380913673238     
        3709   2.1262496599562866     
        3710   2.1281364282237805     
        3711   2.1298248503263921     
        3712   2.1312032280820530     
        3713   2.1322292683086137     
        3714   2.1328436881983337     
        3715   2.1329836475891764     
        3716   2.1327239873105857     
        3717   2.1322693145411322     
        3718   2.1317122284423466     
        3719   2.1309163816205601     
        3720   2.1297096706839342     
        3721   2.1281024246491267     
        3722   2.1262991977424401     
        3723   2.1245783950832422     
        3724   2.1231803867574692     
        3725   2.1222542222368812     
        3726   2.1218455296575978     
        3727   2.1218938163833831     
        3728   2.1222327616521350     
        3729   2.1226211208046144     
        3730   2.1228208828564012     
        3731   2.1226835145524832     
        3732   2.1221833923723494     
        3733   2.1213860986623727     
        3734   2.1203957512024747     
        3735   2.1193257701090893     
        3736   2.1182940352830797     
        3737   2.1174150758968486     
        3738   2.1167788938848369     
        3739   2.1164320140821364     
        3740   2.1163729336002679     
        3741   2.1165569197664951     
        3742   2.1169063428752306     
        3743   2.1173326777467185     
        3744   2.1177657699005175     
        3745   2.1181637598678353     
        3746   2.1184830735773215     
        3747   2.1186296857552755     
        3748   2.1184443901012724     
        3749   2.1177571639054049     
        3750   2.1164909406588670     
        3751   2.1147476293913923     
        3752   2.1127970160771326     
        3753   2.1109420065863271     
        3754   2.1093606757777406     
        3755   2.1080812353642839     
        3756   2.1070904674534328     
        3757   2.1064121789260102     
        3758   2.1060706236128048     
        3759   2.1060296991257945     
        3760   2.1062121657271327     
        3761   2.1065767684993455     
        3762   2.1071550448829335     
        3763   2.1080063436026006     
        3764   2.1091541768955202     
        3765   2.1105820225037615     
        3766   2.1122809896892787     
        3767   2.1142782024081588     
        3768   2.1166000059001711     
        3769   2.1191924449533701     
        3770   2.1218701103475506     
        3771   2.1243525879166962     
        3772   2.1263691906234814     
        3773   2.1277412707716890     
        3774   2.1283758652426599     
        3775   2.1282019697655068     
        3776   2.1271405825372822     
        3777   2.1251558920413647     
        3778   2.1223435284668688     
        3779   2.1189763066449396     
        3780   2.1154715174266325     
        3781   2.1122992867361319     
        3782   2.1098653854527236     
        3783   2.1083992185332376     
        3784   2.1078881853430445     
        3785   2.1080921676300486     
        3786   2.1086288889085036     
        3787   2.1090858126318635     
        3788   2.1091219155941952     
        3789   2.1085482712752999     
        3790   2.1073773379053105     
        3791   2.1058066803635080     
        3792   2.1041070243551059     
        3793   2.1024617231207574     
        3794   2.1008875143930514     
        3795   2.0993117089518281     
        3796   2.0977064253050202     
        3797   2.0961111093442453     
        3798   2.0945283252732469     
        3799   2.0928663640858916     
        3800   2.0910601826599913     
        3801   2.0892620385828686     
        3802   2.0878585436301105     
        3803   2.0872278445849388     
        3804   2.0874557660447048     
        3805   2.0883179670772738     
        3806   2.0895384268600297     
        3807   2.0910306843283291     
        3808   2.0929040367286049     
        3809   2.0952926741889883     
        3810   2.0981956610130075     
        3811   2.1014407016341936     
        3812   2.1047536812446830     
        3813   2.1078585623123915     
        3814   2.1105538783063333     
        3815   2.1127492971433219     
        3816   2.1144661324945324     
        3817   2.1158104960243902     
        3818   2.1169231755561011     
        3819   2.1179123039442427     
        3820   2.1187918842942461     
        3821   2.1194563770829302     
        3822   2.1197000464146378     
        3823   2.1192703916436000     
        3824   2.1179537724803934     
        3825   2.1156859614426384     
        3826   2.1126284148015837     
        3827   2.1091235016284067     
        3828   2.1055248162018083     
        3829   2.1020393919600426     
        3830   2.0987390603596547     
        3831   2.0957289009249607     
        3832   2.0932660823949814     
        3833   2.0916428490132497     
        3834   2.0909380622623570     
        3835   2.0909491275353864     
        3836   2.0913837679638139     
        3837   2.0920657845975255     
        3838   2.0929700575405970     
        3839   2.0941365666866325     
        3840   2.0955797215784258     
        3841   2.0972565017885714     
        3842   2.0990968457165602     
        3843   2.1010353606594498     
        3844   2.1029814643380824     
        3845   2.1047676258617365     
        3846   2.1061647208842516     
        3847   2.1069614304678197     
        3848   2.1070310807538477     
        3849   2.1063524228789281     
        3850   2.1050077339048801     
        3851   2.1031793732333348     
        3852   2.1011486890219584     
        3853   2.0992953112984183     
        3854   2.0980730161244567     
        3855   2.0979077816122498     
        3856   2.0990058499366167     
        3857   2.1011935032407871     
        3858   2.1039470608041531     
        3859   2.1065928195517021     
        3860   2.1085073050049812     
        3861   2.1092242011932245     
        3862   2.1084789974866180     
        3863   2.1062317480761514     
        3864   2.1026597130670694     
        3865   2.0980974799450065     
        3866   2.0929444416951886     
        3867   2.0876208084780701     
        3868   2.0826347475449207     
        3869   2.0786383713478127     
        3870   2.0762103522996189     
        3871   2.0754616604887999     
        3872   2.0759958717242557     
        3873   2.0772713091755528     
        3874   2.0788437069548698     
        3875   2.0803536185431173     
        3876   2.0815058341870696     
        3877   2.0820913941110404     
        3878   2.0819691586955700     
        3879   2.0811097997882366     
        3880   2.0797479939508823     
        3881   2.0783737791066459     
        3882   2.0774494132234484     
        3883   2.0771570398128678     
        3884   2.0774143172546653     
        3885   2.0780410602822688     
        3886   2.0789008472464401     
        3887   2.0799836025345768     
        3888   2.0814024541170095     
        3889   2.0832590911071009     
        3890   2.0854855278833653     
        3891   2.0878594841263514     
        3892   2.0901893431880425     
        3893   2.0924678183753276     
        3894   2.0948617153873079     
        3895   2.0975736541821730     
        3896   2.1006958935526008     
        3897   2.1041580832185871     
        3898   2.1077779136887713     
        3899   2.1113367397041132     
        3900   2.1146105901535974     
        3901   2.1173654279519618     
        3902   2.1193704213092892     
        3903   2.1204526571158069     
        3904   2.1205672806065641     
        3905   2.1198406566242123     
        3906   2.1185577697093056     
        3907   2.1170855317347943     
        3908   2.1157470007140464     
        3909   2.1147004689574804     
        3910   2.1139069185802768     
        3911   2.1132181638785879     
        3912   2.1125048720980977     
        3913   2.1117112918805678     
        3914   2.1108159660798576     
        3915   2.1097727505717780     
        3916   2.1085064242223179     
        3917   2.1069683255499072     
        3918   2.1051998349408576     
        3919   2.1033561950904751     
        3920   2.1016883281350669     
        3921   2.1004997671895023     
        3922   2.1000711094832387     
        3923   2.1005459882278976     
        3924   2.1018317100176018     
        3925   2.1035826064006558     
        3926   2.1052665449824888     
        3927   2.1062855748825031     
        3928   2.1061537449482302     
        3929   2.1047004213577982     
        3930   2.1021793445201560     
        3931   2.0991754585506279     
        3932   2.0963422341011837     
        3933   2.0941450269831874     
        3934   2.0927787095544832     
        3935   2.0922611717074848     
        3936   2.0925633262011303     
        3937   2.0936562572237314     
        3938   2.0954661084104576     
        3939   2.0978050183238595     
        3940   2.1003480599973545     
        3941   2.1026800976610716     
        3942   2.1043932992198293     
        3943   2.1051932290089592     
        3944   2.1049586877107567     
        3945   2.1037104932110369     
        3946   2.1015109890448138     
        3947   2.0983973384240424     
        3948   2.0944185149603887     
        3949   2.0897091501520699     
        3950   2.0845054775663461     
        3951   2.0791423441733508     
        3952   2.0741227047361210     
        3953   2.0701985291065754     
        3954   2.0682533802294358     
        3955   2.0688789511988599     
        3956   2.0719205487794845     
        3957   2.0764824548799905     
        3958   2.0814203064370140     
        3959   2.0858064026416323     
        3960   2.0890536401521249     
        3961   2.0908463351021744     
        3962   2.0910933568964576     
        3963   2.0899432612702387     
        3964   2.0878005866529263     
        3965   2.0852778879482821     
        3966   2.0830345843308740     
        3967   2.0815235567677699     
        3968   2.0808016583373923     
        3969   2.0805806867571413     
        3970   2.0805001811860495     
        3971   2.0804332940194983     
        3972   2.0806625322649026     
        3973   2.0818217946484219     
        3974   2.0845427842331938     
        3975   2.0889621640926417     
        3976   2.0945059306168154     
        3977   2.1001766875439865     
        3978   2.1050557835420616     
        3979   2.1086142194296236     
        3980   2.1107469732566906     
        3981   2.1116619038574358     
        3982   2.1117246134561518     
        3983   2.1112993946069047     
        3984   2.1106358640760976     
        3985   2.1098522228824499     
        3986   2.1089971505049228     
        3987   2.1081121824507605     
        3988   2.1072432704952169     
        3989   2.1064141608687881     
        3990   2.1056024446926807     
        3991   2.1047478739667658     
        3992   2.1037973773523930     
        3993   2.1027670731213739     
        3994   2.1017835866406362     
        3995   2.1010636423000841     
        3996   2.1008165915226735     
        3997   2.1011120254342774     
        3998   2.1017997561449144     
        3999   2.1025392182224691     
        4000   2.1029134217725152     
