        2001 -0.79653242572161798     
        2002 -0.79554857708176729     
        2003 -0.79450819641348680     
        2004 -0.79339735658891108     
        2005 -0.79220173066386168     
        2006 -0.79090847693892330     
        2007 -0.78950900594253970     
        2008 -0.78800269535934153     
        2009 -0.78640139652032726     
        2010 -0.78473394605800817     
        2011 -0.78304947740888797     
        2012 -0.78141804838943862     
        2013 -0.77992725636787275     
        2014 -0.77867439521206994     
        2015 -0.77775488665160053     
        2016 -0.77724918853438385     
        2017 -0.77721109150839940     
        2018 -0.77766018623213440     
        2019 -0.77858017692207970     
        2020 -0.77992303814088038     
        2021 -0.78161766480357930     
        2022 -0.78358044074426636     
        2023 -0.78572522658353372     
        2024 -0.78797095711960075     
        2025 -0.79024612579114317     
        2026 -0.79249047034752906     
        2027 -0.79465469544860956     
        2028 -0.79669931265257188     
        2029 -0.79859320886324392     
        2030 -0.80031236279215168     
        2031 -0.80183875860256260     
        2032 -0.80315942603608281     
        2033 -0.80426563712935228     
        2034 -0.80515236869346374     
        2035 -0.80581826596612571     
        2036 -0.80626641611705196     
        2037 -0.80650601038236258     
        2038 -0.80655466158461131     
        2039 -0.80644064320744013     
        2040 -0.80620393888856468     
        2041 -0.80589477942380727     
        2042 -0.80556913574358757     
        2043 -0.80528140380662605     
        2044 -0.80507601843715215     
        2045 -0.80498040059701836     
        2046 -0.80500134289313940     
        2047 -0.80512549998094163     
        2048 -0.80532321998342959     
        2049 -0.80555394892920829     
        2050 -0.80577154210566881     
        2051 -0.80592874451413665     
        2052 -0.80598090150971258     
        2053 -0.80588920345135229     
        2054 -0.80562371168283953     
        2055 -0.80516598272084994     
        2056 -0.80451070968152316     
        2057 -0.80366563900114152     
        2058 -0.80264937097048772     
        2059 -0.80148719449938610     
        2060 -0.80020609166900813     
        2061 -0.79883042816194372     
        2062 -0.79737979526691005     
        2063 -0.79586963004531208     
        2064 -0.79431391043133959     
        2065 -0.79272856714977469     
        2066 -0.79113393210578864     
        2067 -0.78955515892061046     
        2068 -0.78802061444808347     
        2069 -0.78655921783029337     
        2070 -0.78519809076472391     
        2071 -0.78396173382929213     
        2072 -0.78287293364901867     
        2073 -0.78195466884688647     
        2074 -0.78123137463857018     
        2075 -0.78072832645137369     
        2076 -0.78046856638644369     
        2077 -0.78046794495350791     
        2078 -0.78072978523666536     
        2079 -0.78124072211591111     
        2080 -0.78196876546846028     
        2081 -0.78286408050577672     
        2082 -0.78386211874761968     
        2083 -0.78488858395884364     
        2084 -0.78586557158265402     
        2085 -0.78671814676724916     
        2086 -0.78738062956315191     
        2087 -0.78780191895962992     
        2088 -0.78794936803720639     
        2089 -0.78781090650247509     
        2090 -0.78739569671909260     
        2091 -0.78673391350482647     
        2092 -0.78587651787156787     
        2093 -0.78489591127872638     
        2094 -0.78388757847290746     
        2095 -0.78297108062880494     
        2096 -0.78228722766662873     
        2097 -0.78198696597145123     
        2098 -0.78220907406763096     
        2099 -0.78304949082643260     
        2100 -0.78453249698840133     
        2101 -0.78659753288488887     
        2102 -0.78911006544530971     
        2103 -0.79189270271025780     
        2104 -0.79476312319841158     
        2105 -0.79756477361788192     
        2106 -0.80018312358966526     
        2107 -0.80254838159855801     
        2108 -0.80462955346911613     
        2109 -0.80642492350267758     
        2110 -0.80795227240946488     
        2111 -0.80924036905314212     
        2112 -0.81032205648039157     
        2113 -0.81122893352269887     
        2114 -0.81198752520762896     
        2115 -0.81261705015383179     
        2116 -0.81312893502060124     
        2117 -0.81352785039931674     
        2118 -0.81381400784066160     
        2119 -0.81398622742860194     
        2120 -0.81404487040830631     
        2121 -0.81399424606932480     
        2122 -0.81384397424856048     
        2123 -0.81360937304177317     
        2124 -0.81331110273551166     
        2125 -0.81297438784635900     
        2126 -0.81262822676755331     
        2127 -0.81230459516428344     
        2128 -0.81203760485554732     
        2129 -0.81186205364135089     
        2130 -0.81181091667775451     
        2131 -0.81191151929014438     
        2132 -0.81218086567964998     
        2133 -0.81262112861669611     
        2134 -0.81321661818389479     
        2135 -0.81393327711312324     
        2136 -0.81472101663025209     
        2137 -0.81551859484556810     
        2138 -0.81626010928868498     
        2139 -0.81688188447892074     
        2140 -0.81732891102215932     
        2141 -0.81756026214819810     
        2142 -0.81755313916071848     
        2143 -0.81730527285601573     
        2144 -0.81683562022034539     
        2145 -0.81618318926795108     
        2146 -0.81540360317976757     
        2147 -0.81456336715672928     
        2148 -0.81373195652181063     
        2149 -0.81297247637936243     
        2150 -0.81233243710523628     
        2151 -0.81183674646889048     
        2152 -0.81148473246212882     
        2153 -0.81125211214979764     
        2154 -0.81109725889112405     
        2155 -0.81097002501029258     
        2156 -0.81082095113050312     
        2157 -0.81060918226048495     
        2158 -0.81030807308385644     
        2159 -0.80990842110427663     
        2160 -0.80941946450625868     
        2161 -0.80886805112670723     
        2162 -0.80829628176228263     
        2163 -0.80775758155565058     
        2164 -0.80731098630410481     
        2165 -0.80701332709900209     
        2166 -0.80690959732308221     
        2167 -0.80702348192883611     
        2168 -0.80735156354795101     
        2169 -0.80786470269921018     
        2170 -0.80851731796081405     
        2171 -0.80926131449481387     
        2172 -0.81005849729664103     
        2173 -0.81088650845984922     
        2174 -0.81173644624865426     
        2175 -0.81260437244112560     
        2176 -0.81348103384983417     
        2177 -0.81434429011025289     
        2178 -0.81515706931207033     
        2179 -0.81587104583510073     
        2180 -0.81643400161810753     
        2181 -0.81679787286344496     
        2182 -0.81692486059688318     
        2183 -0.81679004908516128     
        2184 -0.81638035245076945     
        2185 -0.81569122224636881     
        2186 -0.81472278080446625     
        2187 -0.81347698908444077     
        2188 -0.81195691223415656     
        2189 -0.81016846968029466     
        2190 -0.80812460250521312     
        2191 -0.80585161859088850     
        2192 -0.80339702518600409     
        2193 -0.80083738370764901     
        2194 -0.79828348176308739     
        2195 -0.79587927408095416     
        2196 -0.79379103967023823     
        2197 -0.79218550462776927     
        2198 -0.79120028785312158     
        2199 -0.79091492969126831     
        2200 -0.79133273695284567     
        2201 -0.79238069932363697     
        2202 -0.79392732694006507     
        2203 -0.79581144280686844     
        2204 -0.79787228537192689     
        2205 -0.79997306526267720     
        2206 -0.80201457636934192     
        2207 -0.80393912154907132     
        2208 -0.80572702720572331     
        2209 -0.80738846157067357     
        2210 -0.80895272745296332     
        2211 -0.81045702218893489     
        2212 -0.81193619536935102     
        2213 -0.81341484860866420     
        2214 -0.81490236084447054     
        2215 -0.81639113586172818     
        2216 -0.81785761740419527     
        2217 -0.81926518180662844     
        2218 -0.82056810409535663     
        2219 -0.82171597656359219     
        2220 -0.82265807664859991     
        2221 -0.82334743965223867     
        2222 -0.82374452948846022     
        2223 -0.82382028948209263     
        2224 -0.82355848181349356     
        2225 -0.82295712733525794     
        2226 -0.82202898928138413     
        2227 -0.82080110310542154     
        2228 -0.81931348488851996     
        2229 -0.81761719803461341     
        2230 -0.81577193786757707     
        2231 -0.81384328302083186     
        2232 -0.81189976432363509     
        2233 -0.81000969334613659     
        2234 -0.80823778465967966     
        2235 -0.80664174855919446     
        2236 -0.80526927471619159     
        2237 -0.80415612110077150     
        2238 -0.80332578905672491     
        2239 -0.80279085470882994     
        2240 -0.80255535690905966     
        2241 -0.80261735069571705     
        2242 -0.80297084374769589     
        2243 -0.80360666689165938     
        2244 -0.80451250334689373     
        2245 -0.80567240696791387     
        2246 -0.80706607709479772     
        2247 -0.80866810771044573     
        2248 -0.81044751994300246     
        2249 -0.81236791633053151     
        2250 -0.81438853622745744     
        2251 -0.81646611521706725     
        2252 -0.81855747887351782     
        2253 -0.82062229355796013     
        2254 -0.82262547658912955     
        2255 -0.82453896314643471     
        2256 -0.82634250311978397     
        2257 -0.82802345739359373     
        2258 -0.82957575289155694     
        2259 -0.83099817467072790     
        2260 -0.83229225980259447     
        2261 -0.83346024416608699     
        2262 -0.83450326994202240     
        2263 -0.83542008174295557     
        2264 -0.83620638502674405     
        2265 -0.83685497458075531     
        2266 -0.83735648190521605     
        2267 -0.83770063518652293     
        2268 -0.83787805459186571     
        2269 -0.83788228612154081     
        2270 -0.83771206550061950     
        2271 -0.83737358745629653     
        2272 -0.83688236515119252     
        2273 -0.83626426251956276     
        2274 -0.83555519659827215     
        2275 -0.83479908401825076     
        2276 -0.83404416784708280     
        2277 -0.83333823821503861     
        2278 -0.83272352577657072     
        2279 -0.83223227611324246     
        2280 -0.83188388472054065     
        2281 -0.83168415683094343     
        2282 -0.83162655084949666     
        2283 -0.83169497241357127     
        2284 -0.83186750776501106     
        2285 -0.83212023649550304     
        2286 -0.83243056777366609     
        2287 -0.83277965737471726     
        2288 -0.83315372845934987     
        2289 -0.83354418729133650     
        2290 -0.83394642546808317     
        2291 -0.83435772259924967     
        2292 -0.83477462894411769     
        2293 -0.83519048252713557     
        2294 -0.83559364336158093     
        2295 -0.83596705113290459     
        2296 -0.83628926598898368     
        2297 -0.83653671693156217     
        2298 -0.83668673576949815     
        2299 -0.83672056733233890     
        2300 -0.83662549883254655     
        2301 -0.83639552526238847     
        2302 -0.83603038640365201     
        2303 -0.83553319536835058     
        2304 -0.83490734622256069     
        2305 -0.83415353985271712     
        2306 -0.83326782046040837     
        2307 -0.83224125763125223     
        2308 -0.83106151810930851     
        2309 -0.82971614281338268     
        2310 -0.82819713937404693     
        2311 -0.82650627557050782     
        2312 -0.82466023278456357     
        2313 -0.82269484014341732     
        2314 -0.82066717289537483     
        2315 -0.81865448876761415     
        2316 -0.81674921732716343     
        2317 -0.81505005265378805     
        2318 -0.81365061505483227     
        2319 -0.81262824521364418     
        2320 -0.81203563313328431     
        2321 -0.81189675149654916     
        2322 -0.81220688329141666     
        2323 -0.81293542563171695     
        2324 -0.81402995133116240     
        2325 -0.81542109136479235     
        2326 -0.81702802353615012     
        2327 -0.81876443251097930     
        2328 -0.82054463993524729     
        2329 -0.82228925848356405     
        2330 -0.82393024832378003     
        2331 -0.82541519563623433     
        2332 -0.82671051014190267     
        2333 -0.82780275687830296     
        2334 -0.82869750625551020     
        2335 -0.82941523859104416     
        2336 -0.82998487743275384     
        2337 -0.83043649529936137     
        2338 -0.83079517169100614     
        2339 -0.83107763949247149     
        2340 -0.83129193574853855     
        2341 -0.83143904916997868     
        2342 -0.83151464202570047     
        2343 -0.83150972756909458     
        2344 -0.83141042952725996     
        2345 -0.83119809840932746     
        2346 -0.83085126613723825     
        2347 -0.83034997422585199     
        2348 -0.82968176711473429     
        2349 -0.82884787534362481     
        2350 -0.82786811433269525     
        2351 -0.82678323808120913     
        2352 -0.82565424991556857     
        2353 -0.82455841488166692     
        2354 -0.82358209988646558     
        2355 -0.82281084775892721     
        2356 -0.82231772468080089     
        2357 -0.82215184545351294     
        2358 -0.82232975716143064     
        2359 -0.82283195365549344     
        2360 -0.82360594384093233     
        2361 -0.82457526462512454     
        2362 -0.82565184728088514     
        2363 -0.82674850309873460     
        2364 -0.82778877386052219     
        2365 -0.82871282862562201     
        2366 -0.82947924931274353     
        2367 -0.83006387840544793     
        2368 -0.83045700160471403     
        2369 -0.83066040851195666     
        2370 -0.83068517247385443     
        2371 -0.83055074353872471     
        2372 -0.83028514291193711     
        2373 -0.82992541269782838     
        2374 -0.82951706863178498     
        2375 -0.82911145216946125     
        2376 -0.82876033091300039     
        2377 -0.82850827852357634     
        2378 -0.82838506511692833     
        2379 -0.82840066485822283     
        2380 -0.82854480645896544     
        2381 -0.82879117149807013     
        2382 -0.82910450392732216     
        2383 -0.82944796550134581     
        2384 -0.82978860573271573     
        2385 -0.83010038630822847     
        2386 -0.83036491878545415     
        2387 -0.83057084485472443     
        2388 -0.83071272725172940     
        2389 -0.83078982829950876     
        2390 -0.83080503617489088     
        2391 -0.83076389239269210     
        2392 -0.83067369160163407     
        2393 -0.83054246892139527     
        2394 -0.83037775033332206     
        2395 -0.83018499482989694     
        2396 -0.82996570158938809     
        2397 -0.82971545687819570     
        2398 -0.82942261013325835     
        2399 -0.82906849316349873     
        2400 -0.82863014520177192     
        2401 -0.82808596964165049     
        2402 -0.82742356040210374     
        2403 -0.82664749462921461     
        2404 -0.82578367065828118     
        2405 -0.82487716281264145     
        2406 -0.82398279984423139     
        2407 -0.82315166244981497     
        2408 -0.82241954267784356     
        2409 -0.82180285124782249     
        2410 -0.82130282423771506     
        2411 -0.82091368347577665     
        2412 -0.82062853967710891     
        2413 -0.82043940408346527     
        2414 -0.82033205527401698     
        2415 -0.82027974199843190     
        2416 -0.82023975195937016     
        2417 -0.82015506287503581     
        2418 -0.81996119043672056     
        2419 -0.81959642297870272     
        2420 -0.81901293717373636     
        2421 -0.81818645655391231     
        2422 -0.81712264918640820     
        2423 -0.81585903395165760     
        2424 -0.81446208096130168     
        2425 -0.81302008002960713     
        2426 -0.81163313594110720     
        2427 -0.81040209164539301     
        2428 -0.80941809332896097     
        2429 -0.80875391770992455     
        2430 -0.80845742824307043     
        2431 -0.80854756499887381     
        2432 -0.80901338977339909     
        2433 -0.80981695401657872     
        2434 -0.81090002010291484     
        2435 -0.81219336404752684     
        2436 -0.81362653382500483     
        2437 -0.81513583035129200     
        2438 -0.81666940839666902     
        2439 -0.81818993274551577     
        2440 -0.81967580673756590     
        2441 -0.82112181729827882     
        2442 -0.82253912340087554     
        2443 -0.82395372958013047     
        2444 -0.82540232887365861     
        2445 -0.82692510870851554     
        2446 -0.82855620162847698     
        2447 -0.83031352064755026     
        2448 -0.83219047471792817     
        2449 -0.83415171793636556     
        2450 -0.83613403687195731     
        2451 -0.83805246243894727     
        2452 -0.83980997975930327     
        2453 -0.84130886608845168     
        2454 -0.84246136118213377     
        2455 -0.84319796470801112     
        2456 -0.84347263522803295     
        2457 -0.84326461622466331     
        2458 -0.84257754288058750     
        2459 -0.84143650784603452     
        2460 -0.83988403981993653     
        2461 -0.83797572861657332     
        2462 -0.83577622066117196     
        2463 -0.83335609079504103     
        2464 -0.83078949262543245     
        2465 -0.82815237263309760     
        2466 -0.82552061486795247     
        2467 -0.82296744010138889     
        2468 -0.82055999384414768     
        2469 -0.81835530746902929     
        2470 -0.81639664863621109     
        2471 -0.81471109788827434     
        2472 -0.81330922207670397     
        2473 -0.81218724074023929     
        2474 -0.81133114134442608     
        2475 -0.81072177205413554     
        2476 -0.81033964054087160     
        2477 -0.81016840975606874     
        2478 -0.81019650396847964     
        2479 -0.81041673165048389     
        2480 -0.81082445315831775     
        2481 -0.81141514932601166     
        2482 -0.81218219565298666     
        2483 -0.81311534546984920     
        2484 -0.81420008805969968     
        2485 -0.81541747153031097     
        2486 -0.81674424044043858     
        2487 -0.81815312016433406     
        2488 -0.81961340671377669     
        2489 -0.82109204158546101     
        2490 -0.82255524074494446     
        2491 -0.82397034035272354     
        2492 -0.82530758166635676     
        2493 -0.82654134951276159     
        2494 -0.82765070892734760     
        2495 -0.82861938417486558     
        2496 -0.82943552950227317     
        2497 -0.83009160416145444     
        2498 -0.83058461329721889     
        2499 -0.83091663730363752     
        2500 -0.83109534343064251     
        2501 -0.83113411871600795     
        2502 -0.83105146919709683     
        2503 -0.83086965179717609     
        2504 -0.83061267834164221     
        2505 -0.83030401310182667     
        2506 -0.82996453549599436     
        2507 -0.82961104537076291     
        2508 -0.82925552325700591     
        2509 -0.82890508162768117     
        2510 -0.82856221277725950     
        2511 -0.82822498459024507     
        2512 -0.82788709284243722     
        2513 -0.82753789921430576     
        2514 -0.82716288791347936     
        2515 -0.82674508918196410     
        2516 -0.82626780372309472     
        2517 -0.82571843077896656     
        2518 -0.82509266256826341     
        2519 -0.82439774146220546     
        2520 -0.82365314069030071     
        2521 -0.82288757142425673     
        2522 -0.82213268944299489     
        2523 -0.82141541746442759     
        2524 -0.82075202533386760     
        2525 -0.82014673336224986     
        2526 -0.81959533245815597     
        2527 -0.81909153009207725     
        2528 -0.81863240342963361     
        2529 -0.81822047732196557     
        2530 -0.81786211342602044     
        2531 -0.81756447454608372     
        2532 -0.81733385897594857     
        2533 -0.81717708280642998     
        2534 -0.81710524137325602     
        2535 -0.81713778395250114     
        2536 -0.81730427410743900     
        2537 -0.81764187631661334     
        2538 -0.81818834275067054     
        2539 -0.81897203561969178     
        2540 -0.82000179180466659     
        2541 -0.82125988168456387     
        2542 -0.82270008685432394     
        2543 -0.82425119573668415     
        2544 -0.82582477779434704     
        2545 -0.82732494458955808     
        2546 -0.82865787180809081     
        2547 -0.82973983203995250     
        2548 -0.83050337354459336     
        2549 -0.83090183746754964     
        2550 -0.83091252531954851     
        2551 -0.83053882007559765     
        2552 -0.82981084754147172     
        2553 -0.82878394346714712     
        2554 -0.82753401061116982     
        2555 -0.82614946457116845     
        2556 -0.82472057878266047     
        2557 -0.82332827266258302     
        2558 -0.82203514859225280     
        2559 -0.82088096912685282     
        2560 -0.81988302331573792     
        2561 -0.81904026033225008     
        2562 -0.81833936327238443     
        2563 -0.81776120569562494     
        2564 -0.81728695165221676     
        2565 -0.81690348009112534     
        2566 -0.81660773803914610     
        2567 -0.81640928553375991     
        2568 -0.81633009275062662     
        2569 -0.81640099142364331     
        2570 -0.81665497753964778     
        2571 -0.81711864927720546     
        2572 -0.81780396871500960     
        2573 -0.81870262734565602     
        2574 -0.81978447032524493     
        2575 -0.82099988178272520     
        2576 -0.82228483575911038     
        2577 -0.82356699073864836     
        2578 -0.82477173451101249     
        2579 -0.82582755401568930     
        2580 -0.82667038701463091     
        2581 -0.82724676729701974     
        2582 -0.82751538997755525     
        2583 -0.82744711380519198     
        2584 -0.82702376623326979     
        2585 -0.82623637899229319     
        2586 -0.82508376167013764     
        2587 -0.82357194462196648     
        2588 -0.82171471021097320     
        2589 -0.81953518819220994     
        2590 -0.81706788876952441     
        2591 -0.81436057814342866     
        2592 -0.81147521574935377     
        2593 -0.80848736267212606     
        2594 -0.80548384718658506     
        2595 -0.80255874596910060     
        2596 -0.79980808878320397     
        2597 -0.79732394981823485     
        2598 -0.79518847887321142     
        2599 -0.79346817329606922     
        2600 -0.79220891792886072     
        2601 -0.79143230815290844     
        2602 -0.79113394430184214     
        2603 -0.79128445700340277     
        2604 -0.79183344091620911     
        2605 -0.79271591212235548     
        2606 -0.79385991428810809     
        2607 -0.79519379572902982     
        2608 -0.79665167505190293     
        2609 -0.79817631658809363     
        2610 -0.79971948571443319     
        2611 -0.80124036378820340     
        2612 -0.80270317251708467     
        2613 -0.80407520664854426     
        2614 -0.80532588244177905     
        2615 -0.80642708804624486     
        2616 -0.80735461166843669     
        2617 -0.80809002591252410     
        2618 -0.80862245021225077     
        2619 -0.80894974015065624     
        2620 -0.80907889608655614     
        2621 -0.80902571617274655     
        2622 -0.80881360810400360     
        2623 -0.80847173086906854     
        2624 -0.80803259499437852     
        2625 -0.80752922734227561     
        2626 -0.80699210423420709     
        2627 -0.80644627914089839     
        2628 -0.80590915898732896     
        2629 -0.80538956360728009     
        2630 -0.80488890122921974     
        2631 -0.80440497309167813     
        2632 -0.80393833028022865     
        2633 -0.80350015021765220     
        2634 -0.80311961831674317     
        2635 -0.80284738859806348     
        2636 -0.80275218477357058     
        2637 -0.80290891965461619     
        2638 -0.80337998738559080     
        2639 -0.80419537996238788     
        2640 -0.80533926136521083     
        2641 -0.80674853173661920     
        2642 -0.80832396775511317     
        2643 -0.80994918326088094     
        2644 -0.81151067328640447     
        2645 -0.81291359288048037     
        2646 -0.81409091564329605     
        2647 -0.81500628084854199     
        2648 -0.81565209890196388     
        2649 -0.81604478847930173     
        2650 -0.81621861651011174     
        2651 -0.81621907953729300     
        2652 -0.81609660906425718     
        2653 -0.81590092372262901     
        2654 -0.81567636563869528     
        2655 -0.81545842905322818     
        2656 -0.81527178056552030     
        2657 -0.81512970804869700     
        2658 -0.81503487810620456     
        2659 -0.81498115120949166     
        2660 -0.81495607914491475     
        2661 -0.81494366012643815     
        2662 -0.81492708175089135     
        2663 -0.81489104900715736     
        2664 -0.81482358408165412     
        2665 -0.81471737939331390     
        2666 -0.81457062185835916     
        2667 -0.81438748915293291     
        2668 -0.81417874410698721     
        2669 -0.81396274189805817     
        2670 -0.81376709513830392     
        2671 -0.81363076249740618     
        2672 -0.81360570818238709     
        2673 -0.81375643029997091     
        2674 -0.81415498954532395     
        2675 -0.81487014466696472     
        2676 -0.81595143936858860     
        2677 -0.81741252181910651     
        2678 -0.81922020437640009     
        2679 -0.82129450145931426     
        2680 -0.82352018335499599     
        2681 -0.82576555208099900     
        2682 -0.82790171926921985     
        2683 -0.82981700157986238     
        2684 -0.83142441969378578     
        2685 -0.83266309406439043     
        2686 -0.83349559580776134     
        2687 -0.83390341792385692     
        2688 -0.83388212232763936     
        2689 -0.83343705100555965     
        2690 -0.83258019062018362     
        2691 -0.83132822657785177     
        2692 -0.82970179865930238     
        2693 -0.82772571672442086     
        2694 -0.82542976401487766     
        2695 -0.82284984580311360     
        2696 -0.82002921217651414     
        2697 -0.81701961042657523     
        2698 -0.81388216079493902     
        2699 -0.81068803682146329     
        2700 -0.80751847767580343     
        2701 -0.80446375235852485     
        2702 -0.80162069565683391     
        2703 -0.79908823234421689     
        2704 -0.79696073580732052     
        2705 -0.79531965901323565     
        2706 -0.79422462514810244     
        2707 -0.79370566303191470     
        2708 -0.79375834211482477     
        2709 -0.79434322906668009     
        2710 -0.79538974102561555     
        2711 -0.79680343085735961     
        2712 -0.79847510015373557     
        2713 -0.80029008071274954     
        2714 -0.80213642419764519     
        2715 -0.80391145778446160     
        2716 -0.80552669938446708     
        2717 -0.80691144345666843     
        2718 -0.80801530464545046     
        2719 -0.80880978454734820     
        2720 -0.80928861425470122     
        2721 -0.80946656876766898     
        2722 -0.80937647425598058     
        2723 -0.80906459525768870     
        2724 -0.80858512963963924     
        2725 -0.80799483485437562     
        2726 -0.80734891452306901     
        2727 -0.80669862901377176     
        2728 -0.80609056515447219     
        2729 -0.80556672329838075     
        2730 -0.80516470131351103     
        2731 -0.80491764201549931     
        2732 -0.80485380681729590     
        2733 -0.80499587921406179     
        2734 -0.80535971659382488     
        2735 -0.80595261508745575     
        2736 -0.80677133530250689     
        2737 -0.80780058376722130     
        2738 -0.80901279566907547     
        2739 -0.81036971477321662     
        2740 -0.81182576369564852     
        2741 -0.81333238805621766     
        2742 -0.81484238210945281     
        2743 -0.81631333850128707     
        2744 -0.81770979279004663     
        2745 -0.81900389613505609     
        2746 -0.82017487471305917     
        2747 -0.82120784396926405     
        2748 -0.82209246807798186     
        2749 -0.82282179699458657     
        2750 -0.82339151705392777     
        2751 -0.82379947993550640     
        2752 -0.82404510316449386     
        2753 -0.82412834236102939     
        2754 -0.82404823342077937     
        2755 -0.82380128981382994     
        2756 -0.82338033692882773     
        2757 -0.82277450154610843     
        2758 -0.82197091238131947     
        2759 -0.82095805162104640     
        2760 -0.81973037106242264     
        2761 -0.81829328605397056     
        2762 -0.81666712882031445     
        2763 -0.81488882292814091     
        2764 -0.81301034324993215     
        2765 -0.81109389142649035     
        2766 -0.80920494989150893     
        2767 -0.80740506697263892     
        2768 -0.80574630259153324     
        2769 -0.80426802887968030     
        2770 -0.80299564434107573     
        2771 -0.80193994928961776     
        2772 -0.80109620725361352     
        2773 -0.80044320406293135     
        2774 -0.79994375737632983     
        2775 -0.79954791839338191     
        2776 -0.79919894685069737     
        2777 -0.79884094013970020     
        2778 -0.79842606507565794     
        2779 -0.79791971630122793     
        2780 -0.79730284587664890     
        2781 -0.79657166661762469     
        2782 -0.79573584991407165     
        2783 -0.79481629113190055     
        2784 -0.79384343632637466     
        2785 -0.79285651145382907     
        2786 -0.79190321349686710     
        2787 -0.79103864675809443     
        2788 -0.79032197908921442     
        2789 -0.78980955053697544     
        2790 -0.78954456377714333     
        2791 -0.78954559246345302     
        2792 -0.78979778055549299     
        2793 -0.79025072363919113     
        2794 -0.79082483755706556     
        2795 -0.79142466578971937     
        2796 -0.79195513715598942     
        2797 -0.79233634905385997     
        2798 -0.79251392945330179     
        2799 -0.79246402416550432     
        2800 -0.79219335208876795     
        2801 -0.79173541737987996     
        2802 -0.79114410051147555     
        2803 -0.79048581397366335     
        2804 -0.78983128766318678     
        2805 -0.78924790872209605     
        2806 -0.78879331369500261     
        2807 -0.78851089193728352     
        2808 -0.78842745646160395     
        2809 -0.78855306391128499     
        2810 -0.78888265359388532     
        2811 -0.78939865815822496     
        2812 -0.79007352693269595     
        2813 -0.79087150274823526     
        2814 -0.79174936057230827     
        2815 -0.79265649341302769     
        2816 -0.79353540607145034     
        2817 -0.79432347348005905     
        2818 -0.79495652574134990     
        2819 -0.79537399956294830     
        2820 -0.79552475176062154     
        2821 -0.79537238112595865     
        2822 -0.79489904135531630     
        2823 -0.79410707276759029     
        2824 -0.79301853763749985     
        2825 -0.79167320429362398     
        2826 -0.79012581280153449     
        2827 -0.78844340583964490     
        2828 -0.78670314548203468     
        2829 -0.78499054083580011     
        2830 -0.78339752419531250     
        2831 -0.78201969987703635     
        2832 -0.78095218178095416     
        2833 -0.78028382386025996     
        2834 -0.78009000865734957     
        2835 -0.78042481721334467     
        2836 -0.78131344933757418     
        2837 -0.78274618023375975     
        2838 -0.78467514470421673     
        2839 -0.78701531284273762     
        2840 -0.78965033245941363     
        2841 -0.79244322833223002     
        2842 -0.79525051210468012     
        2843 -0.79793737355574512     
        2844 -0.80039129168963419     
        2845 -0.80253164089862539     
        2846 -0.80431396880302752     
        2847 -0.80572863136939699     
        2848 -0.80679470533294828     
        2849 -0.80755086781649144     
        2850 -0.80804524708815462     
        2851 -0.80832623939449277     
        2852 -0.80843576963711672     
        2853 -0.80840539862571958     
        2854 -0.80825520760914349     
        2855 -0.80799466568018341     
        2856 -0.80762467899481261     
        2857 -0.80714016572967462     
        2858 -0.80653288956479052     
        2859 -0.80579439206428982     
        2860 -0.80491881227668005     
        2861 -0.80390537306136411     
        2862 -0.80276045509660365     
        2863 -0.80149902315618538     
        2864 -0.80014514581119189     
        2865 -0.79873171013684940     
        2866 -0.79729914009785730     
        2867 -0.79589310392249024     
        2868 -0.79456130470088970     
        2869 -0.79334949593144977     
        2870 -0.79229684609722972     
        2871 -0.79143133949637157     
        2872 -0.79076590169637795     
        2873 -0.79029632673992511     
        2874 -0.79000174263410672     
        2875 -0.78984789909380515     
        2876 -0.78979274937910882     
        2877 -0.78979325579726856     
        2878 -0.78981198282752629     
        2879 -0.78982185626935264     
        2880 -0.78980835996358467     
        2881 -0.78976867692382235     
        2882 -0.78970806193142384     
        2883 -0.78963452678012591     
        2884 -0.78955359528864644     
        2885 -0.78946493452443722     
        2886 -0.78936207016730409     
        2887 -0.78923545374758197     
        2888 -0.78907778702974662     
        2889 -0.78888992315365003     
        2890 -0.78868533760800474     
        2891 -0.78849174420006940     
        2892 -0.78834900767047800     
        2893 -0.78830332230864697     
        2894 -0.78839854764007389     
        2895 -0.78866615389032957     
        2896 -0.78911586393545885     
        2897 -0.78972922783506128     
        2898 -0.79045774288627568     
        2899 -0.79122636236340937     
        2900 -0.79194186035987846     
        2901 -0.79250455944560139     
        2902 -0.79282106485681836     
        2903 -0.79281589683733855     
        2904 -0.79244050263842691     
        2905 -0.79167859230501747     
        2906 -0.79054762741224449     
        2907 -0.78909670802766374     
        2908 -0.78740150138359966     
        2909 -0.78555686095623523     
        2910 -0.78366794692660335     
        2911 -0.78184073386384234     
        2912 -0.78017271720015946     
        2913 -0.77874494042607878     
        2914 -0.77761608916944658     
        2915 -0.77681939770981645     
        2916 -0.77636257572573997     
        2917 -0.77623068179164634     
        2918 -0.77639117704351635     
        2919 -0.77680007106896731     
        2920 -0.77740814947213854     
        2921 -0.77816625834127517     
        2922 -0.77902912590313267     
        2923 -0.77995756102457792     
        2924 -0.78091907266394045     
        2925 -0.78188738287438586     
        2926 -0.78284127771127454     
        2927 -0.78376325543943648     
        2928 -0.78463827174663825     
        2929 -0.78545284104512125     
        2930 -0.78619455437024499     
        2931 -0.78685193016384414     
        2932 -0.78741437982431450     
        2933 -0.78787227723768216     
        2934 -0.78821689364270164     
        2935 -0.78844034845358346     
        2936 -0.78853552309872121     
        2937 -0.78849614388832434     
        2938 -0.78831712254311825     
        2939 -0.78799516017087756     
        2940 -0.78752943862004032     
        2941 -0.78692240387497758     
        2942 -0.78618053277080635     
        2943 -0.78531489173966595     
        2944 -0.78434143234390230     
        2945 -0.78328101303585029     
        2946 -0.78215898840857601     
        2947 -0.78100433498098087     
        2948 -0.77984840655885201     
        2949 -0.77872336476414383     
        2950 -0.77766063238758376     
        2951 -0.77668974511972233     
        2952 -0.77583795879247575     
        2953 -0.77513089433306359     
        2954 -0.77459386882435799     
        2955 -0.77425308260196435     
        2956 -0.77413591675487148     
        2957 -0.77426950141069406     
        2958 -0.77467735051591280     
        2959 -0.77537462929717815     
        2960 -0.77636347442652742     
        2961 -0.77762983824416365     
        2962 -0.77914283621742575     
        2963 -0.78085690322829182     
        2964 -0.78271603352594321     
        2965 -0.78465887281163083     
        2966 -0.78662341314656226     
        2967 -0.78855063081773180     
        2968 -0.79038670396217048     
        2969 -0.79208395806795084     
        2970 -0.79360110066258682     
        2971 -0.79490322031429972     
        2972 -0.79596194365045070     
        2973 -0.79675585841389307     
        2974 -0.79727099934473167     
        2975 -0.79750089162616167     
        2976 -0.79744587227649077     
        2977 -0.79711191191368480     
        2978 -0.79650970932344611     
        2979 -0.79565520001906975     
        2980 -0.79457211526091531     
        2981 -0.79329578014699831     
        2982 -0.79187621710142242     
        2983 -0.79037832893406479     
        2984 -0.78887793133424966     
        2985 -0.78745408997474586     
        2986 -0.78617972741905306     
        2987 -0.78511223141945496     
        2988 -0.78428534277158013     
        2989 -0.78370349872802825     
        2990 -0.78333988650510611     
        2991 -0.78313947136639950     
        2992 -0.78302716896464275     
        2993 -0.78291957509767740     
        2994 -0.78273729844889295     
        2995 -0.78241536187754923     
        2996 -0.78191017292923803     
        2997 -0.78120299549859173     
        2998 -0.78030053496753005     
        2999 -0.77923318753146142     
        3000 -0.77805128312269700     
        3001 -0.77681954937407993     
        3002 -0.77561026358833873     
        3003 -0.77449598045053381     
        3004 -0.77354302665935304     
        3005 -0.77280681201596491     
        3006 -0.77232947229381221     
        3007 -0.77213921084877613     
        3008 -0.77225021735049171     
        3009 -0.77266192212722862     
        3010 -0.77335757299126617     
        3011 -0.77430336104257624     
        3012 -0.77545001542470793     
        3013 -0.77673812364269257     
        3014 -0.77810667999874372     
        3015 -0.77950284649309709     
        3016 -0.78089034240853994     
        3017 -0.78225410194740053     
        3018 -0.78360002074106894     
        3019 -0.78494981033829925     
        3020 -0.78633205810765539     
        3021 -0.78777140767076614     
        3022 -0.78927864829271810     
        3023 -0.79084422097597218     
        3024 -0.79243694682689947     
        3025 -0.79400811653729320     
        3026 -0.79549937125150094     
        3027 -0.79685206345851756     
        3028 -0.79801578779552895     
        3029 -0.79895433637461533     
        3030 -0.79964839847831537     
        3031 -0.80009527512085532     
        3032 -0.80030617837430496     
        3033 -0.80030204781048442     
        3034 -0.80010853584721497     
        3035 -0.79975096863689987     
        3036 -0.79924989130787871     
        3037 -0.79861761068301262     
        3038 -0.79785624637541186     
        3039 -0.79695756028343601     
        3040 -0.79590488816053473     
        3041 -0.79467703660391698     
        3042 -0.79325386972244738     
        3043 -0.79162276309131496     
        3044 -0.78978480769685655     
        3045 -0.78775950218625601     
        3046 -0.78558673772028975     
        3047 -0.78332535427568672     
        3048 -0.78104797518204638     
        3049 -0.77883286150803099     
        3050 -0.77675413052582343     
        3051 -0.77487261336341973     
        3052 -0.77322953773017733     
        3053 -0.77184435343216395     
        3054 -0.77071697868388322     
        3055 -0.76983344982234003     
        3056 -0.76917275880283076     
        3057 -0.76871275193226052     
        3058 -0.76843341233639673     
        3059 -0.76831703815073693     
        3060 -0.76834587997113291     
        3061 -0.76849890104703533     
        3062 -0.76874952253011786     
        3063 -0.76906559572982058     
        3064 -0.76941175678216245     
        3065 -0.76975343937299523     
        3066 -0.77006120728621508     
        3067 -0.77031432408349587     
        3068 -0.77050313074283061     
        3069 -0.77063005872097534     
        3070 -0.77070930957088679     
        3071 -0.77076536736369372     
        3072 -0.77083038212208976     
        3073 -0.77094044225046998     
        3074 -0.77113101271626638     
        3075 -0.77143207197849106     
        3076 -0.77186381081621103     
        3077 -0.77243371715839804     
        3078 -0.77313561183871071     
        3079 -0.77395076734851731     
        3080 -0.77485074968170209     
        3081 -0.77580120987686385     
        3082 -0.77676578624445991     
        3083 -0.77770947280239522     
        3084 -0.77860094738371366     
        3085 -0.77941380579643471     
        3086 -0.78012675480488491     
        3087 -0.78072302382588821     
        3088 -0.78118937514976705     
        3089 -0.78151518999148073     
        3090 -0.78169202862140963     
        3091 -0.78171399102011951     
        3092 -0.78157917119465170     
        3093 -0.78129211412955313     
        3094 -0.78086658539760478     
        3095 -0.78032798836224282     
        3096 -0.77971426106067654     
        3097 -0.77907415282306891     
        3098 -0.77846257864481838     
        3099 -0.77793349991001171     
        3100 -0.77753191093829699     
        3101 -0.77728711227719871     
        3102 -0.77720933331514686     
        3103 -0.77729046159382076     
        3104 -0.77750826220493896     
        3105 -0.77783226145872419     
        3106 -0.77822946966704876     
        3107 -0.77866852918350793     
        3108 -0.77912207766484964     
        3109 -0.77956751510885214     
        3110 -0.77998677430684471     
        3111 -0.78036567062543849     
        3112 -0.78069311400807140     
        3113 -0.78096047432494997     
        3114 -0.78116121477181688     
        3115 -0.78129089097647586     
        3116 -0.78134753586685834     
        3117 -0.78133224288344760     
        3118 -0.78124990863827903     
        3119 -0.78110985553601042     
        3120 -0.78092620406446300     
        3121 -0.78071772129290096     
        3122 -0.78050703817623202     
        3123 -0.78031920495050899     
        3124 -0.78017956127571308     
        3125 -0.78011125044385565     
        3126 -0.78013272342497153     
        3127 -0.78025585215262450     
        3128 -0.78048501106670953     
        3129 -0.78081741451763376     
        3130 -0.78124448064564755     
        3131 -0.78175377485625719     
        3132 -0.78233093972671341     
        3133 -0.78296112428112385     
        3134 -0.78362972929094199     
        3135 -0.78432253848945566     
        3136 -0.78502556247219635     
        3137 -0.78572494929664061     
        3138 -0.78640721476368580     
        3139 -0.78705982529067564     
        3140 -0.78767190881787308     
        3141 -0.78823497683031174     
        3142 -0.78874323226417042     
        3143 -0.78919349081128842     
        3144 -0.78958464287785968     
        3145 -0.78991680098260098     
        3146 -0.79019041451171634     
        3147 -0.79040545363066084     
        3148 -0.79056092547065815     
        3149 -0.79065469858681725     
        3150 -0.79068376989504707     
        3151 -0.79064484867967788     
        3152 -0.79053520022929991     
        3153 -0.79035377269282048     
        3154 -0.79010240653755237     
        3155 -0.78978690744577040     
        3156 -0.78941800583472499     
        3157 -0.78901181758640704     
        3158 -0.78858967943595693     
        3159 -0.78817724750439433     
        3160 -0.78780281051119394     
        3161 -0.78749510396710121     
        3162 -0.78728082426177948     
        3163 -0.78718218885317048     
        3164 -0.78721488958593511     
        3165 -0.78738672542738508     
        3166 -0.78769682203171343     
        3167 -0.78813544964306803     
        3168 -0.78868429137368479     
        3169 -0.78931715966924509     
        3170 -0.79000136008541688     
        3171 -0.79069973444357300     
        3172 -0.79137354196731180     
        3173 -0.79198596219945205     
        3174 -0.79250571838832207     
        3175 -0.79291023747019773     
        3176 -0.79318777435769483     
        3177 -0.79333813410725740     
        3178 -0.79337184037731512     
        3179 -0.79330795769548101     
        3180 -0.79317095789764580     
        3181 -0.79298729979480009     
        3182 -0.79278238361729192     
        3183 -0.79257861674057350     
        3184 -0.79239497860185504     
        3185 -0.79224799528944567     
        3186 -0.79215358291343829     
        3187 -0.79212876956205991     
        3188 -0.79219216016726601     
        3189 -0.79236233431670300     
        3190 -0.79265412808778257     
        3191 -0.79307382279375915     
        3192 -0.79361498657293550     
        3193 -0.79425665944355073     
        3194 -0.79496476235617408     
        3195 -0.79569640260510743     
        3196 -0.79640573965290151     
        3197 -0.79704968523272079     
        3198 -0.79759226581246456     
        3199 -0.79800719816669741     
        3200 -0.79827877064601227     
        3201 -0.79840150311937652     
        3202 -0.79837897064879559     
        3203 -0.79822209039390024     
        3204 -0.79794708291581340     
        3205 -0.79757316698848169     
        3206 -0.79712021689303370     
        3207 -0.79660659265325617     
        3208 -0.79604755967258489     
        3209 -0.79545453397948251     
        3210 -0.79483522008530116     
        3211 -0.79419455519235815     
        3212 -0.79353603335621448     
        3213 -0.79286293259848972     
        3214 -0.79217899155664184     
        3215 -0.79148830869231812     
        3216 -0.79079448789745244     
        3217 -0.79009933298211588     
        3218 -0.78940149151279015     
        3219 -0.78869563931708730     
        3220 -0.78797276552926898     
        3221 -0.78722185273702350     
        3222 -0.78643312119855946     
        3223 -0.78560261818369637     
        3224 -0.78473749497417888     
        3225 -0.78386086374070774     
        3226 -0.78301460312443527     
        3227 -0.78225824100253583     
        3228 -0.78166271443538371     
        3229 -0.78129912433701532     
        3230 -0.78122448246412923     
        3231 -0.78146804714876861     
        3232 -0.78202222040954628     
        3233 -0.78284061353263112     
        3234 -0.78384342494087911     
        3235 -0.78492823320955440     
        3236 -0.78598347064221075     
        3237 -0.78690219368608316     
        3238 -0.78759477138200307     
        3239 -0.78799970558310262     
        3240 -0.78809194240102487     
        3241 -0.78788733290444668     
        3242 -0.78744110037968829     
        3243 -0.78683861156069224     
        3244 -0.78617812782936725     
        3245 -0.78554852000773601     
        3246 -0.78500817442772441     
        3247 -0.78457220995818666     
        3248 -0.78421257347420392     
        3249 -0.78387016835798740     
        3250 -0.78347375205496050     
        3251 -0.78295871690488927     
        3252 -0.78228079555777974     
        3253 -0.78142274791557342     
        3254 -0.78039482179257413     
        3255 -0.77923078024580406     
        3256 -0.77798146050234240     
        3257 -0.77670756424304999     
        3258 -0.77547281389682965     
        3259 -0.77433865550374414     
        3260 -0.77336152229570509     
        3261 -0.77259337789952609     
        3262 -0.77208516736403787     
        3263 -0.77189151647045184     
        3264 -0.77207336600185883     
        3265 -0.77269465837895046     
        3266 -0.77381069914239298     
        3267 -0.77545004177387911     
        3268 -0.77759645788020582     
        3269 -0.78017997148032558     
        3270 -0.78308268979666640     
        3271 -0.78615742275492773     
        3272 -0.78925123851004531     
        3273 -0.79222516584696057     
        3274 -0.79496533049579376     
        3275 -0.79738617243098764     
        3276 -0.79942907134755214     
        3277 -0.80105984296760291     
        3278 -0.80226682352232903     
        3279 -0.80305961220853939     
        3280 -0.80346752662043774     
        3281 -0.80353671768686530     
        3282 -0.80332537545811744     
        3283 -0.80289724349726388     
        3284 -0.80231447474422957     
        3285 -0.80163141163360263     
        3286 -0.80089082590533445     
        3287 -0.80012364276817194     
        3288 -0.79935213911960512     
        3289 -0.79859538751410619     
        3290 -0.79787500195596284     
        3291 -0.79721899155580644     
        3292 -0.79666230068569122     
        3293 -0.79624323711551515     
        3294 -0.79599618081926005     
        3295 -0.79594204198717122     
        3296 -0.79607885011860913     
        3297 -0.79637528349077935     
        3298 -0.79676945772100394     
        3299 -0.79717407532609030     
        3300 -0.79748718847721656     
        3301 -0.79760630864542492     
        3302 -0.79744296227826428     
        3303 -0.79693509845598043     
        3304 -0.79605552101607280     
        3305 -0.79481530572423065     
        3306 -0.79326202452096051     
        3307 -0.79147306309148735     
        3308 -0.78954495059422958     
        3309 -0.78758025902816153     
        3310 -0.78567454211864618     
        3311 -0.78390597666864636     
        3312 -0.78233015059695543     
        3313 -0.78098068704059154     
        3314 -0.77987469945933885     
        3315 -0.77902044107821811     
        3316 -0.77842407835016980     
        3317 -0.77809332752676630     
        3318 -0.77803720069649251     
        3319 -0.77826276248181903     
        3320 -0.77877041034608008     
        3321 -0.77954937530297908     
        3322 -0.78057478062218333     
        3323 -0.78180680736661523     
        3324 -0.78319228105024652     
        3325 -0.78466829400403848     
        3326 -0.78616705949618559     
        3327 -0.78762108552986498     
        3328 -0.78896788743481161     
        3329 -0.79015373018673885     
        3330 -0.79113642724006972     
        3331 -0.79188732816507568     
        3332 -0.79239253067667315     
        3333 -0.79265343171303948     
        3334 -0.79268644456356319     
        3335 -0.79252172661777531     
        3336 -0.79220065705554099     
        3337 -0.79177201344169690     
        3338 -0.79128693799496819     
        3339 -0.79079301240891420     
        3340 -0.79032846879318219     
        3341 -0.78991746788013950     
        3342 -0.78956746815290713     
        3343 -0.78926933433161295     
        3344 -0.78900019019396472     
        3345 -0.78872845543341918     
        3346 -0.78841991711575132     
        3347 -0.78804366659199299     
        3348 -0.78757692448457506     
        3349 -0.78700820335090294     
        3350 -0.78633879928086747     
        3351 -0.78558289725294084     
        3352 -0.78476682901747707     
        3353 -0.78392782204729650     
        3354 -0.78311253301232109     
        3355 -0.78237526101607846     
        3356 -0.78177528433405574     
        3357 -0.78137271822793231     
        3358 -0.78122242818108767     
        3359 -0.78136622596180227     
        3360 -0.78182473606831582     
        3361 -0.78259125516404182     
        3362 -0.78362979987636228     
        3363 -0.78487839098658929     
        3364 -0.78625685031395709     
        3365 -0.78767681653290056     
        3366 -0.78905153393078964     
        3367 -0.79030349030835190     
        3368 -0.79136927990828798     
        3369 -0.79220177883089304     
        3370 -0.79277046994352574     
        3371 -0.79306071516978016     
        3372 -0.79307250483322500     
        3373 -0.79281883664237629     
        3374 -0.79232396831037111     
        3375 -0.79162139662076569     
        3376 -0.79075153646372209     
        3377 -0.78975892698012140     
        3378 -0.78868908457527875     
        3379 -0.78758490550820437     
        3380 -0.78648321194813275     
        3381 -0.78541179157898688     
        3382 -0.78438762842721865     
        3383 -0.78341674513153470     
        3384 -0.78249542268874650     
        3385 -0.78161266723243528     
        3386 -0.78075343800689012     
        3387 -0.77990254126974079     
        3388 -0.77904882504080042     
        3389 -0.77818902928204259     
        3390 -0.77733008710373419     
        3391 -0.77648847941213339     
        3392 -0.77568605377643940     
        3393 -0.77494368168534888     
        3394 -0.77427511024979956     
        3395 -0.77368370827148403     
        3396 -0.77316303495885397     
        3397 -0.77270037234992028     
        3398 -0.77228135214983207     
        3399 -0.77189392117359312     
        3400 -0.77153071216763403     
        3401 -0.77118965233389858     
        3402 -0.77087300607558817     
        3403 -0.77058543346715691     
        3404 -0.77033175976603763     
        3405 -0.77011529631964915     
        3406 -0.76993738509745702     
        3407 -0.76979822331800496     
        3408 -0.76969847610681874     
        3409 -0.76964065953479166     
        3410 -0.76962938747335585     
        3411 -0.76967013419502306     
        3412 -0.76976686894542579     
        3413 -0.76991952695442367     
        3414 -0.77012226093136815     
        3415 -0.77036313328027473     
        3416 -0.77062539175431088     
        3417 -0.77088987215344729     
        3418 -0.77113782962970256     
        3419 -0.77135342390136175     
        3420 -0.77152528296607503     
        3421 -0.77164672502373965     
        3422 -0.77171472867317592     
        3423 -0.77172787697553347     
        3424 -0.77168399126187170     
        3425 -0.77157836908086053     
        3426 -0.77140332571949466     
        3427 -0.77114964321199730     
        3428 -0.77080971350771377     
        3429 -0.77038169827199188     
        3430 -0.76987361925944320     
        3431 -0.76930609691341412     
        3432 -0.76871315077504898     
        3433 -0.76814056518982832     
        3434 -0.76764188605219374     
        3435 -0.76727265956424329     
        3436 -0.76708384828373766     
        3437 -0.76711533287820821     
        3438 -0.76739062836298311     
        3439 -0.76791366538277839     
        3440 -0.76866842949582226     
        3441 -0.76962180990862195     
        3442 -0.77072941462415034     
        3443 -0.77194364833259999     
        3444 -0.77322253243878702     
        3445 -0.77453739549342560     
        3446 -0.77587747718535638     
        3447 -0.77724972868871633     
        3448 -0.77867315203465437     
        3449 -0.78016843638575828     
        3450 -0.78174573828879479     
        3451 -0.78339460345033884     
        3452 -0.78507990399914085     
        3453 -0.78674543973488420     
        3454 -0.78832377510645224     
        3455 -0.78974861521679218     
        3456 -0.79096564664680524     
        3457 -0.79193942032353004     
        3458 -0.79265565095132029     
        3459 -0.79311960476161492     
        3460 -0.79335199955771496     
        3461 -0.79338358175541468     
        3462 -0.79324953310967738     
        3463 -0.79298446846943083     
        3464 -0.79261861994139482     
        3465 -0.79217572277810944     
        3466 -0.79167280907980864     
        3467 -0.79112171522744301     
        3468 -0.79053192858531962     
        3469 -0.78991384265224929     
        3470 -0.78928134387996451     
        3471 -0.78865276787567429     
        3472 -0.78804942470229933     
        3473 -0.78749192330189244     
        3474 -0.78699534487876333     
        3475 -0.78656510501527854     
        3476 -0.78619528421828244     
        3477 -0.78587022074582824     
        3478 -0.78556893726296106     
        3479 -0.78527100788198378     
        3480 -0.78496206930475099     
        3481 -0.78463784235739653     
        3482 -0.78430617217228071     
        3483 -0.78398711613403649     
        3484 -0.78371136656880969     
        3485 -0.78351709575848172     
        3486 -0.78344529044129907     
        3487 -0.78353371166464614     
        3488 -0.78381007061301222     
        3489 -0.78428555444778147     
        3490 -0.78495017572629899     
        3491 -0.78577129775034849     
        3492 -0.78669582279005923     
        3493 -0.78765584269031974     
        3494 -0.78857641843749715     
        3495 -0.78938382526668682     
        3496 -0.79001274167213020     
        3497 -0.79041158855709392     
        3498 -0.79054560922840755     
        3499 -0.79039799452731330     
        3500 -0.78996957080449282     
        3501 -0.78927747972893991     
        3502 -0.78835320059421676     
        3503 -0.78724035656920932     
        3504 -0.78599216517807213     
        3505 -0.78466864704856143     
        3506 -0.78333355213304723     
        3507 -0.78205085340316738     
        3508 -0.78088076798146067     
        3509 -0.77987531849639502     
        3510 -0.77907395365035981     
        3511 -0.77849981804817037     
        3512 -0.77815768746145419     
        3513 -0.77803418873642383     
        3514 -0.77810062632912003     
        3515 -0.77831791662290195     
        3516 -0.77864274402657407     
        3517 -0.77903358371041320     
        3518 -0.77945565097659841     
        3519 -0.77988417750570682     
        3520 -0.78030577938491497     
        3521 -0.78071808721911840     
        3522 -0.78112810644013786     
        3523 -0.78154957153158489     
        3524 -0.78199965972408159     
        3525 -0.78249542698361174     
        3526 -0.78305019128603359     
        3527 -0.78367030987360964     
        3528 -0.78435268410121528     
        3529 -0.78508339722978049     
        3530 -0.78583773951363722     
        3531 -0.78658176776376509     
        3532 -0.78727530563959613     
        3533 -0.78787602608208163     
        3534 -0.78834398948235962     
        3535 -0.78864609883225611     
        3536 -0.78875984782754371     
        3537 -0.78867603246041940     
        3538 -0.78840026036326782     
        3539 -0.78795330520618867     
        3540 -0.78737040683538817     
        3541 -0.78669948414740565     
        3542 -0.78599822923928775     
        3543 -0.78532959332080476     
        3544 -0.78475541143929750     
        3545 -0.78432820885896548     
        3546 -0.78408247980898682     
        3547 -0.78402738239505565     
        3548 -0.78414318445380182     
        3549 -0.78438286723119610     
        3550 -0.78467863066254728     
        3551 -0.78495172210282083     
        3552 -0.78512343607621671     
        3553 -0.78512529421716504     
        3554 -0.78490710326442004     
        3555 -0.78444240426942469     
        3556 -0.78373117433982598     
        3557 -0.78280016457908985     
        3558 -0.78170110167554929     
        3559 -0.78050678131171236     
        3560 -0.77930493671682954     
        3561 -0.77818959531356424     
        3562 -0.77725030452365296     
        3563 -0.77656048329031357     
        3564 -0.77616717424434900     
        3565 -0.77608453383920795     
        3566 -0.77629291041308313     
        3567 -0.77674373605443503     
        3568 -0.77736879490779220     
        3569 -0.77809137716213206     
        3570 -0.77883686790629947     
        3571 -0.77954137533590162     
        3572 -0.78015794856188370     
        3573 -0.78066088601413142     
        3574 -0.78104888979763398     
        3575 -0.78134748973055368     
        3576 -0.78161011356455368     
        3577 -0.78191587538356166     
        3578 -0.78236179723561283     
        3579 -0.78304797963851946     
        3580 -0.78405732176826337     
        3581 -0.78543532157222740     
        3582 -0.78717746081108753     
        3583 -0.78922970257110059     
        3584 -0.79150166316965365     
        3585 -0.79388661791843418     
        3586 -0.79628075689230804     
        3587 -0.79859650126835069     
        3588 -0.80076854360720562     
        3589 -0.80275410185833895     
        3590 -0.80452987982218238     
        3591 -0.80608786384656783     
        3592 -0.80743119186935497     
        3593 -0.80857071892796839     
        3594 -0.80952238774181617     
        3595 -0.81030527389493556     
        3596 -0.81093996245966493     
        3597 -0.81144721472623726     
        3598 -0.81184676900168828     
        3599 -0.81215627844942351     
        3600 -0.81239059241809430     
        3601 -0.81256143389020041     
        3602 -0.81267745424724769     
        3603 -0.81274465473513757     
        3604 -0.81276699414820097     
        3605 -0.81274700072122774     
        3606 -0.81268625378415871     
        3607 -0.81258562123745626     
        3608 -0.81244528296649399     
        3609 -0.81226447872059004     
        3610 -0.81204105206622901     
        3611 -0.81177095585975723     
        3612 -0.81144779960996649     
        3613 -0.81106254998512106     
        3614 -0.81060340267836606     
        3615 -0.81005590441952269     
        3616 -0.80940337688957342     
        3617 -0.80862759841978882     
        3618 -0.80770967602656818     
        3619 -0.80663124719796120     
        3620 -0.80537588808619565     
        3621 -0.80393075045283113     
        3622 -0.80228847127828851     
        3623 -0.80044933166393784     
        3624 -0.79842372653482396     
        3625 -0.79623495034161018     
        3626 -0.79392203577702769     
        3627 -0.79154188044895213     
        3628 -0.78916905414441763     
        3629 -0.78689137670499398     
        3630 -0.78479951347436294     
        3631 -0.78297065911176555     
        3632 -0.78145017312567167     
        3633 -0.78023784838493759     
        3634 -0.77928522546549028     
        3635 -0.77850592860987977     
        3636 -0.77779498308347972     
        3637 -0.77704992638734471     
        3638 -0.77618723934570077     
        3639 -0.77515150186222914     
        3640 -0.77391792270007864     
        3641 -0.77249042517991995     
        3642 -0.77089751642290716     
        3643 -0.76918724772011893     
        3644 -0.76742194654608231     
        3645 -0.76567281666438802     
        3646 -0.76401468875837197     
        3647 -0.76252100240037834     
        3648 -0.76125921375898620     
        3649 -0.76028681176529778     
        3650 -0.75964792592637953     
        3651 -0.75937065023817918     
        3652 -0.75946527261071384     
        3653 -0.75992358022431961     
        3654 -0.76071947324757572     
        3655 -0.76181104711666137     
        3656 -0.76314420470286426     
        3657 -0.76465737777232812     
        3658 -0.76628689259486138     
        3659 -0.76797223606003484     
        3660 -0.76966051439316407     
        3661 -0.77130964898323429     
        3662 -0.77289016458774051     
        3663 -0.77438577196517855     
        3664 -0.77579322520079264     
        3665 -0.77712179096403333     
        3666 -0.77839204996249334     
        3667 -0.77963357427897495     
        3668 -0.78088087611788548     
        3669 -0.78216755258790416     
        3670 -0.78351944213324209     
        3671 -0.78494826752760682     
        3672 -0.78644758284327276     
        3673 -0.78799234226851589     
        3674 -0.78954232318928996     
        3675 -0.79104838035328306     
        3676 -0.79245995252081325     
        3677 -0.79373198288036462     
        3678 -0.79483004622395281     
        3679 -0.79573324519358590     
        3680 -0.79643496078110354     
        3681 -0.79694195340035090     
        3682 -0.79727251114393693     
        3683 -0.79745409105831344     
        3684 -0.79752081709620204     
        3685 -0.79751117774994740     
        3686 -0.79746597765770721     
        3687 -0.79742633697110410     
        3688 -0.79743146093557915     
        3689 -0.79751591517505949     
        3690 -0.79770633303004079     
        3691 -0.79801791969698010     
        3692 -0.79845142612584974     
        3693 -0.79899154543295936     
        3694 -0.79960744889549917     
        3695 -0.80025554848187952     
        3696 -0.80088407896809610     
        3697 -0.80143873162106427     
        3698 -0.80186858198728950     
        3699 -0.80213165370867456     
        3700 -0.80220002066649565     
        3701 -0.80206427214220899     
        3702 -0.80173677969134638     
        3703 -0.80125270431141571     
        3704 -0.80066737536356947     
        3705 -0.80004907259397096     
        3706 -0.79946753355831290     
        3707 -0.79898056964341724     
        3708 -0.79862277947302140     
        3709 -0.79840008608515700     
        3710 -0.79829181967644491     
        3711 -0.79825865960994979     
        3712 -0.79825276004942136     
        3713 -0.79822654023065642     
        3714 -0.79813850238509443     
        3715 -0.79795624976993906     
        3716 -0.79765793156846454     
        3717 -0.79723331578829493     
        3718 -0.79668502590284651     
        3719 -0.79602965656303160     
        3720 -0.79529796465957803     
        3721 -0.79453335641693812     
        3722 -0.79378825582858903     
        3723 -0.79311858401152846     
        3724 -0.79257734649802292     
        3725 -0.79220856388247196     
        3726 -0.79204246021662361     
        3727 -0.79209216034808472     
        3728 -0.79235167017538632     
        3729 -0.79279508503166107     
        3730 -0.79337739695061260     
        3731 -0.79403789356548993     
        3732 -0.79470657110319354     
        3733 -0.79531259880375649     
        3734 -0.79579319067036469     
        3735 -0.79610085798594399     
        3736 -0.79620789919990809     
        3737 -0.79610804436094362     
        3738 -0.79581580140741393     
        3739 -0.79536446034735875     
        3740 -0.79480331848593688     
        3741 -0.79419432161454584     
        3742 -0.79360790197625330     
        3743 -0.79311766353952706     
        3744 -0.79279374376664880     
        3745 -0.79269535165848204     
        3746 -0.79286336740594099     
        3747 -0.79331458306793090     
        3748 -0.79403896387984041     
        3749 -0.79500053686231831     
        3750 -0.79614180386375732     
        3751 -0.79739077015826532     
        3752 -0.79866910173463235     
        3753 -0.79990014280665578     
        3754 -0.80101572283517475     
        3755 -0.80196098984249575     
        3756 -0.80269699290688679     
        3757 -0.80320132700254088     
        3758 -0.80346706763690678     
        3759 -0.80350047275274916     
        3760 -0.80331790088333765     
        3761 -0.80294212597884440     
        3762 -0.80239845859525905     
        3763 -0.80171102250060533     
        3764 -0.80089958561687691     
        3765 -0.79997765979439983     
        3766 -0.79895235346615745     
        3767 -0.79782615229482345     
        3768 -0.79660046578625898     
        3769 -0.79528019619951351     
        3770 -0.79387841910257317     
        3771 -0.79241996263997572     
        3772 -0.79094301421293034     
        3773 -0.78949797244883535     
        3774 -0.78814357139550206     
        3775 -0.78694064665296926     
        3776 -0.78594455408445540     
        3777 -0.78519775407757131     
        3778 -0.78472403633811383     
        3779 -0.78452550882531380     
        3780 -0.78458291002663139     
        3781 -0.78485897766697932     
        3782 -0.78530400233635733     
        3783 -0.78586223855760062     
        3784 -0.78647795981211066     
        3785 -0.78710028403212251     
        3786 -0.78768625300792738     
        3787 -0.78820199382197775     
        3788 -0.78862228551957725     
        3789 -0.78892896550216107     
        3790 -0.78910883485446215     
        3791 -0.78915170840351745     
        3792 -0.78904916952036230     
        3793 -0.78879480870084862     
        3794 -0.78838648902100128     
        3795 -0.78783085142594411     
        3796 -0.78714923624161537     
        3797 -0.78638305805557795     
        3798 -0.78559546611638731     
        3799 -0.78486597709644590     
        3800 -0.78427677473548729     
        3801 -0.78389343425192504     
        3802 -0.78374722828367005     
        3803 -0.78382689046205944     
        3804 -0.78408352521427760     
        3805 -0.78444553595758804     
        3806 -0.78483623219352161     
        3807 -0.78518739536682103     
        3808 -0.78544603836688343     
        3809 -0.78557551191323671     
        3810 -0.78555368692334138     
        3811 -0.78537042288265846     
        3812 -0.78502546240877047     
        3813 -0.78452653041687026     
        3814 -0.78388736869861386     
        3815 -0.78312527465623261     
        3816 -0.78225829501913624     
        3817 -0.78130254276777789     
        3818 -0.78027017990748249     
        3819 -0.77916858611289241     
        3820 -0.77800112968817414     
        3821 -0.77676942297236751     
        3822 -0.77547673166255360     
        3823 -0.77413195322684236     
        3824 -0.77275350531087994     
        3825 -0.77137211558815189     
        3826 -0.77003182077983046     
        3827 -0.76878852967662392     
        3828 -0.76770602555033829     
        3829 -0.76684988480880112     
        3830 -0.76628028651700641     
        3831 -0.76604538668134181     
        3832 -0.76617653337011293     
        3833 -0.76668604878561974     
        3834 -0.76756753193544991     
        3835 -0.76879799558334805     
        3836 -0.77034109117499738     
        3837 -0.77215074586490773     
        3838 -0.77417471479821132     
        3839 -0.77635766004740958     
        3840 -0.77864354458580598     
        3841 -0.78097699283681388     
        3842 -0.78330376770730192     
        3843 -0.78557071014250357     
        3844 -0.78772566888677276     
        3845 -0.78971785644239445     
        3846 -0.79149896801501274     
        3847 -0.79302505922504285     
        3848 -0.79425879005220212     
        3849 -0.79517161962017047     
        3850 -0.79574539353482965     
        3851 -0.79597301998590542     
        3852 -0.79585844013175411     
        3853 -0.79541614700109531     
        3854 -0.79467095462639181     
        3855 -0.79365835961823694     
        3856 -0.79242552147170930     
        3857 -0.79103255599403210     
        3858 -0.78955325715383140     
        3859 -0.78807418658743356     
        3860 -0.78669106656249610     
        3861 -0.78550221633006478     
        3862 -0.78459921417686429     
        3863 -0.78405621522659519     
        3864 -0.78391994178284763     
        3865 -0.78420282740382297     
        3866 -0.78488126394142232     
        3867 -0.78589931841569116     
        3868 -0.78717717004695464     
        3869 -0.78862199123229093     
        3870 -0.79013885263448702     
        3871 -0.79163970973863296     
        3872 -0.79304938398076530     
        3873 -0.79430847276936678     
        3874 -0.79537379820256571     
        3875 -0.79621721510313237     
        3876 -0.79682362996726874     
        3877 -0.79718884453731109     
        3878 -0.79731764242392400     
        3879 -0.79722235487710924     
        3880 -0.79692182758745866     
        3881 -0.79644063328400350     
        3882 -0.79580819902113142     
        3883 -0.79505738597186970     
        3884 -0.79422214847202621     
        3885 -0.79333423217007781     
        3886 -0.79241942527835896     
        3887 -0.79149450584995207     
        3888 -0.79056626238132066     
        3889 -0.78963356074149471     
        3890 -0.78869236868779413     
        3891 -0.78774231131827999     
        3892 -0.78679253253411241     
        3893 -0.78586468388918562     
        3894 -0.78499209979339746     
        3895 -0.78421551658040201     
        3896 -0.78357667392124264     
        3897 -0.78311181838741128     
        3898 -0.78284662541727645     
        3899 -0.78279336832789259     
        3900 -0.78295043259967056     
        3901 -0.78330363456999752     
        3902 -0.78382857176115361     
        3903 -0.78449328553181119     
        3904 -0.78526096359258757     
        3905 -0.78609263438822563     
        3906 -0.78694996321265387     
        3907 -0.78779831134885359     
        3908 -0.78860975324902627     
        3909 -0.78936534002506809     
        3910 -0.79005598243627384     
        3911 -0.79068134304977622     
        3912 -0.79124685416552532     
        3913 -0.79175941827014895     
        3914 -0.79222293244657949     
        3915 -0.79263492420105552     
        3916 -0.79298522327164700     
        3917 -0.79325710428411655     
        3918 -0.79343054529641865     
        3919 -0.79348649157082562     
        3920 -0.79341117498243152     
        3921 -0.79319944037347323     
        3922 -0.79285659691286547     
        3923 -0.79239863330714910     
        3924 -0.79185103400424239     
        3925 -0.79124651531113888     
        3926 -0.79062189931248161     
        3927 -0.79001459741999014     
        3928 -0.78945914097593473     
        3929 -0.78898420365235344     
        3930 -0.78861069395672279     
        3931 -0.78835121917226658     
        3932 -0.78821071700141743     
        3933 -0.78818773508684770     
        3934 -0.78827575555478646     
        3935 -0.78846410293757374     
        3936 -0.78873826526004520     
        3937 -0.78907987870592855     
        3938 -0.78946664101376929     
        3939 -0.78987269134811411     
        3940 -0.79026975965246871     
        3941 -0.79062916053762078     
        3942 -0.79092424483335089     
        3943 -0.79113281594487928     
        3944 -0.79123902778165245     
        3945 -0.79123432886551281     
        3946 -0.79111715473997779     
        3947 -0.79089143037631349     
        3948 -0.79056415863333318     
        3949 -0.79014274731904122     
        3950 -0.78963252654996197     
        3951 -0.78903496093913139     
        3952 -0.78834696642936919     
        3953 -0.78756135697120788     
        3954 -0.78666844961315863     
        3955 -0.78565860512196106     
        3956 -0.78452539337304072     
        3957 -0.78326890766322099     
        3958 -0.78189871977980407     
        3959 -0.78043586469350579     
        3960 -0.77891337206866851     
        3961 -0.77737502521841984     
        3962 -0.77587216957881144     
        3963 -0.77445870642571790     
        3964 -0.77318465571465123     
        3965 -0.77208886615321248     
        3966 -0.77119200281489408     
        3967 -0.77049147659312445     
        3968 -0.76995985098228081     
        3969 -0.76954780773532827     
        3970 -0.76919154054020222     
        3971 -0.76882306044888860     
        3972 -0.76838103639310973     
        3973 -0.76782013564569074     
        3974 -0.76711752081600115     
        3975 -0.76627590825031766     
        3976 -0.76532313844420663     
        3977 -0.76430854999923115     
        3978 -0.76329689206831963     
        3979 -0.76236072075919570     
        3980 -0.76157240494559431     
        3981 -0.76099686134665456     
        3982 -0.76068567929214115     
        3983 -0.76067286843245030     
        3984 -0.76097229060823313     
        3985 -0.76157680684501661     
        3986 -0.76245933722583592     
        3987 -0.76357588280560762     
        3988 -0.76487035571547879     
        3989 -0.76628032765566989     
        3990 -0.76774267125292239     
        3991 -0.76919827273213515     
        3992 -0.77059550544726230     
        3993 -0.77189232380456052     
        3994 -0.77305737813383435     
        3995 -0.77407043055235536     
        3996 -0.77492242478126183     
        3997 -0.77561524501903789     
        3998 -0.77616108387303051     
        3999 -0.77658128290493089     
        4000 -0.77690431866771259     
