           1   0.0000000000000000     
           2 -0.24369141298980901     
           3 -0.24410177217401474     
           4 -0.24470979257871889     
           5 -0.24551686440302228     
           6 -0.24652476222390651     
           7 -0.24773552631464910     
           8 -0.24915146741078426     
           9 -0.25077504547896851     
          10 -0.25260901167235922     
          11 -0.25465632718161535     
          12 -0.25692005004939955     
          13 -0.25940335314683727     
          14 -0.26210924822975312     
          15 -0.26504063673653167     
          16 -0.26819992508455726     
          17 -0.27158853785787473     
          18 -0.27520656003651578     
          19 -0.27905212700620735     
          20 -0.28312055443258272     
          21 -0.28740329049754110     
          22 -0.29188634699486660     
          23 -0.29654833869314484     
          24 -0.30135806498012746     
          25 -0.30627158077249200     
          26 -0.31122932773639378     
          27 -0.31615443930747222     
          28 -0.32095456778067727     
          29 -0.32553104278824246     
          30 -0.32979969008858434     
          31 -0.33372387437950557     
          32 -0.33734688557281639     
          33 -0.34079080582354176     
          34 -0.34419058007797726     
          35 -0.34758657847101598     
          36 -0.35086328539513401     
          37 -0.35379584532874908     
          38 -0.35616885527688585     
          39 -0.35788518498028410     
          40 -0.35901329522075609     
          41 -0.35976241736406145     
          42 -0.36040233694632606     
          43 -0.36116833907921775     
          44 -0.36219849478085131     
          45 -0.36353259839710123     
          46 -0.36516673780166981     
          47 -0.36712225425095152     
          48 -0.36947817990533932     
          49 -0.37234709738044863     
          50 -0.37582910118414004     
          51 -0.37999938817805540     
          52 -0.38493431938877104     
          53 -0.39071893015424880     
          54 -0.39739494940564080     
          55 -0.40488277954660790     
          56 -0.41294957238923152     
          57 -0.42125338476113172     
          58 -0.42942932554077295     
          59 -0.43716482054910916     
          60 -0.44423858262046895     
          61 -0.45052729908178774     
          62 -0.45599305893004982     
          63 -0.46066159736913204     
          64 -0.46460074278764885     
          65 -0.46790998522452432     
          66 -0.47072779598220732     
          67 -0.47324987023577025     
          68 -0.47573607908615001     
          69 -0.47848272845853834     
          70 -0.48175878314555842     
          71 -0.48573266564393247     
          72 -0.49042632071668973     
          73 -0.49571332891441644     
          74 -0.50135105441016825     
          75 -0.50702807200806010     
          76 -0.51241856735471425     
          77 -0.51723753770481362     
          78 -0.52128482909294382     
          79 -0.52447025176463857     
          80 -0.52682193654466691     
          81 -0.52847578720678501     
          82 -0.52964026409354870     
          83 -0.53054893357713317     
          84 -0.53143451344070181     
          85 -0.53254235325320465     
          86 -0.53414505211534347     
          87 -0.53649364246104359     
          88 -0.53970464396469708     
          89 -0.54367543350482117     
          90 -0.54811120741238040     
          91 -0.55264173587508192     
          92 -0.55694262344547929     
          93 -0.56080810634394529     
          94 -0.56417184182037572     
          95 -0.56708689157459835     
          96 -0.56967063473726620     
          97 -0.57202994140960683     
          98 -0.57420424375839374     
          99 -0.57616572879358074     
         100 -0.57788077729282861     
         101 -0.57939499907004055     
         102 -0.58089280064970195     
         103 -0.58269296748012545     
         104 -0.58515697224267549     
         105 -0.58853018510997868     
         106 -0.59279888200581254     
         107 -0.59766205888824864     
         108 -0.60264210295719267     
         109 -0.60725879530638249     
         110 -0.61117154014339159     
         111 -0.61424688344979084     
         112 -0.61655358217383238     
         113 -0.61830272174831180     
         114 -0.61975841390819131     
         115 -0.62115778607488981     
         116 -0.62267216380220070     
         117 -0.62441090932559595     
         118 -0.62644134376791027     
         119 -0.62879602342910057     
         120 -0.63145747064360536     
         121 -0.63433390719971083     
         122 -0.63725388401936867     
         123 -0.63999629589004559     
         124 -0.64234447560115648     
         125 -0.64413744495611891     
         126 -0.64529856651657369     
         127 -0.64583856241685156     
         128 -0.64583354454008346     
         129 -0.64537773449155444     
         130 -0.64452165506228942     
         131 -0.64323297207225250     
         132 -0.64142541793877750     
         133 -0.63906239163169021     
         134 -0.63627197951414283     
         135 -0.63338158432639713     
         136 -0.63083244054565590     
         137 -0.62903001044448970     
         138 -0.62822350927272164     
         139 -0.62845200482533736     
         140 -0.62954451517508725     
         141 -0.63117153268074111     
         142 -0.63295973000652184     
         143 -0.63464832308795971     
         144 -0.63620610780773967     
         145 -0.63781207064257828     
         146 -0.63968236094383701     
         147 -0.64186130316223611     
         148 -0.64414333514081201     
         149 -0.64617852461396241     
         150 -0.64766260251471586     
         151 -0.64848357759367681     
         152 -0.64876524434075111     
         153 -0.64881557908874132     
         154 -0.64902029624131619     
         155 -0.64972988238089002     
         156 -0.65118004521399475     
         157 -0.65345819142909034     
         158 -0.65650167127273384     
         159 -0.66011354776349507     
         160 -0.66400255621009452     
         161 -0.66786141734637638     
         162 -0.67146152190223940     
         163 -0.67469563493621565     
         164 -0.67751242945569612     
         165 -0.67979731473134164     
         166 -0.68134577703355881     
         167 -0.68197747162232292     
         168 -0.68166545058677519     
         169 -0.68055886234785712     
         170 -0.67890868160197104     
         171 -0.67697241218686000     
         172 -0.67495051303531783     
         173 -0.67296455307023384     
         174 -0.67107186546744535     
         175 -0.66931182418439861     
         176 -0.66775965201800913     
         177 -0.66653417215028676     
         178 -0.66573884550137974     
         179 -0.66539301332360767     
         180 -0.66542820428289573     
         181 -0.66575503758321475     
         182 -0.66634546644160486     
         183 -0.66727083062241921     
         184 -0.66866455039072148     
         185 -0.67062521287820986     
         186 -0.67312708026245438     
         187 -0.67600053992990272     
         188 -0.67897635579095061     
         189 -0.68174466363325881     
         190 -0.68400158559918323     
         191 -0.68549056375592887     
         192 -0.68604611411991367     
         193 -0.68563312303180679     
         194 -0.68437171108857509     
         195 -0.68254118207323422     
         196 -0.68055272849485682     
         197 -0.67887326949816706     
         198 -0.67790539298732466     
         199 -0.67788677443914380     
         200 -0.67888576020352087     
         201 -0.68087519516324413     
         202 -0.68377763491903965     
         203 -0.68742511191209754     
         204 -0.69150680261848751     
         205 -0.69560404737951709     
         206 -0.69930863489551465     
         207 -0.70233032383474692     
         208 -0.70452089799815121     
         209 -0.70581581133399129     
         210 -0.70615510908602586     
         211 -0.70545369235484801     
         212 -0.70364888184998242     
         213 -0.70079564949157380     
         214 -0.69715157573893261     
         215 -0.69319432339292153     
         216 -0.68953607559570329     
         217 -0.68674397616699490     
         218 -0.68515042491678246     
         219 -0.68478000404651851     
         220 -0.68544558232735553     
         221 -0.68691570542969016     
         222 -0.68900082364483195     
         223 -0.69152079852841608     
         224 -0.69424575936420685     
         225 -0.69690043391195700     
         226 -0.69922972718068432     
         227 -0.70106078099933611     
         228 -0.70231098095149835     
         229 -0.70294802824569702     
         230 -0.70295266285873592     
         231 -0.70232815962694684     
         232 -0.70115120168812661     
         233 -0.69961909381561183     
         234 -0.69804299024863103     
         235 -0.69676247457321860     
         236 -0.69600685355448855     
         237 -0.69579296806683333     
         238 -0.69596457023860159     
         239 -0.69636560549159643     
         240 -0.69698941687288640     
         241 -0.69796825145657215     
         242 -0.69943611879873735     
         243 -0.70137745797313145     
         244 -0.70355047842833229     
         245 -0.70555280442302926     
         246 -0.70698557710292476     
         247 -0.70758293346907952     
         248 -0.70725784870854091     
         249 -0.70609070032488086     
         250 -0.70426802977686487     
         251 -0.70200361869834749     
         252 -0.69952848179369220     
         253 -0.69714047505703436     
         254 -0.69518065648957661     
         255 -0.69391287289260628     
         256 -0.69342922273136443     
         257 -0.69365413564453504     
         258 -0.69443037333121505     
         259 -0.69564311491120601     
         260 -0.69729912260242244     
         261 -0.69949020277703133     
         262 -0.70226702936243457     
         263 -0.70551903071752597     
         264 -0.70893356269851926     
         265 -0.71205109597253724     
         266 -0.71439473068839354     
         267 -0.71562688532900576     
         268 -0.71567158968200684     
         269 -0.71475789154041569     
         270 -0.71337068116606350     
         271 -0.71211845925937023     
         272 -0.71155559729048590     
         273 -0.71203054303367741     
         274 -0.71362493797536741     
         275 -0.71618711520332601     
         276 -0.71941184136188396     
         277 -0.72292235382628012     
         278 -0.72634231668115123     
         279 -0.72936157786433919     
         280 -0.73179310830752120     
         281 -0.73359874813953652     
         282 -0.73485652435968474     
         283 -0.73567626242660278     
         284 -0.73611512778691590     
         285 -0.73614652657326562     
         286 -0.73568693669363450     
         287 -0.73464389983490486     
         288 -0.73295389762424401     
         289 -0.73060917754956345     
         290 -0.72769275837325464     
         291 -0.72443190837983829     
         292 -0.72123685563156359     
         293 -0.71864177432425036     
         294 -0.71709563424213585     
         295 -0.71671474461258300     
         296 -0.71722747327197911     
         297 -0.71816658694814728     
         298 -0.71910181103730153     
         299 -0.71973651227417612     
         300 -0.71989821282322108     
         301 -0.71952635736486426     
         302 -0.71869194400769354     
         303 -0.71760785663913873     
         304 -0.71657877786634505     
         305 -0.71588885762745147     
         306 -0.71568984157004367     
         307 -0.71597609542724527     
         308 -0.71667120662140693     
         309 -0.71774176474466345     
         310 -0.71922775025840291     
         311 -0.72116908818720993     
         312 -0.72350347191261521     
         313 -0.72602885426872910     
         314 -0.72847593892087770     
         315 -0.73064424657327942     
         316 -0.73249905915943248     
         317 -0.73416909787135964     
         318 -0.73586204305544589     
         319 -0.73775407682945526     
         320 -0.73991114870887342     
         321 -0.74227503261461469     
         322 -0.74470449713261555     
         323 -0.74703444090887072     
         324 -0.74912516784021554     
         325 -0.75089538922747445     
         326 -0.75233256150380512     
         327 -0.75346795067265482     
         328 -0.75432420711836878     
         329 -0.75487346542689948     
         330 -0.75503836348612896     
         331 -0.75473014734734079     
         332 -0.75389905760155762     
         333 -0.75257943006420802     
         334 -0.75091789034464451     
         335 -0.74916918498825780     
         336 -0.74764295999746533     
         337 -0.74660252862430188     
         338 -0.74614996203724271     
         339 -0.74616331784106338     
         340 -0.74634678105848939     
         341 -0.74639218348022907     
         342 -0.74616421640601827     
         343 -0.74577984351968163     
         344 -0.74550475653126158     
         345 -0.74553202343249381     
         346 -0.74583917306269987     
         347 -0.74624271262192443     
         348 -0.74655732555419774     
         349 -0.74671068215925351     
         350 -0.74675962828269471     
         351 -0.74682346447105530     
         352 -0.74697705873345954     
         353 -0.74717405062384756     
         354 -0.74726679361061588     
         355 -0.74710811097241958     
         356 -0.74664496003666725     
         357 -0.74593646764180410     
         358 -0.74511239596627288     
         359 -0.74432668171059746     
         360 -0.74373122179471640     
         361 -0.74346327073184648     
         362 -0.74364501216845180     
         363 -0.74439676951032419     
         364 -0.74583903227102211     
         365 -0.74803569187832497     
         366 -0.75087361848925782     
         367 -0.75398685050156067     
         368 -0.75685702926383025     
         369 -0.75903780356054795     
         370 -0.76030302734289723     
         371 -0.76062581460679801     
         372 -0.76007922658224336     
         373 -0.75878382664661803     
         374 -0.75692587681566503     
         375 -0.75478856193926358     
         376 -0.75274693436939077     
         377 -0.75121220943470957     
         378 -0.75052458983408621     
         379 -0.75084691291587091     
         380 -0.75217096386192062     
         381 -0.75444460766774613     
         382 -0.75763733024984148     
         383 -0.76160467543857058     
         384 -0.76590727200934761     
         385 -0.76986807150615688     
         386 -0.77286876964677487     
         387 -0.77460647353728185     
         388 -0.77513056779502820     
         389 -0.77470864905674552     
         390 -0.77364547005362705     
         391 -0.77215471563193172     
         392 -0.77033778119331986     
         393 -0.76825179838421676     
         394 -0.76598829989538619     
         395 -0.76369514072030342     
         396 -0.76153688537729602     
         397 -0.75963866074405928     
         398 -0.75806111671875742     
         399 -0.75681183505801586     
         400 -0.75585794526499661     
         401 -0.75511621808313589     
         402 -0.75444661134161051     
         403 -0.75369764069090228     
         404 -0.75281474769755796     
         405 -0.75196629726167186     
         406 -0.75160268607870773     
         407 -0.75233503898267062     
         408 -0.75457388322268393     
         409 -0.75813477187588640     
         410 -0.76225354337085638     
         411 -0.76608878891844479     
         412 -0.76919042340614407     
         413 -0.77153169544768074     
         414 -0.77325751568234158     
         415 -0.77448514816159919     
         416 -0.77527146474019915     
         417 -0.77565149356113938     
         418 -0.77565065468359373     
         419 -0.77527225097490737     
         420 -0.77450556672468329     
         421 -0.77336541334780051     
         422 -0.77192691694555071     
         423 -0.77032012889773516     
         424 -0.76868601722486007     
         425 -0.76713145158799678     
         426 -0.76573536933199549     
         427 -0.76462252981657675     
         428 -0.76403393213651327     
         429 -0.76428613367732656     
         430 -0.76559291072821456     
         431 -0.76786044407368881     
         432 -0.77062296459829149     
         433 -0.77318494117584435     
         434 -0.77486765734858698     
         435 -0.77520257323934949     
         436 -0.77400425330269607     
         437 -0.77136306384667574     
         438 -0.76762226226726871     
         439 -0.76335788428372942     
         440 -0.75932459286748610     
         441 -0.75631766874616069     
         442 -0.75495734733200304     
         443 -0.75549122977224448     
         444 -0.75773778969832173     
         445 -0.76121018509919847     
         446 -0.76532876476796319     
         447 -0.76958015384767231     
         448 -0.77355927001046754     
         449 -0.77696302241117599     
         450 -0.77962616812138308     
         451 -0.78157886503273988     
         452 -0.78303792014481954     
         453 -0.78428467158491244     
         454 -0.78545206135802959     
         455 -0.78634392225905536     
         456 -0.78648825742998041     
         457 -0.78546582718040647     
         458 -0.78328308106605926     
         459 -0.78050248525287114     
         460 -0.77797259055868384     
         461 -0.77631881644035861     
         462 -0.77566944345252187     
         463 -0.77581125434252818     
         464 -0.77645686276266490     
         465 -0.77735156674912798     
         466 -0.77825349812151201     
         467 -0.77891216424107756     
         468 -0.77909509074090821     
         469 -0.77864487837757224     
         470 -0.77753838147740695     
         471 -0.77592882702178878     
         472 -0.77413950152774125     
         473 -0.77257119557858733     
         474 -0.77154520647895464     
         475 -0.77119805920539652     
         476 -0.77152671839242293     
         477 -0.77252270637409948     
         478 -0.77423021199829833     
         479 -0.77665088821993222     
         480 -0.77959658321270642     
         481 -0.78265770505130705     
         482 -0.78532354718555897     
         483 -0.78713907236712899     
         484 -0.78779716851843873     
         485 -0.78716449201372884     
         486 -0.78528452264317983     
         487 -0.78238038765366813     
         488 -0.77884146596964632     
         489 -0.77516799189031915     
         490 -0.77188091209881748     
         491 -0.76943718390807292     
         492 -0.76817741609132029     
         493 -0.76829821485935090     
         494 -0.76983503936604814     
         495 -0.77265404576531194     
         496 -0.77646278480316289     
         497 -0.78085956472644680     
         498 -0.78543147033934091     
         499 -0.78985952772669599     
         500 -0.79393958472318971     
         501 -0.79748901411036544     
         502 -0.80025881497864593     
         503 -0.80197146332655234     
         504 -0.80243409933369325     
         505 -0.80160223642864126     
         506 -0.79955576474822965     
         507 -0.79642260519233499     
         508 -0.79230368994864009     
         509 -0.78726058283245559     
         510 -0.78140828066003776     
         511 -0.77506232319842849     
         512 -0.76878694745889065     
         513 -0.76322142096561552     
         514 -0.75880531575007737     
         515 -0.75568224055667932     
         516 -0.75381222764539590     
         517 -0.75309217215387669     
         518 -0.75341542519800531     
         519 -0.75469478591157502     
         520 -0.75683126571590320     
         521 -0.75965707355420808     
         522 -0.76292180588388803     
         523 -0.76632441869977541     
         524 -0.76954254375172293     
         525 -0.77224687629792932     
         526 -0.77412405473673007     
         527 -0.77492047197652814     
         528 -0.77449411987733541     
         529 -0.77286071457492023     
         530 -0.77022831379224288     
         531 -0.76700563542848188     
         532 -0.76375282400667377     
         533 -0.76104959679497175     
         534 -0.75930176866543331     
         535 -0.75858274699879280     
         536 -0.75863683961012285     
         537 -0.75907522761405422     
         538 -0.75964011577466206     
         539 -0.76034656342798035     
         540 -0.76140048328229348     
         541 -0.76296479204576595     
         542 -0.76497665131409287     
         543 -0.76715333674777009     
         544 -0.76913342938084994     
         545 -0.77062624628324849     
         546 -0.77149724697783717     
         547 -0.77177118047769988     
         548 -0.77156854476066272     
         549 -0.77101698746478875     
         550 -0.77019419423742297     
         551 -0.76915548631213848     
         552 -0.76805028474940251     
         553 -0.76723138742901209     
         554 -0.76720054389701875     
         555 -0.76834646540954787     
         556 -0.77066483192259061     
         557 -0.77370071619257630     
         558 -0.77671019629496407     
         559 -0.77886186920619183     
         560 -0.77938543935915505     
         561 -0.77772452243414991     
         562 -0.77379587162802232     
         563 -0.76831783453185920     
         564 -0.76280476899206373     
         565 -0.75875265459725372     
         566 -0.75663789093062395     
         567 -0.75598407729654449     
         568 -0.75610513751941943     
         569 -0.75644826397713416     
         570 -0.75657250613096882     
         571 -0.75614206577537102     
         572 -0.75497977097083457     
         573 -0.75309175902253167     
         574 -0.75063082662047942     
         575 -0.74782726535748334     
         576 -0.74492730372157734     
         577 -0.74215269000626360     
         578 -0.73966599265574628     
         579 -0.73753380566561133     
         580 -0.73571986824144020     
         581 -0.73415875464908942     
         582 -0.73289556705995773     
         583 -0.73216264535821718     
         584 -0.73225770440930438     
         585 -0.73332101283320528     
         586 -0.73528553435533550     
         587 -0.73803333488531586     
         588 -0.74151398295351656     
         589 -0.74568551335311717     
         590 -0.75037059969091635     
         591 -0.75519709454774808     
         592 -0.75970760257965464     
         593 -0.76355531761633921     
         594 -0.76661192587754956     
         595 -0.76889034746329388     
         596 -0.77036021599537907     
         597 -0.77083711565813828     
         598 -0.77005053042597538     
         599 -0.76782971436944369     
         600 -0.76428492082901933     
         601 -0.75991320817513941     
         602 -0.75557637980307424     
         603 -0.75227172228153771     
         604 -0.75071472405902095     
         605 -0.75098611829066086     
         606 -0.75254386662746009     
         607 -0.75462004920327819     
         608 -0.75671457318108792     
         609 -0.75882364038945094     
         610 -0.76123542790717336     
         611 -0.76412106748516784     
         612 -0.76734120170714992     
         613 -0.77055787303109580     
         614 -0.77341868848644446     
         615 -0.77566076357572777     
         616 -0.77713341177743345     
         617 -0.77777592738368195     
         618 -0.77760984469875405     
         619 -0.77680418592057765     
         620 -0.77576103982259292     
         621 -0.77500193473921830     
         622 -0.77478995514789073     
         623 -0.77492686852735648     
         624 -0.77504851110004158     
         625 -0.77499666080163454     
         626 -0.77485535355259993     
         627 -0.77478547361457339     
         628 -0.77489372337980333     
         629 -0.77517846262306100     
         630 -0.77552342877190983     
         631 -0.77574811952270462     
         632 -0.77570282878861174     
         633 -0.77535081240059578     
         634 -0.77479762802736440     
         635 -0.77425043388200299     
         636 -0.77390525673698940     
         637 -0.77384263174050028     
         638 -0.77405203460916661     
         639 -0.77453015932047131     
         640 -0.77526932308998875     
         641 -0.77616239754987382     
         642 -0.77702758053002219     
         643 -0.77776891055047548     
         644 -0.77848048890806509     
         645 -0.77938784661071392     
         646 -0.78067965536104900     
         647 -0.78232804288575386     
         648 -0.78402067389453667     
         649 -0.78530538673364847     
         650 -0.78585601093288504     
         651 -0.78565197285718225     
         652 -0.78497396686812204     
         653 -0.78423984866805152     
         654 -0.78377826268498807     
         655 -0.78369914771767168     
         656 -0.78395499224045262     
         657 -0.78449899866343953     
         658 -0.78536744917584478     
         659 -0.78661494649565300     
         660 -0.78818810630526603     
         661 -0.78988634201941932     
         662 -0.79145105349766831     
         663 -0.79268049222739723     
         664 -0.79347610328956930     
         665 -0.79382733863235611     
         666 -0.79378209540830857     
         667 -0.79342593271884587     
         668 -0.79287249205273114     
         669 -0.79225595500718182     
         670 -0.79170546604597991     
         671 -0.79128760605670112     
         672 -0.79093809129472992     
         673 -0.79044779016025168     
         674 -0.78957167102325287     
         675 -0.78821539485633096     
         676 -0.78651058987053835     
         677 -0.78468706661673049     
         678 -0.78289920026337279     
         679 -0.78120756781391176     
         680 -0.77971655083535230     
         681 -0.77870067603865134     
         682 -0.77856518530178531     
         683 -0.77963805807138409     
         684 -0.78197168308337239     
         685 -0.78533285547971488     
         686 -0.78933172085920178     
         687 -0.79351026833514515     
         688 -0.79735190162984149     
         689 -0.80032647942957258     
         690 -0.80204391699278010     
         691 -0.80244881583275318     
         692 -0.80191045934566529     
         693 -0.80108766764854189     
         694 -0.80059908844433914     
         695 -0.80073904145381958     
         696 -0.80146111484582871     
         697 -0.80255760681780719     
         698 -0.80379666943303307     
         699 -0.80491828112613151     
         700 -0.80558059014859817     
         701 -0.80538267401685937     
         702 -0.80399497273108400     
         703 -0.80133562659113755     
         704 -0.79769707541425205     
         705 -0.79372574939379803     
         706 -0.79019458280472599     
         707 -0.78765850782158031     
         708 -0.78625162064041720     
         709 -0.78578037021421854     
         710 -0.78597440489449999     
         711 -0.78667069820160240     
         712 -0.78784567909243808     
         713 -0.78955784684271568     
         714 -0.79189540691801175     
         715 -0.79490975249830254     
         716 -0.79843649935136174     
         717 -0.80193367945805016     
         718 -0.80463976572429097     
         719 -0.80598813235476452     
         720 -0.80589921293755673     
         721 -0.80475400650532336     
         722 -0.80312579862832267     
         723 -0.80149293349716255     
         724 -0.80013400976577609     
         725 -0.79919264563974357     
         726 -0.79875376311338908     
         727 -0.79885611103759102     
         728 -0.79947798960407634     
         729 -0.80052966365655409     
         730 -0.80184506488152452     
         731 -0.80317497426838813     
         732 -0.80421802216338534     
         733 -0.80470588211558858     
         734 -0.80450055208619153     
         735 -0.80362923401174458     
         736 -0.80222098247489204     
         737 -0.80039983369934453     
         738 -0.79824583465350418     
         739 -0.79587021915072920     
         740 -0.79351343424646059     
         741 -0.79152139993476167     
         742 -0.79016743084638474     
         743 -0.78946763579678592     
         744 -0.78917870950127433     
         745 -0.78899661375873575     
         746 -0.78879189845811759     
         747 -0.78868744927582002     
         748 -0.78888730616918568     
         749 -0.78939851381625237     
         750 -0.78995016707780796     
         751 -0.79019646226832563     
         752 -0.78998287487003516     
         753 -0.78948021847321104     
         754 -0.78915696741088670     
         755 -0.78960489703956982     
         756 -0.79125318553723689     
         757 -0.79412121083861531     
         758 -0.79780408192681518     
         759 -0.80169379582682054     
         760 -0.80524196676880833     
         761 -0.80809222913466483     
         762 -0.81006115558562475     
         763 -0.81106582161187712     
         764 -0.81109188959972967     
         765 -0.81019776452986270     
         766 -0.80850198069726098     
         767 -0.80614793326681966     
         768 -0.80328218758118686     
         769 -0.80006534626285741     
         770 -0.79670271597540110     
         771 -0.79346642080880059     
         772 -0.79067695333240640     
         773 -0.78862821810207950     
         774 -0.78749254748536235     
         775 -0.78727254741755004     
         776 -0.78781234009849521     
         777 -0.78882986443370839     
         778 -0.78996348905851177     
         779 -0.79084830431175934     
         780 -0.79119810113959721     
         781 -0.79085126094619607     
         782 -0.78978276840926642     
         783 -0.78811612656257746     
         784 -0.78612389599251609     
         785 -0.78415485687298725     
         786 -0.78248601406257434     
         787 -0.78123665589954472     
         788 -0.78045088174136812     
         789 -0.78019850672116997     
         790 -0.78050212345488801     
         791 -0.78120633268659745     
         792 -0.78203389065128670     
         793 -0.78279122120304423     
         794 -0.78348073283571928     
         795 -0.78422316151152904     
         796 -0.78510061993647406     
         797 -0.78605805979574672     
         798 -0.78690474729280846     
         799 -0.78737760473986762     
         800 -0.78722158523504326     
         801 -0.78626444210652957     
         802 -0.78447026104518636     
         803 -0.78195193290496168     
         804 -0.77891401590017817     
         805 -0.77550988907316853     
         806 -0.77171052783982830     
         807 -0.76738545252781865     
         808 -0.76264006812985263     
         809 -0.75814585459330941     
         810 -0.75506408995767094     
         811 -0.75435089036353498     
         812 -0.75591680051493659     
         813 -0.75863595699930653     
         814 -0.76124962449831735     
         815 -0.76312146653559521     
         816 -0.76428244637096965     
         817 -0.76503828020313080     
         818 -0.76558525801756583     
         819 -0.76588898799051097     
         820 -0.76582572166201146     
         821 -0.76542766439373233     
         822 -0.76506655320468808     
         823 -0.76543080941239539     
         824 -0.76721425072489424     
         825 -0.77067536013591076     
         826 -0.77543889925362153     
         827 -0.78071354156113637     
         828 -0.78568895706765773     
         829 -0.78978784745891484     
         830 -0.79270264468042029     
         831 -0.79434974660733748     
         832 -0.79484596702707833     
         833 -0.79448875907380800     
         834 -0.79367302349464641     
         835 -0.79275082365309568     
         836 -0.79193964234764591     
         837 -0.79135385382811163     
         838 -0.79107979944474405     
         839 -0.79116916576634511     
         840 -0.79155976613901979     
         841 -0.79204607434904750     
         842 -0.79235820833732318     
         843 -0.79228504323809712     
         844 -0.79175789022693044     
         845 -0.79087169650662326     
         846 -0.78984426230935223     
         847 -0.78891072322836076     
         848 -0.78820759391216721     
         849 -0.78775656937410066     
         850 -0.78756670024277076     
         851 -0.78772448612438239     
         852 -0.78835573390493574     
         853 -0.78948812054765560     
         854 -0.79094863594318066     
         855 -0.79239062600999954     
         856 -0.79341734025178301     
         857 -0.79370629117217351     
         858 -0.79307614564465134     
         859 -0.79149197746039401     
         860 -0.78902697655497755     
         861 -0.78581766840595790     
         862 -0.78204864940975360     
         863 -0.77796807513570077     
         864 -0.77389936385724967     
         865 -0.77020002947546284     
         866 -0.76713185990294130     
         867 -0.76475306294413503     
         868 -0.76308028066021372     
         869 -0.76245352801021138     
         870 -0.76355409449420075     
         871 -0.76677349604041267     
         872 -0.77162618488023160     
         873 -0.77704400566353649     
         874 -0.78211691969192954     
         875 -0.78642408404637454     
         876 -0.78991150151777201     
         877 -0.79266272357602952     
         878 -0.79474723641019196     
         879 -0.79617307515236668     
         880 -0.79692253818027614     
         881 -0.79702773444565034     
         882 -0.79662876683734252     
         883 -0.79597716471693336     
         884 -0.79538169515228774     
         885 -0.79511614254472185     
         886 -0.79532369667960323     
         887 -0.79596297257110848     
         888 -0.79683023847153800     
         889 -0.79765433019108700     
         890 -0.79821165379810688     
         891 -0.79840001196825072     
         892 -0.79825251807836195     
         893 -0.79791362986167813     
         894 -0.79759216276648914     
         895 -0.79748314278868548     
         896 -0.79766281547801832     
         897 -0.79801013111577512     
         898 -0.79823392040671337     
         899 -0.79800259554433073     
         900 -0.79706835663957087     
         901 -0.79531543601781896     
         902 -0.79276115827751326     
         903 -0.78955323166099545     
         904 -0.78596665767311580     
         905 -0.78236984134112664     
         906 -0.77912235470549196     
         907 -0.77643091595967784     
         908 -0.77428833086199977     
         909 -0.77257691089987490     
         910 -0.77123719493469256     
         911 -0.77034648158023589     
         912 -0.77007551989405787     
         913 -0.77059361494957557     
         914 -0.77198760722665094     
         915 -0.77421806531496284     
         916 -0.77711272912851137     
         917 -0.78039058279835438     
         918 -0.78370632204492197     
         919 -0.78670272926046181     
         920 -0.78906476319695606     
         921 -0.79057241039923987     
         922 -0.79114349348898771     
         923 -0.79085010379165810     
         924 -0.78989385980094806     
         925 -0.78854206453420606     
         926 -0.78704443514900446     
         927 -0.78556459570967874     
         928 -0.78415520042865061     
         929 -0.78277909511219668     
         930 -0.78135711739129365     
         931 -0.77982157406048747     
         932 -0.77816529101803644     
         933 -0.77648644052043247     
         934 -0.77502216343624386     
         935 -0.77411763045207871     
         936 -0.77405500504787739     
         937 -0.77481503905876126     
         938 -0.77602847689349330     
         939 -0.77720080535875102     
         940 -0.77797644907267427     
         941 -0.77824594831338567     
         942 -0.77811120292932356     
         943 -0.77778048774572006     
         944 -0.77743201624856162     
         945 -0.77709511868790870     
         946 -0.77662657150596004     
         947 -0.77582113186013624     
         948 -0.77458999615453483     
         949 -0.77307929066034886     
         950 -0.77163939479569976     
         951 -0.77065494636027942     
         952 -0.77034790442599865     
         953 -0.77070130620420862     
         954 -0.77155302859819985     
         955 -0.77275421532127597     
         956 -0.77424864048326913     
         957 -0.77602782094530331     
         958 -0.77802745612923796     
         959 -0.78005834212629876     
         960 -0.78182114161818994     
         961 -0.78300013296033866     
         962 -0.78339160930492713     
         963 -0.78299782888357516     
         964 -0.78203094556499830     
         965 -0.78081962331062371     
         966 -0.77966689054224669     
         967 -0.77873860388172467     
         968 -0.77805102504278556     
         969 -0.77755369595378931     
         970 -0.77720775029103129     
         971 -0.77696534805537087     
         972 -0.77669702078652525     
         973 -0.77620298967313439     
         974 -0.77532400572415838     
         975 -0.77403596443580536     
         976 -0.77245662718239183     
         977 -0.77079141836353970     
         978 -0.76927122170177109     
         979 -0.76810986035686535     
         980 -0.76747876160367257     
         981 -0.76748479603465958     
         982 -0.76814893229167136     
         983 -0.76940004268942519     
         984 -0.77109660041470218     
         985 -0.77307059513889209     
         986 -0.77517429310028274     
         987 -0.77731306261303834     
         988 -0.77945713433126063     
         989 -0.78161850529180654     
         990 -0.78377533632122753     
         991 -0.78577391339194669     
         992 -0.78732318419238323     
         993 -0.78817532782454436     
         994 -0.78836878647422659     
         995 -0.78820480223032874     
         996 -0.78786402948987710     
         997 -0.78715608566376294     
         998 -0.78577852520998159     
         999 -0.78369132078302506     
        1000 -0.78117154258554500     
        1001 -0.77860693042592055     
        1002 -0.77626929779768306     
        1003 -0.77424290506335536     
        1004 -0.77253814348094485     
        1005 -0.77124282538297884     
        1006 -0.77052987671323903     
        1007 -0.77049939470535844     
        1008 -0.77100913315997099     
        1009 -0.77167494868093378     
        1010 -0.77205589235493666     
        1011 -0.77185996047900352     
        1012 -0.77103211003050798     
        1013 -0.76972764932678461     
        1014 -0.76823168522544993     
        1015 -0.76685274537558035     
        1016 -0.76581600491684287     
        1017 -0.76521135202639556     
        1018 -0.76502553025732678     
        1019 -0.76522398519518953     
        1020 -0.76583592606161044     
        1021 -0.76700111244715452     
        1022 -0.76891514715975962     
        1023 -0.77165419750625097     
        1024 -0.77500681608240818     
        1025 -0.77850063309801187     
        1026 -0.78162341959304604     
        1027 -0.78403394149312888     
        1028 -0.78561274144548088     
        1029 -0.78639630742624533     
        1030 -0.78652036068956699     
        1031 -0.78622008654687958     
        1032 -0.78581322915078067     
        1033 -0.78558014694863454     
        1034 -0.78560220352299792     
        1035 -0.78572981120072283     
        1036 -0.78571689479095030     
        1037 -0.78537614031360092     
        1038 -0.78464521851139157     
        1039 -0.78358075655669845     
        1040 -0.78233517049551304     
        1041 -0.78113432753621603     
        1042 -0.78023820901365626     
        1043 -0.77987644258775746     
        1044 -0.78018679788507828     
        1045 -0.78119287610712573     
        1046 -0.78280853163330399     
        1047 -0.78482470409401439     
        1048 -0.78689227807101803     
        1049 -0.78857929938846771     
        1050 -0.78951801734381744     
        1051 -0.78954489090590285     
        1052 -0.78874136469289147     
        1053 -0.78736291951241677     
        1054 -0.78570948659859940     
        1055 -0.78401607998365075     
        1056 -0.78241708858713788     
        1057 -0.78097097361838352     
        1058 -0.77970377668054491     
        1059 -0.77864459252271800     
        1060 -0.77783354893249002     
        1061 -0.77729255656991403     
        1062 -0.77697518267461962     
        1063 -0.77672604653627986     
        1064 -0.77627987947648880     
        1065 -0.77532249664522035     
        1066 -0.77360901522907899     
        1067 -0.77109485479237805     
        1068 -0.76801689979442445     
        1069 -0.76487986723531964     
        1070 -0.76233837301349794     
        1071 -0.76100394957552675     
        1072 -0.76123648180227466     
        1073 -0.76299985127830383     
        1074 -0.76585201740340381     
        1075 -0.76909705812952378     
        1076 -0.77205305976663396     
        1077 -0.77431957675077911     
        1078 -0.77590937493580103     
        1079 -0.77716352490877183     
        1080 -0.77848779924723688     
        1081 -0.78007693685095525     
        1082 -0.78181716255883604     
        1083 -0.78342123261357000     
        1084 -0.78466075900973686     
        1085 -0.78551059036468407     
        1086 -0.78612514461033467     
        1087 -0.78669520393875125     
        1088 -0.78729808334623297     
        1089 -0.78784195444676131     
        1090 -0.78812742866088370     
        1091 -0.78796656366052276     
        1092 -0.78728248026733461     
        1093 -0.78615148662122081     
        1094 -0.78478635002185970     
        1095 -0.78347320139954513     
        1096 -0.78248435203588973     
        1097 -0.78200395175928239     
        1098 -0.78210482625837752     
        1099 -0.78278228806305894     
        1100 -0.78400126922140778     
        1101 -0.78569808427735843     
        1102 -0.78772946797830579     
        1103 -0.78982942926678767     
        1104 -0.79163199338103130     
        1105 -0.79275322481558064     
        1106 -0.79288398012421457     
        1107 -0.79185858850079505     
        1108 -0.78969068292238420     
        1109 -0.78658365666557051     
        1110 -0.78292296585901189     
        1111 -0.77923682660360505     
        1112 -0.77609157877109280     
        1113 -0.77392063465284433     
        1114 -0.77287819474252772     
        1115 -0.77282081341250286     
        1116 -0.77340756052247628     
        1117 -0.77423619131317312     
        1118 -0.77495049161616447     
        1119 -0.77527968358282717     
        1120 -0.77501252520065289     
        1121 -0.77396441828772289     
        1122 -0.77200604256056071     
        1123 -0.76916828754752775     
        1124 -0.76575687959458349     
        1125 -0.76237219838462422     
        1126 -0.75977341028109369     
        1127 -0.75861515881006170     
        1128 -0.75917942449150355     
        1129 -0.76127964445335183     
        1130 -0.76441549623315008     
        1131 -0.76804872579684602     
        1132 -0.77179965717026022     
        1133 -0.77548261402603302     
        1134 -0.77903034733057575     
        1135 -0.78239857599462903     
        1136 -0.78551652663829519     
        1137 -0.78830001071485256     
        1138 -0.79069620885263403     
        1139 -0.79271278771267584     
        1140 -0.79440448992268076     
        1141 -0.79583021473540405     
        1142 -0.79701985816297760     
        1143 -0.79797907269804536     
        1144 -0.79872802379712526     
        1145 -0.79934979116608607     
        1146 -0.80001881822031284     
        1147 -0.80096443911926296     
        1148 -0.80233066014209997     
        1149 -0.80400410260292454     
        1150 -0.80558685226445581     
        1151 -0.80655942729819197     
        1152 -0.80647390688570342     
        1153 -0.80504974357373693     
        1154 -0.80220079771539110     
        1155 -0.79807421280235147     
        1156 -0.79312416781206985     
        1157 -0.78814214942454486     
        1158 -0.78410065387831474     
        1159 -0.78177865801619906     
        1160 -0.78140247988446743     
        1161 -0.78262058051916972     
        1162 -0.78480758741203094     
        1163 -0.78735452019406860     
        1164 -0.78974836560572692     
        1165 -0.79160197058812021     
        1166 -0.79275113378249185     
        1167 -0.79328019615710776     
        1168 -0.79340050955726427     
        1169 -0.79329627866537278     
        1170 -0.79304989153767125     
        1171 -0.79267200871498067     
        1172 -0.79220367826998594     
        1173 -0.79179920081285793     
        1174 -0.79167834424946071     
        1175 -0.79194465482077592     
        1176 -0.79244489300768139     
        1177 -0.79284196512652383     
        1178 -0.79283815153013049     
        1179 -0.79233620488162559     
        1180 -0.79142725876531728     
        1181 -0.79025972521903143     
        1182 -0.78892116870194051     
        1183 -0.78742859933473675     
        1184 -0.78581626135692850     
        1185 -0.78423032221876032     
        1186 -0.78293903608965743     
        1187 -0.78224815737095132     
        1188 -0.78240026273690977     
        1189 -0.78353457428416429     
        1190 -0.78567962548688541     
        1191 -0.78870391078595292     
        1192 -0.79226652236555106     
        1193 -0.79589368947273431     
        1194 -0.79917558067827155     
        1195 -0.80193121132135592     
        1196 -0.80423471629337573     
        1197 -0.80631220302579820     
        1198 -0.80837894770065954     
        1199 -0.81050419139774166     
        1200 -0.81256999084284232     
        1201 -0.81432433022319917     
        1202 -0.81547645048330530     
        1203 -0.81578841141890190     
        1204 -0.81513663644376655     
        1205 -0.81352684075782844     
        1206 -0.81105987532856227     
        1207 -0.80787245189616796     
        1208 -0.80409262396717618     
        1209 -0.79984377350625169     
        1210 -0.79530106907959364     
        1211 -0.79076153194812282     
        1212 -0.78666280399953403     
        1213 -0.78351151782085160     
        1214 -0.78174000823780165     
        1215 -0.78155019793724445     
        1216 -0.78283437304591519     
        1217 -0.78525520621754064     
        1218 -0.78844566969995611     
        1219 -0.79216379006009185     
        1220 -0.79629057691063598     
        1221 -0.80072088454777746     
        1222 -0.80527479469585572     
        1223 -0.80970668323802930     
        1224 -0.81379162423478357     
        1225 -0.81740760296958026     
        1226 -0.82054748870568228     
        1227 -0.82325372240657779     
        1228 -0.82553340670051323     
        1229 -0.82733020988377048     
        1230 -0.82857406550979784     
        1231 -0.82923904003860571     
        1232 -0.82932976725122420     
        1233 -0.82881477675161197     
        1234 -0.82759172878272858     
        1235 -0.82552938388753283     
        1236 -0.82255961411104117     
        1237 -0.81877032637388436     
        1238 -0.81445490466914539     
        1239 -0.81008096139730235     
        1240 -0.80617410575202664     
        1241 -0.80318197975998962     
        1242 -0.80141894539358949     
        1243 -0.80109822734333680     
        1244 -0.80232234157121340     
        1245 -0.80496425071395317     
        1246 -0.80859424843364225     
        1247 -0.81260377934704731     
        1248 -0.81642431444051211     
        1249 -0.81965664333212485     
        1250 -0.82208041208855775     
        1251 -0.82363282868784737     
        1252 -0.82440964568842423     
        1253 -0.82464966189816225     
        1254 -0.82465039178179111     
        1255 -0.82463966740660111     
        1256 -0.82468632861058611     
        1257 -0.82470015102080296     
        1258 -0.82450224126705662     
        1259 -0.82391511593784605     
        1260 -0.82283145559292004     
        1261 -0.82123620756670690     
        1262 -0.81916661430209325     
        1263 -0.81664475869011954     
        1264 -0.81367416963477868     
        1265 -0.81033957641974896     
        1266 -0.80693265558491800     
        1267 -0.80398918066168445     
        1268 -0.80211910719470847     
        1269 -0.80158512423948025     
        1270 -0.80191887529298445     
        1271 -0.80203248829302132     
        1272 -0.80079329776916452     
        1273 -0.79763369652400939     
        1274 -0.79299562977178517     
        1275 -0.78844173560601305     
        1276 -0.78584317897554867     
        1277 -0.78586119706980773     
        1278 -0.78766513330565691     
        1279 -0.79016177266194276     
        1280 -0.79281067983629105     
        1281 -0.79552647415699440     
        1282 -0.79833548887873385     
        1283 -0.80115698559935589     
        1284 -0.80377284834600127     
        1285 -0.80594646118362134     
        1286 -0.80757322032561263     
        1287 -0.80873986448872426     
        1288 -0.80966333817884661     
        1289 -0.81056137420212726     
        1290 -0.81152863704838363     
        1291 -0.81251167832683069     
        1292 -0.81339727068227741     
        1293 -0.81407999211861859     
        1294 -0.81444509440016388     
        1295 -0.81437411879658694     
        1296 -0.81383322365612520     
        1297 -0.81295345956675613     
        1298 -0.81201358598938655     
        1299 -0.81133273393534633     
        1300 -0.81112250913228290     
        1301 -0.81135519572772863     
        1302 -0.81173910668405280     
        1303 -0.81186385020739060     
        1304 -0.81143615169515049     
        1305 -0.81043617444635929     
        1306 -0.80910079486830166     
        1307 -0.80777668378011791     
        1308 -0.80675993158423787     
        1309 -0.80621987682447338     
        1310 -0.80622531284066445     
        1311 -0.80681247519048815     
        1312 -0.80801021258894601     
        1313 -0.80978575567726485     
        1314 -0.81196397896106809     
        1315 -0.81421146422697632     
        1316 -0.81612878561174340     
        1317 -0.81740669393778442     
        1318 -0.81796029641305512     
        1319 -0.81798432552248268     
        1320 -0.81792105899868517     
        1321 -0.81833717154052099     
        1322 -0.81970133903364240     
        1323 -0.82212848974140840     
        1324 -0.82526252459300287     
        1325 -0.82841835188477453     
        1326 -0.83088730216729967     
        1327 -0.83219880215433861     
        1328 -0.83223344136345001     
        1329 -0.83120041470654116     
        1330 -0.82950229501080375     
        1331 -0.82751993207373076     
        1332 -0.82544167659208412     
        1333 -0.82327721180651459     
        1334 -0.82102407314228110     
        1335 -0.81880526888485661     
        1336 -0.81684894622416604     
        1337 -0.81534507324810068     
        1338 -0.81433824474269156     
        1339 -0.81376026373134680     
        1340 -0.81351319681356327     
        1341 -0.81349120238615580     
        1342 -0.81358381638654287     
        1343 -0.81372094251035243     
        1344 -0.81391879014627311     
        1345 -0.81427937185814658     
        1346 -0.81494892223451887     
        1347 -0.81605100375487583     
        1348 -0.81760660168194477     
        1349 -0.81948234618508697     
        1350 -0.82143417875051838     
        1351 -0.82325660392334887     
        1352 -0.82490620228528733     
        1353 -0.82641393987355016     
        1354 -0.82766044156396057     
        1355 -0.82837135823485919     
        1356 -0.82840533319512677     
        1357 -0.82797542704911986     
        1358 -0.82756630457993685     
        1359 -0.82763189735071596     
        1360 -0.82830578912269603     
        1361 -0.82934317529913482     
        1362 -0.83030157919133885     
        1363 -0.83076072750715269     
        1364 -0.83044538295000225     
        1365 -0.82927702278576110     
        1366 -0.82740961253030387     
        1367 -0.82524135427242318     
        1368 -0.82334889674792477     
        1369 -0.82229536287192195     
        1370 -0.82236795740526625     
        1371 -0.82345126277936420     
        1372 -0.82515619284810360     
        1373 -0.82704462387635624     
        1374 -0.82875273162973917     
        1375 -0.82999749793837940     
        1376 -0.83054803235890906     
        1377 -0.83021824877687822     
        1378 -0.82889644820660358     
        1379 -0.82660415502009577     
        1380 -0.82355268717903751     
        1381 -0.82013459845339576     
        1382 -0.81680937409360066     
        1383 -0.81394236532668340     
        1384 -0.81170835655818407     
        1385 -0.81008768345793059     
        1386 -0.80890891381103602     
        1387 -0.80792318249092232     
        1388 -0.80692173444141413     
        1389 -0.80589016452474815     
        1390 -0.80514064737650615     
        1391 -0.80525878409869944     
        1392 -0.80675328257607704     
        1393 -0.80970963172040211     
        1394 -0.81381657163791232     
        1395 -0.81855671003479347     
        1396 -0.82329598739493426     
        1397 -0.82739760873443091     
        1398 -0.83039599874739101     
        1399 -0.83207172272073038     
        1400 -0.83238468108441865     
        1401 -0.83136615228121558     
        1402 -0.82906133667329640     
        1403 -0.82554281080139935     
        1404 -0.82096743575276288     
        1405 -0.81564064260458369     
        1406 -0.81005764614761544     
        1407 -0.80488344871463491     
        1408 -0.80082765761652563     
        1409 -0.79841584804124333     
        1410 -0.79776692113380199     
        1411 -0.79854793258780521     
        1412 -0.80016718476457271     
        1413 -0.80206368666157879     
        1414 -0.80388992516119584     
        1415 -0.80552120762318835     
        1416 -0.80697064964076493     
        1417 -0.80831225698173204     
        1418 -0.80965035900227900     
        1419 -0.81110485088606765     
        1420 -0.81276072549944500     
        1421 -0.81458618645419656     
        1422 -0.81640474378845251     
        1423 -0.81798357873840133     
        1424 -0.81918269178252678     
        1425 -0.82004748007949002     
        1426 -0.82076956185581551     
        1427 -0.82152975369581127     
        1428 -0.82233143685143539     
        1429 -0.82296088072837015     
        1430 -0.82310290294758948     
        1431 -0.82250892187629021     
        1432 -0.82110208511053751     
        1433 -0.81898927130318233     
        1434 -0.81642320072889518     
        1435 -0.81375839815661599     
        1436 -0.81139193230408191     
        1437 -0.80965434333147768     
        1438 -0.80867236494759953     
        1439 -0.80829793194030575     
        1440 -0.80817551631580808     
        1441 -0.80792698247349726     
        1442 -0.80736432250132251     
        1443 -0.80660325123591881     
        1444 -0.80594362783706397     
        1445 -0.80555214493066996     
        1446 -0.80526839055401633     
        1447 -0.80478093087044655     
        1448 -0.80395117906887081     
        1449 -0.80292434006618507     
        1450 -0.80199339321807073     
        1451 -0.80141586760401484     
        1452 -0.80131057622737945     
        1453 -0.80162896131476791     
        1454 -0.80217520960903799     
        1455 -0.80267976084000769     
        1456 -0.80292686309943562     
        1457 -0.80289997567833316     
        1458 -0.80285346459383067     
        1459 -0.80317614776966972     
        1460 -0.80405424349608878     
        1461 -0.80526306815916604     
        1462 -0.80635722580568592     
        1463 -0.80702577289713806     
        1464 -0.80726327420426125     
        1465 -0.80731425036068927     
        1466 -0.80750755711149302     
        1467 -0.80808046866377459     
        1468 -0.80908044395195622     
        1469 -0.81039391275416062     
        1470 -0.81185694200263248     
        1471 -0.81334464358111391     
        1472 -0.81478407227708183     
        1473 -0.81611980616435331     
        1474 -0.81729292728469771     
        1475 -0.81825171795248985     
        1476 -0.81896836698114539     
        1477 -0.81943167860288091     
        1478 -0.81961790532633827     
        1479 -0.81947514786707421     
        1480 -0.81895174240723678     
        1481 -0.81806076849133103     
        1482 -0.81694216604989800     
        1483 -0.81587103040969988     
        1484 -0.81517394790923270     
        1485 -0.81507715433426453     
        1486 -0.81558303028643320     
        1487 -0.81646757717829144     
        1488 -0.81740098627767022     
        1489 -0.81810009000638073     
        1490 -0.81840284279312503     
        1491 -0.81822733229054034     
        1492 -0.81748548866114423     
        1493 -0.81606584358053236     
        1494 -0.81391440427285022     
        1495 -0.81112234597918620     
        1496 -0.80792334802205712     
        1497 -0.80460065493539923     
        1498 -0.80137036851759558     
        1499 -0.79829407868238278     
        1500 -0.79524809724455847     
        1501 -0.79196982298469998     
        1502 -0.78818747684528012     
        1503 -0.78378971234638128     
        1504 -0.77895247338837204     
        1505 -0.77416195386093611     
        1506 -0.77012957052748221     
        1507 -0.76759582448600350     
        1508 -0.76702012520284357     
        1509 -0.76833632353680226     
        1510 -0.77105225840951130     
        1511 -0.77460187478671505     
        1512 -0.77858509492230887     
        1513 -0.78278096096336303     
        1514 -0.78706826212898595     
        1515 -0.79136629335802411     
        1516 -0.79561622396757758     
        1517 -0.79976238597669924     
        1518 -0.80367935490984133     
        1519 -0.80708324854822133     
        1520 -0.80957151134559691     
        1521 -0.81082390222717837     
        1522 -0.81077529947656979     
        1523 -0.80959111942941930     
        1524 -0.80750356338782026     
        1525 -0.80469494509242578     
        1526 -0.80132071885268341     
        1527 -0.79759362829334346     
        1528 -0.79380488273890393     
        1529 -0.79024959866243638     
        1530 -0.78713827382305790     
        1531 -0.78459755521190977     
        1532 -0.78276181699510827     
        1533 -0.78182568971859800     
        1534 -0.78191890218521265     
        1535 -0.78286786831425059     
        1536 -0.78413941046920110     
        1537 -0.78511676430670363     
        1538 -0.78546904145744234     
        1539 -0.78532602992539502     
        1540 -0.78517043998755776     
        1541 -0.78548322056812836     
        1542 -0.78636904086846615     
        1543 -0.78751755472906415     
        1544 -0.78850759694684747     
        1545 -0.78908996373220075     
        1546 -0.78924570662695437     
        1547 -0.78910193430125164     
        1548 -0.78882598907224222     
        1549 -0.78854897817889236     
        1550 -0.78833795346019830     
        1551 -0.78821257474884387     
        1552 -0.78815667250588894     
        1553 -0.78808611099187054     
        1554 -0.78783235226499992     
        1555 -0.78724039717124572     
        1556 -0.78635631209690815     
        1557 -0.78554216818558664     
        1558 -0.78536958976283200     
        1559 -0.78630441827026976     
        1560 -0.78839103854532244     
        1561 -0.79118438871383179     
        1562 -0.79396916678918528     
        1563 -0.79607887108595909     
        1564 -0.79711583617378290     
        1565 -0.79701226364308975     
        1566 -0.79597051064594604     
        1567 -0.79434068507112510     
        1568 -0.79248981514674977     
        1569 -0.79070835200600886     
        1570 -0.78916662594358222     
        1571 -0.78790054408932808     
        1572 -0.78682962082831442     
        1573 -0.78583661558714724     
        1574 -0.78489462938258447     
        1575 -0.78416771768450433     
        1576 -0.78400625582015615     
        1577 -0.78479065857414987     
        1578 -0.78669365713683914     
        1579 -0.78955479773105275     
        1580 -0.79291772830305596     
        1581 -0.79613528801955347     
        1582 -0.79855787217888508     
        1583 -0.79977266763545252     
        1584 -0.79970332763640362     
        1585 -0.79849216407840840     
        1586 -0.79632795830579495     
        1587 -0.79341289377100555     
        1588 -0.79003464490539255     
        1589 -0.78655811435180645     
        1590 -0.78329190332311416     
        1591 -0.78036893721249878     
        1592 -0.77777853583816581     
        1593 -0.77555645965040121     
        1594 -0.77398427061531549     
        1595 -0.77351665647062984     
        1596 -0.77431346057830297     
        1597 -0.77583278520069754     
        1598 -0.77705995740946154     
        1599 -0.77712848906412191     
        1600 -0.77571710771428104     
        1601 -0.77309397185024931     
        1602 -0.77000387963913175     
        1603 -0.76752034521718304     
        1604 -0.76682034966515511     
        1605 -0.76876761412736661     
        1606 -0.77340284970571904     
        1607 -0.77981418275573888     
        1608 -0.78667329446921574     
        1609 -0.79296554879396264     
        1610 -0.79827008143816680     
        1611 -0.80253999881312499     
        1612 -0.80577546167428149     
        1613 -0.80788197579271648     
        1614 -0.80874122934334569     
        1615 -0.80837535408993899     
        1616 -0.80703593719482525     
        1617 -0.80512272479674429     
        1618 -0.80298829609201405     
        1619 -0.80078017191479056     
        1620 -0.79843868249190697     
        1621 -0.79583605615951880     
        1622 -0.79293584220695001     
        1623 -0.78985053886623857     
        1624 -0.78676192209995899     
        1625 -0.78380927302451464     
        1626 -0.78110377935737574     
        1627 -0.77886172865558034     
        1628 -0.77746512497322506     
        1629 -0.77731621804377826     
        1630 -0.77857892031320408     
        1631 -0.78104803866171724     
        1632 -0.78426749238927895     
        1633 -0.78775748555219516     
        1634 -0.79114761382435439     
        1635 -0.79418454806052297     
        1636 -0.79670828199824095     
        1637 -0.79864306573389421     
        1638 -0.79997209299759708     
        1639 -0.80068816782823304     
        1640 -0.80076235131190288     
        1641 -0.80014691895148660     
        1642 -0.79878470502202803     
        1643 -0.79660459797763861     
        1644 -0.79352599860318485     
        1645 -0.78951843718582193     
        1646 -0.78473735504766096     
        1647 -0.77968144628581837     
        1648 -0.77521763035885083     
        1649 -0.77234622569209843     
        1650 -0.77181482210315100     
        1651 -0.77382883066692154     
        1652 -0.77796899824290644     
        1653 -0.78333607603588229     
        1654 -0.78889809348888262     
        1655 -0.79385141385586933     
        1656 -0.79777992034166223     
        1657 -0.80058830137821912     
        1658 -0.80233995338440800     
        1659 -0.80313207975755141     
        1660 -0.80306168136975331     
        1661 -0.80226200699266692     
        1662 -0.80095509986606839     
        1663 -0.79945605469408287     
        1664 -0.79807413284641970     
        1665 -0.79694472027975283     
        1666 -0.79597729724087096     
        1667 -0.79504022082600689     
        1668 -0.79415356088628997     
        1669 -0.79338732592879524     
        1670 -0.79263369978900988     
        1671 -0.79165645998892131     
        1672 -0.79035972979050351     
        1673 -0.78890834081133920     
        1674 -0.78758374758008975     
        1675 -0.78655004682095886     
        1676 -0.78575348051970439     
        1677 -0.78503789710364280     
        1678 -0.78435058839939265     
        1679 -0.78381411392203992     
        1680 -0.78357810089507773     
        1681 -0.78362907524597780     
        1682 -0.78376632443754080     
        1683 -0.78371623874439778     
        1684 -0.78326079027849438     
        1685 -0.78233929000704960     
        1686 -0.78111527371547385     
        1687 -0.77997747197771317     
        1688 -0.77942321773647405     
        1689 -0.77983488053924377     
        1690 -0.78129039103167730     
        1691 -0.78355658759332913     
        1692 -0.78623171983480700     
        1693 -0.78887811264075136     
        1694 -0.79107641273756168     
        1695 -0.79246096331932558     
        1696 -0.79278392352648419     
        1697 -0.79198511778257141     
        1698 -0.79023203316398427     
        1699 -0.78792202193183580     
        1700 -0.78564293616292213     
        1701 -0.78406862413682654     
        1702 -0.78375930543118288     
        1703 -0.78489616889252467     
        1704 -0.78713206956111237     
        1705 -0.78976310704984642     
        1706 -0.79212391515620473     
        1707 -0.79387098563700009     
        1708 -0.79498332717693576     
        1709 -0.79558823989565675     
        1710 -0.79580680591211450     
        1711 -0.79572838442117488     
        1712 -0.79548212835653742     
        1713 -0.79528407046525607     
        1714 -0.79537137483032339     
        1715 -0.79586238654393293     
        1716 -0.79666971108596374     
        1717 -0.79753989906698852     
        1718 -0.79817809032676679     
        1719 -0.79836688780323239     
        1720 -0.79802175127144559     
        1721 -0.79718249230176597     
        1722 -0.79598553927247173     
        1723 -0.79466294566156070     
        1724 -0.79356119090133992     
        1725 -0.79311582463409447     
        1726 -0.79372930245596651     
        1727 -0.79559034654073069     
        1728 -0.79855385410151458     
        1729 -0.80217280146014913     
        1730 -0.80586141577128023     
        1731 -0.80908193976528253     
        1732 -0.81146039028114769     
        1733 -0.81281240707321500     
        1734 -0.81311176112316663     
        1735 -0.81244049715140487     
        1736 -0.81094665366680663     
        1737 -0.80882211244108104     
        1738 -0.80629154883447118     
        1739 -0.80359524760489176     
        1740 -0.80097410284841186     
        1741 -0.79867757086994662     
        1742 -0.79696717144245366     
        1743 -0.79605966568990272     
        1744 -0.79603518428754938     
        1745 -0.79680426883637523     
        1746 -0.79816086511322937     
        1747 -0.79986302849034308     
        1748 -0.80168863815541846     
        1749 -0.80345611544060924     
        1750 -0.80502542513704733     
        1751 -0.80629696454128053     
        1752 -0.80721725414069401     
        1753 -0.80778040837325238     
        1754 -0.80800545097723431     
        1755 -0.80788634070599141     
        1756 -0.80734644914818887     
        1757 -0.80624304604153840     
        1758 -0.80443494921881853     
        1759 -0.80188521604886509     
        1760 -0.79876475557693938     
        1761 -0.79551789306530596     
        1762 -0.79283122899378378     
        1763 -0.79145460062866679     
        1764 -0.79190320660174651     
        1765 -0.79419231579949878     
        1766 -0.79779024142436405     
        1767 -0.80183440930063432     
        1768 -0.80547455060761908     
        1769 -0.80815497330206720     
        1770 -0.80971867055906888     
        1771 -0.81032746384652676     
        1772 -0.81027762589702401     
        1773 -0.80979395753583616     
        1774 -0.80887947276351391     
        1775 -0.80733381889324074     
        1776 -0.80495906540219642     
        1777 -0.80178710731611058     
        1778 -0.79814158304369542     
        1779 -0.79450179982946079     
        1780 -0.79129910627476785     
        1781 -0.78881199403474089     
        1782 -0.78719841549392988     
        1783 -0.78657003744312537     
        1784 -0.78701249074495294     
        1785 -0.78854503962430411     
        1786 -0.79107649284770509     
        1787 -0.79440108494375616     
        1788 -0.79821738137292408     
        1789 -0.80213959968952608     
        1790 -0.80571839773763188     
        1791 -0.80851023740842098     
        1792 -0.81018365501256973     
        1793 -0.81060171921402846     
        1794 -0.80983845836049340     
        1795 -0.80813262760239546     
        1796 -0.80580623110574445     
        1797 -0.80317885398665934     
        1798 -0.80051158851498527     
        1799 -0.79800946036409259     
        1800 -0.79587750684555636     
        1801 -0.79437000464207885     
        1802 -0.79375253144277935     
        1803 -0.79416032610372289     
        1804 -0.79544958758310780     
        1805 -0.79718355148026820     
        1806 -0.79879893294216942     
        1807 -0.79983213868746217     
        1808 -0.80005926318216469     
        1809 -0.79951653248577281     
        1810 -0.79844466204524600     
        1811 -0.79719364433183770     
        1812 -0.79611070528172978     
        1813 -0.79544162576161537     
        1814 -0.79527616695542269     
        1815 -0.79555398829063495     
        1816 -0.79612471909171811     
        1817 -0.79683461041743275     
        1818 -0.79759679265492367     
        1819 -0.79841088499295121     
        1820 -0.79932946444744857     
        1821 -0.80039712847282896     
        1822 -0.80159504483766497     
        1823 -0.80281556865661707     
        1824 -0.80387983107951710     
        1825 -0.80458521804377092     
        1826 -0.80474118176312615     
        1827 -0.80417317619961048     
        1828 -0.80273320346851329     
        1829 -0.80035641824457626     
        1830 -0.79713668417334682     
        1831 -0.79335760331370131     
        1832 -0.78944154087996654     
        1833 -0.78582392424266634     
        1834 -0.78281188325662587     
        1835 -0.78051617678208207     
        1836 -0.77888954652325637     
        1837 -0.77781174213189264     
        1838 -0.77715633872892886     
        1839 -0.77683162246790138     
        1840 -0.77679622117970160     
        1841 -0.77704962474577899     
        1842 -0.77761493681642657     
        1843 -0.77852001088608702     
        1844 -0.77976579009360425     
        1845 -0.78128311953799678     
        1846 -0.78289801367519662     
        1847 -0.78432485570793220     
        1848 -0.78520679361776047     
        1849 -0.78522599367688140     
        1850 -0.78426235947862910     
        1851 -0.78250762706615185     
        1852 -0.78044144980494490     
        1853 -0.77866874731768232     
        1854 -0.77770845673199762     
        1855 -0.77783307126254053     
        1856 -0.77901215661824286     
        1857 -0.78097000039123310     
        1858 -0.78332860938684357     
        1859 -0.78576579380671496     
        1860 -0.78811643847550716     
        1861 -0.79039306738967752     
        1862 -0.79273822203517175     
        1863 -0.79532516962221733     
        1864 -0.79822729412007187     
        1865 -0.80131304494419231     
        1866 -0.80424068805280435     
        1867 -0.80657041027344356     
        1868 -0.80792880329361305     
        1869 -0.80813665396707779     
        1870 -0.80724621181342193     
        1871 -0.80548690645314447     
        1872 -0.80316548312318059     
        1873 -0.80057878079771361     
        1874 -0.79796867207633471     
        1875 -0.79550926571127656     
        1876 -0.79329783729904535     
        1877 -0.79133773576565802     
        1878 -0.78953150117261583     
        1879 -0.78771629621979811     
        1880 -0.78575584976997825     
        1881 -0.78366041313520274     
        1882 -0.78164667043874270     
        1883 -0.78002961399723136     
        1884 -0.77896242530760962     
        1885 -0.77826010597164730     
        1886 -0.77753455877400446     
        1887 -0.77653319992047098     
        1888 -0.77537016727061780     
        1889 -0.77449155754746057     
        1890 -0.77441904715023013     
        1891 -0.77541576450835492     
        1892 -0.77727471583424668     
        1893 -0.77938603235692461     
        1894 -0.78102911719075285     
        1895 -0.78166178572166811     
        1896 -0.78104966687244304     
        1897 -0.77925866360953377     
        1898 -0.77660795524395076     
        1899 -0.77362215933635003     
        1900 -0.77093275934904171     
        1901 -0.76908610277931733     
        1902 -0.76834060416746519     
        1903 -0.76859643428444568     
        1904 -0.76947667749795789     
        1905 -0.77046466847405592     
        1906 -0.77103887707696117     
        1907 -0.77079955922752197     
        1908 -0.76957805990597938     
        1909 -0.76750254688199193     
        1910 -0.76498943747906267     
        1911 -0.76264244713960649     
        1912 -0.76107825902045345     
        1913 -0.76073454908536686     
        1914 -0.76171581818558920     
        1915 -0.76372063226531817     
        1916 -0.76610914257418650     
        1917 -0.76813704164903229     
        1918 -0.76926494565384185     
        1919 -0.76937404035304280     
        1920 -0.76876750743907152     
        1921 -0.76796091520730680     
        1922 -0.76739897968579218     
        1923 -0.76729375974535463     
        1924 -0.76766521261379173     
        1925 -0.76849064701676473     
        1926 -0.76982127130943900     
        1927 -0.77179449757393737     
        1928 -0.77453964969970468     
        1929 -0.77802845045428815     
        1930 -0.78198575728894715     
        1931 -0.78596162961064076     
        1932 -0.78952875729088046     
        1933 -0.79247019043937161     
        1934 -0.79486545423653543     
        1935 -0.79702876143825030     
        1936 -0.79926548807934739     
        1937 -0.80156986123161522     
        1938 -0.80356217164857380     
        1939 -0.80474526926946788     
        1940 -0.80480415155712870     
        1941 -0.80373784441111851     
        1942 -0.80185152670868987     
        1943 -0.79967197333627416     
        1944 -0.79778465444196456     
        1945 -0.79661708975240586     
        1946 -0.79628395480733771     
        1947 -0.79659409117010782     
        1948 -0.79718818335316788     
        1949 -0.79770493241761176     
        1950 -0.79789897664853182     
        1951 -0.79767604227188504     
        1952 -0.79705638720414484     
        1953 -0.79611927504939151     
        1954 -0.79498021569515243     
        1955 -0.79380444774286174     
        1956 -0.79281941111793652     
        1957 -0.79228344864878664     
        1958 -0.79239779640186236     
        1959 -0.79320275433886900     
        1960 -0.79453211712691629     
        1961 -0.79605052656627562     
        1962 -0.79733337450706221     
        1963 -0.79796787927405011     
        1964 -0.79772041167363583     
        1965 -0.79678580658383058     
        1966 -0.79594672616899265     
        1967 -0.79626583871420786     
        1968 -0.79828194359130422     
        1969 -0.80159689816081969     
        1970 -0.80542933325685639     
        1971 -0.80928044641545871     
        1972 -0.81299777040094756     
        1973 -0.81651264516892808     
        1974 -0.81965888866126679     
        1975 -0.82218217988955711     
        1976 -0.82385229060377940     
        1977 -0.82455569665684270     
        1978 -0.82431606602911822     
        1979 -0.82326296026834000     
        1980 -0.82158739515507562     
        1981 -0.81950204179340458     
        1982 -0.81720820471678257     
        1983 -0.81487680918987782     
        1984 -0.81265700688746889     
        1985 -0.81069709314571203     
        1986 -0.80913685367069255     
        1987 -0.80806191274200001     
        1988 -0.80745997828663585     
        1989 -0.80721529455172858     
        1990 -0.80714512446933140     
        1991 -0.80706938627982594     
        1992 -0.80689092478116620     
        1993 -0.80661816745378079     
        1994 -0.80627328791131869     
        1995 -0.80578116129861665     
        1996 -0.80500663929503224     
        1997 -0.80389121989913326     
        1998 -0.80249652404894867     
        1999 -0.80092768767612166     
        2000 -0.79925150615352791     
