        2001 -0.79324018619554282     
        2002 -0.78744208442608232     
        2003 -0.78034626588110978     
        2004 -0.77598418456568485     
        2005 -0.77907993008506249     
        2006 -0.78760124921956798     
        2007 -0.79652622803189144     
        2008 -0.80300572953936389     
        2009 -0.80605049089477410     
        2010 -0.80585919241287252     
        2011 -0.80465822533302600     
        2012 -0.80501636019261691     
        2013 -0.80572814829622630     
        2014 -0.80415837761149755     
        2015 -0.79971238766360719     
        2016 -0.79377953114680044     
        2017 -0.78745633556790717     
        2018 -0.78232231659198326     
        2019 -0.77993226712404962     
        2020 -0.78154257198905652     
        2021 -0.78556777608913508     
        2022 -0.78755764708861120     
        2023 -0.78516941074161151     
        2024 -0.78128224180817252     
        2025 -0.78395918654503727     
        2026 -0.79492090132835846     
        2027 -0.80468170232153824     
        2028 -0.81008502652282022     
        2029 -0.81273239208650783     
        2030 -0.81354743895226800     
        2031 -0.81270247961115127     
        2032 -0.81136124992513159     
        2033 -0.81154395245798860     
        2034 -0.81427152138296255     
        2035 -0.81696459970396285     
        2036 -0.81629958333409880     
        2037 -0.81299322823035003     
        2038 -0.81083109696987765     
        2039 -0.81030380157037829     
        2040 -0.80880877516451943     
        2041 -0.80656196813646519     
        2042 -0.80669396521557490     
        2043 -0.80953574479946400     
        2044 -0.81296849433576479     
        2045 -0.81598573291328713     
        2046 -0.81582989451992471     
        2047 -0.81126708403362535     
        2048 -0.80256467212538651     
        2049 -0.79283136948887001     
        2050 -0.79090258212856523     
        2051 -0.79810528513939849     
        2052 -0.80586821936535780     
        2053 -0.81175919605401126     
        2054 -0.81753737079710309     
        2055 -0.82224227134593231     
        2056 -0.82294270140619019     
        2057 -0.81844542300523571     
        2058 -0.81095627095458112     
        2059 -0.80458702620997036     
        2060 -0.80221565412472329     
        2061 -0.80424875376088101     
        2062 -0.81007980315325834     
        2063 -0.81808667963137072     
        2064 -0.82583937536564445     
        2065 -0.83183904008057008     
        2066 -0.83585148326254788     
        2067 -0.83757985187830597     
        2068 -0.83649895993294932     
        2069 -0.83341782757952654     
        2070 -0.83115942627309158     
        2071 -0.83139648556833301     
        2072 -0.83303820604762779     
        2073 -0.83486683176830689     
        2074 -0.83638403014064888     
        2075 -0.83652805329551350     
        2076 -0.83459994601491672     
        2077 -0.83061500920646958     
        2078 -0.82392158365936907     
        2079 -0.81559426151866155     
        2080 -0.81090569253355971     
        2081 -0.81346195296711699     
        2082 -0.82050880052471298     
        2083 -0.82676410446555659     
        2084 -0.82987374919628398     
        2085 -0.83105173812707378     
        2086 -0.83098696568875452     
        2087 -0.82917817032139529     
        2088 -0.82520321972271438     
        2089 -0.82212924712868485     
        2090 -0.82379169032489030     
        2091 -0.82794198656949569     
        2092 -0.83019965934179174     
        2093 -0.82948726702908060     
        2094 -0.82757616363920317     
        2095 -0.82779995889295988     
        2096 -0.82993455221018264     
        2097 -0.83131917142642364     
        2098 -0.83123360826359394     
        2099 -0.83024085452868857     
        2100 -0.82839730765767350     
        2101 -0.82482512675454733     
        2102 -0.82101640904365447     
        2103 -0.81917697592392358     
        2104 -0.81873016791051323     
        2105 -0.81711040766815290     
        2106 -0.81228834720248211     
        2107 -0.80796166758180166     
        2108 -0.80906401946426010     
        2109 -0.81501039053619428     
        2110 -0.82148666748142285     
        2111 -0.82661538924328226     
        2112 -0.83252791322501629     
        2113 -0.83985226605872654     
        2114 -0.84359624803336897     
        2115 -0.84028038225714607     
        2116 -0.83153352714097362     
        2117 -0.82147276204688857     
        2118 -0.81423425952791550     
        2119 -0.81095452635272858     
        2120 -0.81054274279469540     
        2121 -0.81280753457322641     
        2122 -0.81743757701488662     
        2123 -0.82275229988159904     
        2124 -0.82658230721468984     
        2125 -0.82785880272371337     
        2126 -0.82707544448662240     
        2127 -0.82548587418366548     
        2128 -0.82366835271864436     
        2129 -0.82165237323183171     
        2130 -0.81914558257272840     
        2131 -0.81693756370610626     
        2132 -0.81615330735260827     
        2133 -0.81658238617553225     
        2134 -0.81778206757742233     
        2135 -0.82084380155687009     
        2136 -0.82676610901121872     
        2137 -0.83162264623842330     
        2138 -0.83080903401220940     
        2139 -0.82537604767822970     
        2140 -0.82026801391871862     
        2141 -0.81690361758829078     
        2142 -0.81447848541525614     
        2143 -0.81444276248663505     
        2144 -0.81802356248474006     
        2145 -0.82236807182717930     
        2146 -0.82369680058775807     
        2147 -0.82021641919712984     
        2148 -0.81176773477467823     
        2149 -0.79987140390498757     
        2150 -0.78964988072357412     
        2151 -0.78717200658134168     
        2152 -0.79252281987542228     
        2153 -0.80088896341098170     
        2154 -0.80780418866931603     
        2155 -0.81076264858125990     
        2156 -0.80968705272439978     
        2157 -0.80612326349816388     
        2158 -0.80200544890650016     
        2159 -0.79969696352287745     
        2160 -0.80301997032809780     
        2161 -0.81179671762724792     
        2162 -0.81875698706701638     
        2163 -0.82072281412639780     
        2164 -0.81952156572218404     
        2165 -0.81748951128372416     
        2166 -0.81630920711710009     
        2167 -0.81620120029633991     
        2168 -0.81578461743413644     
        2169 -0.81562506989174599     
        2170 -0.81973318203384460     
        2171 -0.82614308477603737     
        2172 -0.82858196609192314     
        2173 -0.82494966347095056     
        2174 -0.81610100491841131     
        2175 -0.80505779538378386     
        2176 -0.79631690000066002     
        2177 -0.79329108412277449     
        2178 -0.79568290505419181     
        2179 -0.80008431341140662     
        2180 -0.80398530654279066     
        2181 -0.80783615943740039     
        2182 -0.81065744081904212     
        2183 -0.81066933550028120     
        2184 -0.80933110019064991     
        2185 -0.80822102224716730     
        2186 -0.80836131477791995     
        2187 -0.81029953815467237     
        2188 -0.81150367376280874     
        2189 -0.80850951413239058     
        2190 -0.80156015510854273     
        2191 -0.79516085391649527     
        2192 -0.79234619264494632     
        2193 -0.79275055419015883     
        2194 -0.79588100066348644     
        2195 -0.80105112140692170     
        2196 -0.80685399394713309     
        2197 -0.80986841825998568     
        2198 -0.80888298176784335     
        2199 -0.80615653780965524     
        2200 -0.80115412828714061     
        2201 -0.79395600106288822     
        2202 -0.78748685296499688     
        2203 -0.78372634622926352     
        2204 -0.78230517928385501     
        2205 -0.78156087229963300     
        2206 -0.77987008120630652     
        2207 -0.77875415772758805     
        2208 -0.78154672105533018     
        2209 -0.78731409116913764     
        2210 -0.79234009530404925     
        2211 -0.79535029790706435     
        2212 -0.79783291255420807     
        2213 -0.80109996967213515     
        2214 -0.80458459467001942     
        2215 -0.80682212114639673     
        2216 -0.80626533815013324     
        2217 -0.80201171574011310     
        2218 -0.79566434686064536     
        2219 -0.79030239949213676     
        2220 -0.78668283147088369     
        2221 -0.78385759481259720     
        2222 -0.78315673682509857     
        2223 -0.78607748534847577     
        2224 -0.79044219037086771     
        2225 -0.79278056087677617     
        2226 -0.79193031134856762     
        2227 -0.78889455266550546     
        2228 -0.78489672844587988     
        2229 -0.78188398638592171     
        2230 -0.78123246008869063     
        2231 -0.78200575672887129     
        2232 -0.78307831026888441     
        2233 -0.78411953365746823     
        2234 -0.78427207257310272     
        2235 -0.78291343041775563     
        2236 -0.78068917028565732     
        2237 -0.77755651418749983     
        2238 -0.77291095048466085     
        2239 -0.76798802207793482     
        2240 -0.76493542248629953     
        2241 -0.76522186382676849     
        2242 -0.76881749188375448     
        2243 -0.77464429167854365     
        2244 -0.78098704820174769     
        2245 -0.78569244113869108     
        2246 -0.78997991499742526     
        2247 -0.79378563447422379     
        2248 -0.79465906417195931     
        2249 -0.79321666503978183     
        2250 -0.79085381116644726     
        2251 -0.78762827223882903     
        2252 -0.78462433419026434     
        2253 -0.78366257879379386     
        2254 -0.78582133774688634     
        2255 -0.79057321490452470     
        2256 -0.79505194776376553     
        2257 -0.79593323443112851     
        2258 -0.79188263257153391     
        2259 -0.78510012503740856     
        2260 -0.77976073765348841     
        2261 -0.77740721290625048     
        2262 -0.77730333786144945     
        2263 -0.77836992194570631     
        2264 -0.77965000421068353     
        2265 -0.78069627395625318     
        2266 -0.78086815881566907     
        2267 -0.77935930244099783     
        2268 -0.77643589056075224     
        2269 -0.77379419640113001     
        2270 -0.77290302568019387     
        2271 -0.77304424301052732     
        2272 -0.77249263424330072     
        2273 -0.77207906813364247     
        2274 -0.77211126036772526     
        2275 -0.77171923322693370     
        2276 -0.77200291550624667     
        2277 -0.77281578648029847     
        2278 -0.77322435891036168     
        2279 -0.77526546435506427     
        2280 -0.78018986762109654     
        2281 -0.78422958505999762     
        2282 -0.78457720503582884     
        2283 -0.78079333437430920     
        2284 -0.77400565861045290     
        2285 -0.76676710616392063     
        2286 -0.76253277196692981     
        2287 -0.76249602299509389     
        2288 -0.76446857202496543     
        2289 -0.76621894197786955     
        2290 -0.76712050671202314     
        2291 -0.76747785072086372     
        2292 -0.76732577027339754     
        2293 -0.76757507803078384     
        2294 -0.76940128987871270     
        2295 -0.77179007488860119     
        2296 -0.77388181115492527     
        2297 -0.77551922630953496     
        2298 -0.77662674774180729     
        2299 -0.77740863076932565     
        2300 -0.77786156757370373     
        2301 -0.77775724193811890     
        2302 -0.77753937159189956     
        2303 -0.77763020448701636     
        2304 -0.77766918975820376     
        2305 -0.77675864650888449     
        2306 -0.77449798041159534     
        2307 -0.77118407242774778     
        2308 -0.76731970347138878     
        2309 -0.76408861896930569     
        2310 -0.76152600227004363     
        2311 -0.75853704873664252     
        2312 -0.75636392392322327     
        2313 -0.75697477064078478     
        2314 -0.76107717050107471     
        2315 -0.76698114963753727     
        2316 -0.77207250514436854     
        2317 -0.77709946248061468     
        2318 -0.78287135723509005     
        2319 -0.78748521877454625     
        2320 -0.78884422928335562     
        2321 -0.78604889417503676     
        2322 -0.78087177022726872     
        2323 -0.77719659932389840     
        2324 -0.77547540650530833     
        2325 -0.77462449268780076     
        2326 -0.77596172197938906     
        2327 -0.77888452785807316     
        2328 -0.78103728114210369     
        2329 -0.78110634882747187     
        2330 -0.77980383698898181     
        2331 -0.77801031104860130     
        2332 -0.77582550956220231     
        2333 -0.77436025139460996     
        2334 -0.77505249053973502     
        2335 -0.77669645295183631     
        2336 -0.77608831060865058     
        2337 -0.77276848695138400     
        2338 -0.77075646261555630     
        2339 -0.77232990546829638     
        2340 -0.77413827684172754     
        2341 -0.77284810781518620     
        2342 -0.76774955110233234     
        2343 -0.76092482417515706     
        2344 -0.75575870169400483     
        2345 -0.75410681870008456     
        2346 -0.75623565889036992     
        2347 -0.76123112641990609     
        2348 -0.76701241441855017     
        2349 -0.77242981010895528     
        2350 -0.77777356661981856     
        2351 -0.78264212928133980     
        2352 -0.78534404744567532     
        2353 -0.78398304508063532     
        2354 -0.77864709275334631     
        2355 -0.77238948479808001     
        2356 -0.76837436418003824     
        2357 -0.76758808993153216     
        2358 -0.76851277698082032     
        2359 -0.76820893631477583     
        2360 -0.76465228986558942     
        2361 -0.75809695892672568     
        2362 -0.75295102578303807     
        2363 -0.75447659179043425     
        2364 -0.76229756372556789     
        2365 -0.77296784128945772     
        2366 -0.78267203215886350     
        2367 -0.78846240247962007     
        2368 -0.78877722451981169     
        2369 -0.78456424415646209     
        2370 -0.77914324312324756     
        2371 -0.77520233114691128     
        2372 -0.77303494645419857     
        2373 -0.77214003172178303     
        2374 -0.77174717058957076     
        2375 -0.77114410564966207     
        2376 -0.76974473634243457     
        2377 -0.76735445860430562     
        2378 -0.76587550014491346     
        2379 -0.76784683080210125     
        2380 -0.77214439938563673     
        2381 -0.77604833970598541     
        2382 -0.77820806313847268     
        2383 -0.77813466606859372     
        2384 -0.77644634901236975     
        2385 -0.77492156946355983     
        2386 -0.77407646734010205     
        2387 -0.77283363699949981     
        2388 -0.77045531062949690     
        2389 -0.76715497067790206     
        2390 -0.76396334493206453     
        2391 -0.76106570323121681     
        2392 -0.75736415107372712     
        2393 -0.75298732812882752     
        2394 -0.75254904509961773     
        2395 -0.75821399002625112     
        2396 -0.76536956002135692     
        2397 -0.77141686823711808     
        2398 -0.77528123860527476     
        2399 -0.77512931177026401     
        2400 -0.77160353469713983     
        2401 -0.76720319559276273     
        2402 -0.76201196976982544     
        2403 -0.75639680089957140     
        2404 -0.75254092130946881     
        2405 -0.75073848613428174     
        2406 -0.74978791576275283     
        2407 -0.74941105786291251     
        2408 -0.74948063724463632     
        2409 -0.74875733751001317     
        2410 -0.74716385520162676     
        2411 -0.74753934484981011     
        2412 -0.75125619418771705     
        2413 -0.75631564910263072     
        2414 -0.76080511455568200     
        2415 -0.76363986612312973     
        2416 -0.76449759039539977     
        2417 -0.76454616132089637     
        2418 -0.76569999889564755     
        2419 -0.76862899183614131     
        2420 -0.77347347405141631     
        2421 -0.78011140329747186     
        2422 -0.78645072854514697     
        2423 -0.78896435141173515     
        2424 -0.78664515080286146     
        2425 -0.78121709242253923     
        2426 -0.77547346324543420     
        2427 -0.77130480950597902     
        2428 -0.76824278085358377     
        2429 -0.76503877822341526     
        2430 -0.76149520668493775     
        2431 -0.75919059468810535     
        2432 -0.76048756979106347     
        2433 -0.76616106572223852     
        2434 -0.77453035644745050     
        2435 -0.78359502728767128     
        2436 -0.79227650882665734     
        2437 -0.79849797218409235     
        2438 -0.79936305229358373     
        2439 -0.79343512321951204     
        2440 -0.78291992759987350     
        2441 -0.77407930703466210     
        2442 -0.77063004880485886     
        2443 -0.76970532657095347     
        2444 -0.76867469535257249     
        2445 -0.76805319981947495     
        2446 -0.76892437547636550     
        2447 -0.77001778299923695     
        2448 -0.76973424026432269     
        2449 -0.77057015918757055     
        2450 -0.77684525323243214     
        2451 -0.78780300216505239     
        2452 -0.79678979272744666     
        2453 -0.79966977074237422     
        2454 -0.79871161264354462     
        2455 -0.79650007286097735     
        2456 -0.79470735455848940     
        2457 -0.79531184284350409     
        2458 -0.79673093447094501     
        2459 -0.79655238017786800     
        2460 -0.79551189816862899     
        2461 -0.79441856769404307     
        2462 -0.79187628026904688     
        2463 -0.78860428376842984     
        2464 -0.78741160594357584     
        2465 -0.78781986829595707     
        2466 -0.78783159022811289     
        2467 -0.78731893947552156     
        2468 -0.78800486643902656     
        2469 -0.78959009143463144     
        2470 -0.78884683349173212     
        2471 -0.78291363646692780     
        2472 -0.77134617359256696     
        2473 -0.75694320887512601     
        2474 -0.74940165663494773     
        2475 -0.75538559920429804     
        2476 -0.76763323733593181     
        2477 -0.78121771720167832     
        2478 -0.79297945764904043     
        2479 -0.80048879371541015     
        2480 -0.80379719443508924     
        2481 -0.80393221352556599     
        2482 -0.80157935472139952     
        2483 -0.79839507829813039     
        2484 -0.79682019567712392     
        2485 -0.79748140442532767     
        2486 -0.79794334552057966     
        2487 -0.79443945204374733     
        2488 -0.78637167517801843     
        2489 -0.77791222594802689     
        2490 -0.77333002137431117     
        2491 -0.77441682462329431     
        2492 -0.77939453910864998     
        2493 -0.78376527551125752     
        2494 -0.78476240224264426     
        2495 -0.78074887828558537     
        2496 -0.77301437972301656     
        2497 -0.77188559819990354     
        2498 -0.77944582051104216     
        2499 -0.78690397901326692     
        2500 -0.79024364385741908     
        2501 -0.78968862782129567     
        2502 -0.78710648055940857     
        2503 -0.78327375254240483     
        2504 -0.77817335382598363     
        2505 -0.77486059569868904     
        2506 -0.77669476551802152     
        2507 -0.78008256808016185     
        2508 -0.78262414443984840     
        2509 -0.78419453318062982     
        2510 -0.78437342049881420     
        2511 -0.78339713063769345     
        2512 -0.78241399410280077     
        2513 -0.78347681905424915     
        2514 -0.78798003999471167     
        2515 -0.79357550313131919     
        2516 -0.79646009003674156     
        2517 -0.79547098605478994     
        2518 -0.79165520065132589     
        2519 -0.78625586953367688     
        2520 -0.78100469432392539     
        2521 -0.77763722446766670     
        2522 -0.77783654588709872     
        2523 -0.78253628376355455     
        2524 -0.78903006138377585     
        2525 -0.79397038950779675     
        2526 -0.79645836735745978     
        2527 -0.79635541652749575     
        2528 -0.79444678491769827     
        2529 -0.79309861426421191     
        2530 -0.79387836979481308     
        2531 -0.79809375028925367     
        2532 -0.80158526048206824     
        2533 -0.80008981890613839     
        2534 -0.79317945468405349     
        2535 -0.78361827152534913     
        2536 -0.77617366606890159     
        2537 -0.77459189589028521     
        2538 -0.77783399268434417     
        2539 -0.78121423361996156     
        2540 -0.78165929481488250     
        2541 -0.77932331945321986     
        2542 -0.77584330371459509     
        2543 -0.77253046299698414     
        2544 -0.77059482628550946     
        2545 -0.77068815892276510     
        2546 -0.77186779315768306     
        2547 -0.77401148006266107     
        2548 -0.77849587965578693     
        2549 -0.78379721427195659     
        2550 -0.78541313072567531     
        2551 -0.78133610184760560     
        2552 -0.77551653839086065     
        2553 -0.77360674947109009     
        2554 -0.77588594999085458     
        2555 -0.78054136456514100     
        2556 -0.78642534436505240     
        2557 -0.79350519170522738     
        2558 -0.80094707741868032     
        2559 -0.80487602777999168     
        2560 -0.80374876502541626     
        2561 -0.80175553714237580     
        2562 -0.80168447831145695     
        2563 -0.79962562783934488     
        2564 -0.79387603043601251     
        2565 -0.78708804425982482     
        2566 -0.78105448354212992     
        2567 -0.77391344775170001     
        2568 -0.76467521905699865     
        2569 -0.75681046941898034     
        2570 -0.75498850514001303     
        2571 -0.75981580160865658     
        2572 -0.76855443854461580     
        2573 -0.77934499911211785     
        2574 -0.78975729913361081     
        2575 -0.79619893692714294     
        2576 -0.79699485683793203     
        2577 -0.79331964386537790     
        2578 -0.78731329362499702     
        2579 -0.78085754821965425     
        2580 -0.77652393733516023     
        2581 -0.77697307354372624     
        2582 -0.78108163756107918     
        2583 -0.78457671233220627     
        2584 -0.78446727033581920     
        2585 -0.78125409995850159     
        2586 -0.77718036557063530     
        2587 -0.77354733327855718     
        2588 -0.77037827016457039     
        2589 -0.76806636890424507     
        2590 -0.76686883391394378     
        2591 -0.76544410714082967     
        2592 -0.76295389122667945     
        2593 -0.76066144624024679     
        2594 -0.76082523231284394     
        2595 -0.76316146916326200     
        2596 -0.76678127108308303     
        2597 -0.77123724401633287     
        2598 -0.77404384828805872     
        2599 -0.77319983974959106     
        2600 -0.76971362249817532     
        2601 -0.76611253458545459     
        2602 -0.76425948955972434     
        2603 -0.76394555935586750     
        2604 -0.76316489876769034     
        2605 -0.76096806581537157     
        2606 -0.75803487102778488     
        2607 -0.75461158612237289     
        2608 -0.75162417461451325     
        2609 -0.75223365703102052     
        2610 -0.75732140144293825     
        2611 -0.76233130368567559     
        2612 -0.76396592539024677     
        2613 -0.76260529829421797     
        2614 -0.75911486436702669     
        2615 -0.75505057526298458     
        2616 -0.75293855430359968     
        2617 -0.75294972958154904     
        2618 -0.75366784266481857     
        2619 -0.75395853792161538     
        2620 -0.75238557860661437     
        2621 -0.74863226321491239     
        2622 -0.74442690750095253     
        2623 -0.74233425974834655     
        2624 -0.74450016072211511     
        2625 -0.75136331402386913     
        2626 -0.75947507432901740     
        2627 -0.76389998566683726     
        2628 -0.76528691568956142     
        2629 -0.76829628660339500     
        2630 -0.77394879146703288     
        2631 -0.77912917993080810     
        2632 -0.78208415586682034     
        2633 -0.78349198163007072     
        2634 -0.78444097335951590     
        2635 -0.78489472353413237     
        2636 -0.78500590715082763     
        2637 -0.78543211625875109     
        2638 -0.78559025653322223     
        2639 -0.78398717067462842     
        2640 -0.77983837755396457     
        2641 -0.77445766454416443     
        2642 -0.77181235247573954     
        2643 -0.77542791963134072     
        2644 -0.78336958053106409     
        2645 -0.79103967190909319     
        2646 -0.79673806711780304     
        2647 -0.80093584364736214     
        2648 -0.80340877223521812     
        2649 -0.80310131592341605     
        2650 -0.79992757001926884     
        2651 -0.79539342705628990     
        2652 -0.79053135186503809     
        2653 -0.78559648135256976     
        2654 -0.78126853790312567     
        2655 -0.77898344923921625     
        2656 -0.77948849470238246     
        2657 -0.77979784657521278     
        2658 -0.77806176335124755     
        2659 -0.77470252295867637     
        2660 -0.77106981619316328     
        2661 -0.76834199602068343     
        2662 -0.76844095892685038     
        2663 -0.77161776926109682     
        2664 -0.77562179609326976     
        2665 -0.77860021510364841     
        2666 -0.78041287660716940     
        2667 -0.78096009191200733     
        2668 -0.77842764298163269     
        2669 -0.77486523404022434     
        2670 -0.77332701002805893     
        2671 -0.77362159581814216     
        2672 -0.77639015639327813     
        2673 -0.77993770840370980     
        2674 -0.78327852952355337     
        2675 -0.78739014130955642     
        2676 -0.79227461217072159     
        2677 -0.79727389280713079     
        2678 -0.80075138334186313     
        2679 -0.80143389998287706     
        2680 -0.79966871290509001     
        2681 -0.79663779597827311     
        2682 -0.79353061307596384     
        2683 -0.79137220411342302     
        2684 -0.79044372200235202     
        2685 -0.78957439660188133     
        2686 -0.78690013157962724     
        2687 -0.78206670882326046     
        2688 -0.77743710842508651     
        2689 -0.77619534565793835     
        2690 -0.77805837559816438     
        2691 -0.77935659785783162     
        2692 -0.77810582029494157     
        2693 -0.77540566350943718     
        2694 -0.77276918272945250     
        2695 -0.77142259961456039     
        2696 -0.77204906856152267     
        2697 -0.77425076494376299     
        2698 -0.77645342574010390     
        2699 -0.77657593584752216     
        2700 -0.77597481648489353     
        2701 -0.77867838626178776     
        2702 -0.78295206285147489     
        2703 -0.78365672749026760     
        2704 -0.78104316951694797     
        2705 -0.77854975070652777     
        2706 -0.77775356506669191     
        2707 -0.77961143885890583     
        2708 -0.78283339668556984     
        2709 -0.78501907662682002     
        2710 -0.78387173949628353     
        2711 -0.77876089741386922     
        2712 -0.77117440842714591     
        2713 -0.76339157974556249     
        2714 -0.75797870120245503     
        2715 -0.75634059028726086     
        2716 -0.75802726379300389     
        2717 -0.76093442943412193     
        2718 -0.76425065036079798     
        2719 -0.76851252710594786     
        2720 -0.77317122060858545     
        2721 -0.77669563161315358     
        2722 -0.77769023106959567     
        2723 -0.77650154643403058     
        2724 -0.77577283389035756     
        2725 -0.77682878244252151     
        2726 -0.77708782751302241     
        2727 -0.77512002592338070     
        2728 -0.77200253058381185     
        2729 -0.76755129651898257     
        2730 -0.76143780522523974     
        2731 -0.75327157870076045     
        2732 -0.74477630649065840     
        2733 -0.73992892261819598     
        2734 -0.73908117252732752     
        2735 -0.73941963585950898     
        2736 -0.74010036700612414     
        2737 -0.74375154971889690     
        2738 -0.75375009374431168     
        2739 -0.76454184109751078     
        2740 -0.76961451747261866     
        2741 -0.77178576209299521     
        2742 -0.77203545923371075     
        2743 -0.77065337954058999     
        2744 -0.76967646771844167     
        2745 -0.77046442118153624     
        2746 -0.77308214762209149     
        2747 -0.77550355395301829     
        2748 -0.77496101416785534     
        2749 -0.77142908339769989     
        2750 -0.76712391897947285     
        2751 -0.76472860221526784     
        2752 -0.76678479944289868     
        2753 -0.77200857865312111     
        2754 -0.77563218899296549     
        2755 -0.77571650166563244     
        2756 -0.77413393557034704     
        2757 -0.77329747841142482     
        2758 -0.77259660479930781     
        2759 -0.76951156570444634     
        2760 -0.76427825546931738     
        2761 -0.76081452322614662     
        2762 -0.76288553375141610     
        2763 -0.76890920304706445     
        2764 -0.77352812271243188     
        2765 -0.77511630904358564     
        2766 -0.77517995766970027     
        2767 -0.77527203468402628     
        2768 -0.77593281811715509     
        2769 -0.77723067088439823     
        2770 -0.78002450584855465     
        2771 -0.78472412209999376     
        2772 -0.78918393890390437     
        2773 -0.78986133485180565     
        2774 -0.78620102397906055     
        2775 -0.78115770015367858     
        2776 -0.77861411437034189     
        2777 -0.77911383780353116     
        2778 -0.77932994144411094     
        2779 -0.78002998104082766     
        2780 -0.78188555776129320     
        2781 -0.78353977510372086     
        2782 -0.78403165557353782     
        2783 -0.78355856083152930     
        2784 -0.78260230730896008     
        2785 -0.78169421127187766     
        2786 -0.78197634200666633     
        2787 -0.78457655257839864     
        2788 -0.78954774000827177     
        2789 -0.79580064763321312     
        2790 -0.80152289701430746     
        2791 -0.80572660343424007     
        2792 -0.80815587418072588     
        2793 -0.80823989262024210     
        2794 -0.80577195826793302     
        2795 -0.80175180961723469     
        2796 -0.79779308442899155     
        2797 -0.79541734240659012     
        2798 -0.79429123378402067     
        2799 -0.79308159325768035     
        2800 -0.79407393262611492     
        2801 -0.79834634951075956     
        2802 -0.80141452264606872     
        2803 -0.79948114141603766     
        2804 -0.79284047878529185     
        2805 -0.78423754000720081     
        2806 -0.77832758243624656     
        2807 -0.77866153821145034     
        2808 -0.78266575126842186     
        2809 -0.78482364806152205     
        2810 -0.78418416273284319     
        2811 -0.78595441494378182     
        2812 -0.79203786743977411     
        2813 -0.79553550720621535     
        2814 -0.79355352878737062     
        2815 -0.78810448580208570     
        2816 -0.78197610244638549     
        2817 -0.77890722331688245     
        2818 -0.78184644953273685     
        2819 -0.78858416420467370     
        2820 -0.79368236072326459     
        2821 -0.79461237763270964     
        2822 -0.79255532748693236     
        2823 -0.79032538191353285     
        2824 -0.78974795176658286     
        2825 -0.79003892845294788     
        2826 -0.78878950797861691     
        2827 -0.78419176538078061     
        2828 -0.77749334060902064     
        2829 -0.77303013618189931     
        2830 -0.77203720268213571     
        2831 -0.77320525751157509     
        2832 -0.77575810219778640     
        2833 -0.77774807217648967     
        2834 -0.77725160100180746     
        2835 -0.77512340840311755     
        2836 -0.77449310075363254     
        2837 -0.77500628966932017     
        2838 -0.77555740740086676     
        2839 -0.77721064741828472     
        2840 -0.77999487528019118     
        2841 -0.78255801482345155     
        2842 -0.78398448587306901     
        2843 -0.78438612955650866     
        2844 -0.78465294946030606     
        2845 -0.78545146759888107     
        2846 -0.78565812017753067     
        2847 -0.78379757815994999     
        2848 -0.77983802860660345     
        2849 -0.77546760074007837     
        2850 -0.77272675282645154     
        2851 -0.77102846171043415     
        2852 -0.77113300746206159     
        2853 -0.77565505976802773     
        2854 -0.78162806559591724     
        2855 -0.78398116702427068     
        2856 -0.78176295349527125     
        2857 -0.77822562498699599     
        2858 -0.77746389158034468     
        2859 -0.77988996685455569     
        2860 -0.78150239822160283     
        2861 -0.78073570552866312     
        2862 -0.77931920896670526     
        2863 -0.77915821711061928     
        2864 -0.78033274321820412     
        2865 -0.78262913234342457     
        2866 -0.78712799390591037     
        2867 -0.79273221666549876     
        2868 -0.79410525000261800     
        2869 -0.78857488763011341     
        2870 -0.77917457811110469     
        2871 -0.77251621205940069     
        2872 -0.77162508553896136     
        2873 -0.77345203571214494     
        2874 -0.77640535545590339     
        2875 -0.78074094241897651     
        2876 -0.78614692876074554     
        2877 -0.79207264995340576     
        2878 -0.79685059800848623     
        2879 -0.79736169372042909     
        2880 -0.79842902439555441     
        2881 -0.80082358321018321     
        2882 -0.79632245419584602     
        2883 -0.78710490491764551     
        2884 -0.77701271665776495     
        2885 -0.76807455689544812     
        2886 -0.76333624569214409     
        2887 -0.76401319742908724     
        2888 -0.76872992483113767     
        2889 -0.77732155477881215     
        2890 -0.78721191019415160     
        2891 -0.79557344718356449     
        2892 -0.80123886788712873     
        2893 -0.80384844044562953     
        2894 -0.80459099763269304     
        2895 -0.80563822379417771     
        2896 -0.80790466674762196     
        2897 -0.80975099633716052     
        2898 -0.80894827406164349     
        2899 -0.80432463649624186     
        2900 -0.79571128486980547     
        2901 -0.78475910951162287     
        2902 -0.77569045041004259     
        2903 -0.77350606729162752     
        2904 -0.77740367360536544     
        2905 -0.78135754654901768     
        2906 -0.78365627296325191     
        2907 -0.78641228061110868     
        2908 -0.78960183784758808     
        2909 -0.79174416827619387     
        2910 -0.79155033445795986     
        2911 -0.78839796321844335     
        2912 -0.78346502966803144     
        2913 -0.77905402768161247     
        2914 -0.77677588607588877     
        2915 -0.77645657055243655     
        2916 -0.77698649412273857     
        2917 -0.77828007604051497     
        2918 -0.77850616969547781     
        2919 -0.77702769445969089     
        2920 -0.77743290137612397     
        2921 -0.78315995807788175     
        2922 -0.79157988486459041     
        2923 -0.79723635480215360     
        2924 -0.79851950356088830     
        2925 -0.79621448325677302     
        2926 -0.79166196775108777     
        2927 -0.78767718307334189     
        2928 -0.78580392911625929     
        2929 -0.78416284795624192     
        2930 -0.78322228199118848     
        2931 -0.78493015579328962     
        2932 -0.78938941678079133     
        2933 -0.79387667988924449     
        2934 -0.79517987941447243     
        2935 -0.79411423458320507     
        2936 -0.79491689444942348     
        2937 -0.79899383751101027     
        2938 -0.80445661830573734     
        2939 -0.80917139905750224     
        2940 -0.81058141387225868     
        2941 -0.80688365441051524     
        2942 -0.79870775961820351     
        2943 -0.79157201967045376     
        2944 -0.79208094961450959     
        2945 -0.79398352646633441     
        2946 -0.79334653333016147     
        2947 -0.79238776557133761     
        2948 -0.79328894214458656     
        2949 -0.79743004082575841     
        2950 -0.80442133651902992     
        2951 -0.80919852278271831     
        2952 -0.80820050390182741     
        2953 -0.80378757775891885     
        2954 -0.79955004146879916     
        2955 -0.79685033048609333     
        2956 -0.79664318167652992     
        2957 -0.79871013375299682     
        2958 -0.80083422296571583     
        2959 -0.80159602100692873     
        2960 -0.80207968360767301     
        2961 -0.80252618917072460     
        2962 -0.80203571178801691     
        2963 -0.80174171254892157     
        2964 -0.80227024327689322     
        2965 -0.80133431959157808     
        2966 -0.79770209795679725     
        2967 -0.79242412926860684     
        2968 -0.78768292586716893     
        2969 -0.78640766633623038     
        2970 -0.78889005605860940     
        2971 -0.79337030123367802     
        2972 -0.79908675529239348     
        2973 -0.80424324349774667     
        2974 -0.80730392572761356     
        2975 -0.80779174828224154     
        2976 -0.80423139788227771     
        2977 -0.79641373366708590     
        2978 -0.78841540081799177     
        2979 -0.78481960980394838     
        2980 -0.78571032116782313     
        2981 -0.78815668515525028     
        2982 -0.79121178565888217     
        2983 -0.79630096019111651     
        2984 -0.80186017288913336     
        2985 -0.80548272857231162     
        2986 -0.80589976432916455     
        2987 -0.80249375131563216     
        2988 -0.79676895742621812     
        2989 -0.79217144968281983     
        2990 -0.79144131417788688     
        2991 -0.79395190254996317     
        2992 -0.79600238844091997     
        2993 -0.79493045954450314     
        2994 -0.79251683293669217     
        2995 -0.79119595933037323     
        2996 -0.78888493797637116     
        2997 -0.78680992208193712     
        2998 -0.78784610793024668     
        2999 -0.78975685148783392     
        3000 -0.79144619549986284     
        3001 -0.79409020264499408     
        3002 -0.79752135723317608     
        3003 -0.80040494019812258     
        3004 -0.80254273051028158     
        3005 -0.80449774356746873     
        3006 -0.80640901042163815     
        3007 -0.80807311446883068     
        3008 -0.80915127547379961     
        3009 -0.81037607420341062     
        3010 -0.81317659766072847     
        3011 -0.81665621200842964     
        3012 -0.81778303724519608     
        3013 -0.81575422155921440     
        3014 -0.81286551100877880     
        3015 -0.81033420923604960     
        3016 -0.80949888654307833     
        3017 -0.81076623232648248     
        3018 -0.81075458687665525     
        3019 -0.80897185146512507     
        3020 -0.80780099625189561     
        3021 -0.80848595489990760     
        3022 -0.80910933461337520     
        3023 -0.80788252353593759     
        3024 -0.80763115444436917     
        3025 -0.81117154065689601     
        3026 -0.81508855159583427     
        3027 -0.81547357339033388     
        3028 -0.81283570690735174     
        3029 -0.80979163501091922     
        3030 -0.80796776107792168     
        3031 -0.80677066594851177     
        3032 -0.80584135909868615     
        3033 -0.80553754730523797     
        3034 -0.80558457812163298     
        3035 -0.80557201584623117     
        3036 -0.80558945087950251     
        3037 -0.80688823468251203     
        3038 -0.81080316316524970     
        3039 -0.81681424522371726     
        3040 -0.82240319852419963     
        3041 -0.82492546371815967     
        3042 -0.82478294714536338     
        3043 -0.82377754657546787     
        3044 -0.82083680612435317     
        3045 -0.81377309037851342     
        3046 -0.80293125790376441     
        3047 -0.79094693166231078     
        3048 -0.78160041956410542     
        3049 -0.77651364519017729     
        3050 -0.77587409140068819     
        3051 -0.78065321308393132     
        3052 -0.78793981008890723     
        3053 -0.79313493219263975     
        3054 -0.79481145501320727     
        3055 -0.79440697749051925     
        3056 -0.79549147178150392     
        3057 -0.79987071589666725     
        3058 -0.80546118714466775     
        3059 -0.80875458225493990     
        3060 -0.80735494065051261     
        3061 -0.80090350600677240     
        3062 -0.79123519221223282     
        3063 -0.78211463782914947     
        3064 -0.77766149769784487     
        3065 -0.77951267039911343     
        3066 -0.78400658902631681     
        3067 -0.78560646911012710     
        3068 -0.78375512637575273     
        3069 -0.78210963397338684     
        3070 -0.78328097526206852     
        3071 -0.78667044214850801     
        3072 -0.79042062337397667     
        3073 -0.79254596949391942     
        3074 -0.79235792063519017     
        3075 -0.79260144505432095     
        3076 -0.79624530420132411     
        3077 -0.80083208438449771     
        3078 -0.80186057954832246     
        3079 -0.79772939733410941     
        3080 -0.79015548601511298     
        3081 -0.78243403415986579     
        3082 -0.77726394583073588     
        3083 -0.77653755382454259     
        3084 -0.78021903951164640     
        3085 -0.78545744318511035     
        3086 -0.78915195543323302     
        3087 -0.79043773691321428     
        3088 -0.79023022885248806     
        3089 -0.78885743143034937     
        3090 -0.78629251061452587     
        3091 -0.78413151155450111     
        3092 -0.78495527858397618     
        3093 -0.78937419118219188     
        3094 -0.79664746389252561     
        3095 -0.80437609080606187     
        3096 -0.80931969408920534     
        3097 -0.81156735878491348     
        3098 -0.81210693174902959     
        3099 -0.80994048569521093     
        3100 -0.80379896991129618     
        3101 -0.79462456874137544     
        3102 -0.78503785063873055     
        3103 -0.77779211824352334     
        3104 -0.77560189919147471     
        3105 -0.77985058830831600     
        3106 -0.79048030630818722     
        3107 -0.80224127021172098     
        3108 -0.81022500381375329     
        3109 -0.81553248684433910     
        3110 -0.81991010637202499     
        3111 -0.82160169555832019     
        3112 -0.81911372726180431     
        3113 -0.81243064522292141     
        3114 -0.80322142904925375     
        3115 -0.79600648933056550     
        3116 -0.79550374239235355     
        3117 -0.79999734039978854     
        3118 -0.80434698497362733     
        3119 -0.80678335533859813     
        3120 -0.80818498838267860     
        3121 -0.81116948398087629     
        3122 -0.81259509042186451     
        3123 -0.80922977475286118     
        3124 -0.80366337113690400     
        3125 -0.79992876466576890     
        3126 -0.79993385883948387     
        3127 -0.80283240994432115     
        3128 -0.80484472724954226     
        3129 -0.80288552754790932     
        3130 -0.79680359344617624     
        3131 -0.78982613961691039     
        3132 -0.78511768824631256     
        3133 -0.78210715373425643     
        3134 -0.78156577513161130     
        3135 -0.78379144975068493     
        3136 -0.78655732444483828     
        3137 -0.78847998020791243     
        3138 -0.78946879302163153     
        3139 -0.78981969009741892     
        3140 -0.79005407075988276     
        3141 -0.79028276998604297     
        3142 -0.79029187668114143     
        3143 -0.79032123749711791     
        3144 -0.79160774193997030     
        3145 -0.79532551091899450     
        3146 -0.79996485605396384     
        3147 -0.80188566576318510     
        3148 -0.79913590124056777     
        3149 -0.79287075485638236     
        3150 -0.78663957023415965     
        3151 -0.78295330958453657     
        3152 -0.78213596726976786     
        3153 -0.78301790918652703     
        3154 -0.78300468951255109     
        3155 -0.78193358779627919     
        3156 -0.78230982123826431     
        3157 -0.78461275334343816     
        3158 -0.78731105801111856     
        3159 -0.78903961961464719     
        3160 -0.78919438835891920     
        3161 -0.78772097448222889     
        3162 -0.78543858876899741     
        3163 -0.78553588085155857     
        3164 -0.78893799172576129     
        3165 -0.79207957646829508     
        3166 -0.79290438504265548     
        3167 -0.79232796010460671     
        3168 -0.79201825583415197     
        3169 -0.79186901904568585     
        3170 -0.79176286253833084     
        3171 -0.79414287183973087     
        3172 -0.79994593388876578     
        3173 -0.80683889306157874     
        3174 -0.81343530004205822     
        3175 -0.81985770385891854     
        3176 -0.82511425986212539     
        3177 -0.82752182409555464     
        3178 -0.82661145100157063     
        3179 -0.82192875059256953     
        3180 -0.81380041185631513     
        3181 -0.80674772573821907     
        3182 -0.80706133218625720     
        3183 -0.81335531890936119     
        3184 -0.81870113658361710     
        3185 -0.82086028352694262     
        3186 -0.82194478205928145     
        3187 -0.82395988510068463     
        3188 -0.82582076906498958     
        3189 -0.82482708456795584     
        3190 -0.82076227241552613     
        3191 -0.81594002819813305     
        3192 -0.81315870326859740     
        3193 -0.81356642758961661     
        3194 -0.81520695825243261     
        3195 -0.81605807545305875     
        3196 -0.81542122321474797     
        3197 -0.81274840898091916     
        3198 -0.80874220812223507     
        3199 -0.80615221924802738     
        3200 -0.80654612517854962     
        3201 -0.80860889349971699     
        3202 -0.81103336261834658     
        3203 -0.81176345783328241     
        3204 -0.80819035103476999     
        3205 -0.80177641328864180     
        3206 -0.79508276613191253     
        3207 -0.78838227652035509     
        3208 -0.78510565974979074     
        3209 -0.79025435717247750     
        3210 -0.80146822231351078     
        3211 -0.81335285721398354     
        3212 -0.82061100644248630     
        3213 -0.82102548356135252     
        3214 -0.81588915185755773     
        3215 -0.80863808576978435     
        3216 -0.80243172934772811     
        3217 -0.79895146194800393     
        3218 -0.79805584241994199     
        3219 -0.79879937694157255     
        3220 -0.80084151651076219     
        3221 -0.80400665551478645     
        3222 -0.80743895380896002     
        3223 -0.80883499842558348     
        3224 -0.80545378271150414     
        3225 -0.79822464803860460     
        3226 -0.79530798357975285     
        3227 -0.79992656254447791     
        3228 -0.80270789117543773     
        3229 -0.80035913346406484     
        3230 -0.79639530198387332     
        3231 -0.79655846673710862     
        3232 -0.80129342701182826     
        3233 -0.80625899937913026     
        3234 -0.80922769656829374     
        3235 -0.80886288165034137     
        3236 -0.80368543820122285     
        3237 -0.79546139899442347     
        3238 -0.79185036022765476     
        3239 -0.79656385394329865     
        3240 -0.80281571021136322     
        3241 -0.80537643347790067     
        3242 -0.80440578988315137     
        3243 -0.80215694020755812     
        3244 -0.79995640891327746     
        3245 -0.79731101367784585     
        3246 -0.79516595171572768     
        3247 -0.79710498623112258     
        3248 -0.80456279131343456     
        3249 -0.81425659837790421     
        3250 -0.82155481433509703     
        3251 -0.82418478594054390     
        3252 -0.82293403235495832     
        3253 -0.81992830431120800     
        3254 -0.81678636978369978     
        3255 -0.81433583636887807     
        3256 -0.81291493347783372     
        3257 -0.81154599576152575     
        3258 -0.80874348136977692     
        3259 -0.80419029525587393     
        3260 -0.79758141796163495     
        3261 -0.78865794045021154     
        3262 -0.78037638209310911     
        3263 -0.77823462719372805     
        3264 -0.78281797841405865     
        3265 -0.79076423383194172     
        3266 -0.79814599486457449     
        3267 -0.80408794455514154     
        3268 -0.81114980027354511     
        3269 -0.82036073546357502     
        3270 -0.83122554272509663     
        3271 -0.83962000200918829     
        3272 -0.84184557759695844     
        3273 -0.83772886675412073     
        3274 -0.82895492933794146     
        3275 -0.81944804821821249     
        3276 -0.81394821985601218     
        3277 -0.81179152905947349     
        3278 -0.80887334889184348     
        3279 -0.80465674933430686     
        3280 -0.80192274041720302     
        3281 -0.80194874224992274     
        3282 -0.80266013417463977     
        3283 -0.80302207997497199     
        3284 -0.80350222989119380     
        3285 -0.80474734631102784     
        3286 -0.80720602675694264     
        3287 -0.81021925175724785     
        3288 -0.81248707859840008     
        3289 -0.81330429105170521     
        3290 -0.81262973158888918     
        3291 -0.81223464656385957     
        3292 -0.81344943693783089     
        3293 -0.81501473490386733     
        3294 -0.81672646216672229     
        3295 -0.81833369659303867     
        3296 -0.81883271556552928     
        3297 -0.81769606042217857     
        3298 -0.81359052982385371     
        3299 -0.80544180044506286     
        3300 -0.79494613468171216     
        3301 -0.78592743344628657     
        3302 -0.78173888117144208     
        3303 -0.78492362955808603     
        3304 -0.79258504544099839     
        3305 -0.80143146495114237     
        3306 -0.81102144483630356     
        3307 -0.82015985148751047     
        3308 -0.82552253180164070     
        3309 -0.82508277006758035     
        3310 -0.81985138983404882     
        3311 -0.81300696587071186     
        3312 -0.80965862399230615     
        3313 -0.81122407459955814     
        3314 -0.81237302793889099     
        3315 -0.81041520286021651     
        3316 -0.80642142185653565     
        3317 -0.80285209289621928     
        3318 -0.80164971001787688     
        3319 -0.80289451220247965     
        3320 -0.80481711005712231     
        3321 -0.80625577311440466     
        3322 -0.80750551370596424     
        3323 -0.80901400752488950     
        3324 -0.81116561964648681     
        3325 -0.81356131375166596     
        3326 -0.81331376516529674     
        3327 -0.80811373913864515     
        3328 -0.80074825958491380     
        3329 -0.79463877637234748     
        3330 -0.78955992292564026     
        3331 -0.78610027580792519     
        3332 -0.78515327078009789     
        3333 -0.78671857222830999     
        3334 -0.79027498548054242     
        3335 -0.79412160590653114     
        3336 -0.79822873544494277     
        3337 -0.80267912044118850     
        3338 -0.80563450500238443     
        3339 -0.80763701543034006     
        3340 -0.81046183016043194     
        3341 -0.81355480256723733     
        3342 -0.81486535161148521     
        3343 -0.81251010484444608     
        3344 -0.80788957627623292     
        3345 -0.80524591811981117     
        3346 -0.80680948793080209     
        3347 -0.81084276637045050     
        3348 -0.81286367197926301     
        3349 -0.81075380633643601     
        3350 -0.80674329455405946     
        3351 -0.80258502435440349     
        3352 -0.79803717230482174     
        3353 -0.79504992041284739     
        3354 -0.79636321078098227     
        3355 -0.80016745603040940     
        3356 -0.80227528256912140     
        3357 -0.80203376855395159     
        3358 -0.80124932584972741     
        3359 -0.80058525930941538     
        3360 -0.79974820088168319     
        3361 -0.79916574898017423     
        3362 -0.79918030177139798     
        3363 -0.79835943115637098     
        3364 -0.79482019278159977     
        3365 -0.78895192063746555     
        3366 -0.78323247746826663     
        3367 -0.77916520918605492     
        3368 -0.77673011661965319     
        3369 -0.77688565921319819     
        3370 -0.78148146934412654     
        3371 -0.79011054578977702     
        3372 -0.79827373274415969     
        3373 -0.80238939479589821     
        3374 -0.80199705340574112     
        3375 -0.79928160408729032     
        3376 -0.79795410011207524     
        3377 -0.79853452997696373     
        3378 -0.79851912964039873     
        3379 -0.79817316025515350     
        3380 -0.79837810253408459     
        3381 -0.79812051421253938     
        3382 -0.79679263188844818     
        3383 -0.79482787326542259     
        3384 -0.79248804051408905     
        3385 -0.78959323242370805     
        3386 -0.78591658395236019     
        3387 -0.78105099424065216     
        3388 -0.77502241851534837     
        3389 -0.76981607413582342     
        3390 -0.76820228178229233     
        3391 -0.77014578450763538     
        3392 -0.77404582235137909     
        3393 -0.77980605175685125     
        3394 -0.78700481274354217     
        3395 -0.79265762230718428     
        3396 -0.79441897299396069     
        3397 -0.79268115066210143     
        3398 -0.78927627118584398     
        3399 -0.78548984603401895     
        3400 -0.78186690479234233     
        3401 -0.77867051468221216     
        3402 -0.77610234213247697     
        3403 -0.77468793654792312     
        3404 -0.77530864334593530     
        3405 -0.77835161989508472     
        3406 -0.78152180761775347     
        3407 -0.78314198507502852     
        3408 -0.78472993224623222     
        3409 -0.78668672686681840     
        3410 -0.78778227682050128     
        3411 -0.78793058401081939     
        3412 -0.78838086252469175     
        3413 -0.78915280949362654     
        3414 -0.78934202273226084     
        3415 -0.78886019745906388     
        3416 -0.78981782514548315     
        3417 -0.79351365252173256     
        3418 -0.79688664343870808     
        3419 -0.79645841284605456     
        3420 -0.79202329784679404     
        3421 -0.78515940849345445     
        3422 -0.77913746931482075     
        3423 -0.77910259697339956     
        3424 -0.78333918160290961     
        3425 -0.78461151709181143     
        3426 -0.78154523361596140     
        3427 -0.77743930384730497     
        3428 -0.77632728906695070     
        3429 -0.78041135916982762     
        3430 -0.78824766438413718     
        3431 -0.79424176876368591     
        3432 -0.79477319812135272     
        3433 -0.79277479633608905     
        3434 -0.79262246965965477     
        3435 -0.79470533866342230     
        3436 -0.79653318934472406     
        3437 -0.79502690069998427     
        3438 -0.78949881613823158     
        3439 -0.78237726850900358     
        3440 -0.77726522356418182     
        3441 -0.77688233664143747     
        3442 -0.78118352799053958     
        3443 -0.78804687915886729     
        3444 -0.79401563224896343     
        3445 -0.79718043391163351     
        3446 -0.79843408688555251     
        3447 -0.79840541675309706     
        3448 -0.79752702996119607     
        3449 -0.79792690056602789     
        3450 -0.79812010566010227     
        3451 -0.79373298158865968     
        3452 -0.78715107878073975     
        3453 -0.78426380178187838     
        3454 -0.78601276282073829     
        3455 -0.78834585610644647     
        3456 -0.78768435213763188     
        3457 -0.78454130905215924     
        3458 -0.78407245875113252     
        3459 -0.78975206607708970     
        3460 -0.79472226433601922     
        3461 -0.79599180467299457     
        3462 -0.79458611524415323     
        3463 -0.79106821062244570     
        3464 -0.78639449622902025     
        3465 -0.78222669140090673     
        3466 -0.77922330010133445     
        3467 -0.77850915867474257     
        3468 -0.78028806621423319     
        3469 -0.78195893898858482     
        3470 -0.78171100061913079     
        3471 -0.78045719694174720     
        3472 -0.78060143292180884     
        3473 -0.78228773101624782     
        3474 -0.78329243875961729     
        3475 -0.78391502265206892     
        3476 -0.78454542365570257     
        3477 -0.78483534297076352     
        3478 -0.78457405040052952     
        3479 -0.78361539833889504     
        3480 -0.78219653323146421     
        3481 -0.78078887790436069     
        3482 -0.78025728048732590     
        3483 -0.78028867674846447     
        3484 -0.77981263519415489     
        3485 -0.77863846454319052     
        3486 -0.77722571176083788     
        3487 -0.77650313494228418     
        3488 -0.77766271010295573     
        3489 -0.78080540800304721     
        3490 -0.78390282114671495     
        3491 -0.78495148696127814     
        3492 -0.78406208001478084     
        3493 -0.78197180246768316     
        3494 -0.77906714264173105     
        3495 -0.77609651760441423     
        3496 -0.77829405973344379     
        3497 -0.78865572612729051     
        3498 -0.79996699295491125     
        3499 -0.80581955688217688     
        3500 -0.80406684013796847     
        3501 -0.79600897690736483     
        3502 -0.78518384836189181     
        3503 -0.77546467147928577     
        3504 -0.76805037617579053     
        3505 -0.76225026586832656     
        3506 -0.75959769185933013     
        3507 -0.76265501246606737     
        3508 -0.77096116119268254     
        3509 -0.78156864112709878     
        3510 -0.79147657148801298     
        3511 -0.79734339235937612     
        3512 -0.79774705675502144     
        3513 -0.79437252901460143     
        3514 -0.78981907951615982     
        3515 -0.78587723580606017     
        3516 -0.78347749401154387     
        3517 -0.78195978914007891     
        3518 -0.77931058945137088     
        3519 -0.77522489408151907     
        3520 -0.77073205569550374     
        3521 -0.76649540173649899     
        3522 -0.76698314707792392     
        3523 -0.77304685860849054     
        3524 -0.77985007784078908     
        3525 -0.78432618369380269     
        3526 -0.78357418840733961     
        3527 -0.77803397705673016     
        3528 -0.77193148466505257     
        3529 -0.76857271253200954     
        3530 -0.76957622314121232     
        3531 -0.77459917280771606     
        3532 -0.78007516006648026     
        3533 -0.78242162152152506     
        3534 -0.78116316291400312     
        3535 -0.77950677245653588     
        3536 -0.78082470237825596     
        3537 -0.78415327140109681     
        3538 -0.78632851229562606     
        3539 -0.78609407739281334     
        3540 -0.78404361162765013     
        3541 -0.78043380052709943     
        3542 -0.77426520917162001     
        3543 -0.76613947168020735     
        3544 -0.76068074977621913     
        3545 -0.76185838754039459     
        3546 -0.76684387994696479     
        3547 -0.77082605377934788     
        3548 -0.77239903708117807     
        3549 -0.77263591423384870     
        3550 -0.77337166016334191     
        3551 -0.77622820004866178     
        3552 -0.78073694343222633     
        3553 -0.78445521798463314     
        3554 -0.78557107785260338     
        3555 -0.78330149231050827     
        3556 -0.77858363011048315     
        3557 -0.77881173680524318     
        3558 -0.78730118194885579     
        3559 -0.79387170669933205     
        3560 -0.79457706488681457     
        3561 -0.78940503188429434     
        3562 -0.77952863636181624     
        3563 -0.76892603413318206     
        3564 -0.76318951440565064     
        3565 -0.76277189497945597     
        3566 -0.76399471021610510     
        3567 -0.76560431944226359     
        3568 -0.76864424921674535     
        3569 -0.77453184853322854     
        3570 -0.78274719164247675     
        3571 -0.79088580366928463     
        3572 -0.79672996994301737     
        3573 -0.79859062512343026     
        3574 -0.79654897839451200     
        3575 -0.79301033641785934     
        3576 -0.79122203569189886     
        3577 -0.79280178045655680     
        3578 -0.79730604478189226     
        3579 -0.80380578186865992     
        3580 -0.81137123749753326     
        3581 -0.81814014261717527     
        3582 -0.82183558535697154     
        3583 -0.82100126087291658     
        3584 -0.81481648652452598     
        3585 -0.80421590666999720     
        3586 -0.79278880455351564     
        3587 -0.78471682729847692     
        3588 -0.78135050414103591     
        3589 -0.78240152443532440     
        3590 -0.78751564219557924     
        3591 -0.79466826604967333     
        3592 -0.79986714228747113     
        3593 -0.80056468706479544     
        3594 -0.79714105042991978     
        3595 -0.79433001067191067     
        3596 -0.79699783497733856     
        3597 -0.80145558394682193     
        3598 -0.80330111328066089     
        3599 -0.80266937190472309     
        3600 -0.80237702142138223     
        3601 -0.80273812983298454     
        3602 -0.80110113768910074     
        3603 -0.79691559021569280     
        3604 -0.79255440941664279     
        3605 -0.78987218903749068     
        3606 -0.78856015148599656     
        3607 -0.78822312103075687     
        3608 -0.79065850592492604     
        3609 -0.79722996837964033     
        3610 -0.80522041590854698     
        3611 -0.81120021157885835     
        3612 -0.81356720564778873     
        3613 -0.81237663371054558     
        3614 -0.80810452850997938     
        3615 -0.80366002661629976     
        3616 -0.80381777446203595     
        3617 -0.80728850413105213     
        3618 -0.80945496386017513     
        3619 -0.80831877264755003     
        3620 -0.80403367597198816     
        3621 -0.79755435300994393     
        3622 -0.79095127815796107     
        3623 -0.78649196267180177     
        3624 -0.78404121963089068     
        3625 -0.78366967661261833     
        3626 -0.78636792986999515     
        3627 -0.78978007959627561     
        3628 -0.79042708021198582     
        3629 -0.78988398460366904     
        3630 -0.79217886154641115     
        3631 -0.79758296534631845     
        3632 -0.80341980472417585     
        3633 -0.80606684725419375     
        3634 -0.80340168232471953     
        3635 -0.79936668904166375     
        3636 -0.79929107995867121     
        3637 -0.80276454146095411     
        3638 -0.80620664813290455     
        3639 -0.80731774475067308     
        3640 -0.80568997181940438     
        3641 -0.80203190480762976     
        3642 -0.79748650457270165     
        3643 -0.79235250845309391     
        3644 -0.78648209438938699     
        3645 -0.78051375498883757     
        3646 -0.77522468459004690     
        3647 -0.77138787028281908     
        3648 -0.76984977495132867     
        3649 -0.77068312178452913     
        3650 -0.77269688398732062     
        3651 -0.77359910236173102     
        3652 -0.77243785120241892     
        3653 -0.77128926898734729     
        3654 -0.77380075363957279     
        3655 -0.78006778446361669     
        3656 -0.78679146524815868     
        3657 -0.79263465154754442     
        3658 -0.79790855899040580     
        3659 -0.80124116660777700     
        3660 -0.80096414882852562     
        3661 -0.79728725829398461     
        3662 -0.79150730399995051     
        3663 -0.78409243477433654     
        3664 -0.77456946870092647     
        3665 -0.76438719640770125     
        3666 -0.75874215993180127     
        3667 -0.75813567373794555     
        3668 -0.75780508387223389     
        3669 -0.75812239812523041     
        3670 -0.76380965280078661     
        3671 -0.77430677836262718     
        3672 -0.78380835983309038     
        3673 -0.78869572236780205     
        3674 -0.78922272987396536     
        3675 -0.78851338539028204     
        3676 -0.78978641735118471     
        3677 -0.79245583657891450     
        3678 -0.79251878836015244     
        3679 -0.78744285539678727     
        3680 -0.77923954749841506     
        3681 -0.77182678117686065     
        3682 -0.76727900717431152     
        3683 -0.76673420925467328     
        3684 -0.76999340969817465     
        3685 -0.77538383210453177     
        3686 -0.78183532353155982     
        3687 -0.78748871714324098     
        3688 -0.79066183155058567     
        3689 -0.79209550176903731     
        3690 -0.79433253162004858     
        3691 -0.79867715418269802     
        3692 -0.80319969980704586     
        3693 -0.80532359907520135     
        3694 -0.80393067085307446     
        3695 -0.79981051629320155     
        3696 -0.79511623913848672     
        3697 -0.79080040259849704     
        3698 -0.78781714841913697     
        3699 -0.78740381856915465     
        3700 -0.78791765463816588     
        3701 -0.79046323407892471     
        3702 -0.79326764687315143     
        3703 -0.79441515709449106     
        3704 -0.79677392607412367     
        3705 -0.79760138957843163     
        3706 -0.79690587767167165     
        3707 -0.79559050203680959     
        3708 -0.79334175748896263     
        3709 -0.79015139919433330     
        3710 -0.78729775577771777     
        3711 -0.78625683202875529     
        3712 -0.78694331951951391     
        3713 -0.78865888413638241     
        3714 -0.79031662171198458     
        3715 -0.79100453437966733     
        3716 -0.78934159389678471     
        3717 -0.78476386810755772     
        3718 -0.78098781819402840     
        3719 -0.78317260296951974     
        3720 -0.78823750043193885     
        3721 -0.79226496101772603     
        3722 -0.79588505159235889     
        3723 -0.79957295727116595     
        3724 -0.80212286460053428     
        3725 -0.80286760608886765     
        3726 -0.80147244647019167     
        3727 -0.79775682904436973     
        3728 -0.79280404846175090     
        3729 -0.78946506631789493     
        3730 -0.78943335979824691     
        3731 -0.79271692082558753     
        3732 -0.79654832649396390     
        3733 -0.79832746408451738     
        3734 -0.79771659857113519     
        3735 -0.79619307296838349     
        3736 -0.79594641006879008     
        3737 -0.79719938849005278     
        3738 -0.79910854162991052     
        3739 -0.80093653607017212     
        3740 -0.80224291959358496     
        3741 -0.80233454919072544     
        3742 -0.80065280311178455     
        3743 -0.79794296536120435     
        3744 -0.79621943633516645     
        3745 -0.79518852291661102     
        3746 -0.79380851651376072     
        3747 -0.79189009616865369     
        3748 -0.78974697090323298     
        3749 -0.78817401089536354     
        3750 -0.78773247011427072     
        3751 -0.78919612145846463     
        3752 -0.79312247506228628     
        3753 -0.79793155399041027     
        3754 -0.80120674031519723     
        3755 -0.80285873946677511     
        3756 -0.80443190752353422     
        3757 -0.80600892664764856     
        3758 -0.80725569582595536     
        3759 -0.80802836860949623     
        3760 -0.80882527867154341     
        3761 -0.80953702058228105     
        3762 -0.80916744605869984     
        3763 -0.80799821781952230     
        3764 -0.80753972298139620     
        3765 -0.80679059622257410     
        3766 -0.80514263828898580     
        3767 -0.80384516299005671     
        3768 -0.80359595626578850     
        3769 -0.80369361389164939     
        3770 -0.80401582729736631     
        3771 -0.80450546585628302     
        3772 -0.80411540265249959     
        3773 -0.80106171681074267     
        3774 -0.79447378906349464     
        3775 -0.78768977694159537     
        3776 -0.78684037905768833     
        3777 -0.79280820785526074     
        3778 -0.79962170581521996     
        3779 -0.80244283372894387     
        3780 -0.80183042966993312     
        3781 -0.79916633381927693     
        3782 -0.79601906204258743     
        3783 -0.79442533114536784     
        3784 -0.79499263287211563     
        3785 -0.79836070760632538     
        3786 -0.80484462527966949     
        3787 -0.81123633263124129     
        3788 -0.81461186512338168     
        3789 -0.81389291396215635     
        3790 -0.80986611050883572     
        3791 -0.80614268776770159     
        3792 -0.80654756386789239     
        3793 -0.80904741189873042     
        3794 -0.81079746507279271     
        3795 -0.81184128828188240     
        3796 -0.81299142057700657     
        3797 -0.81458625627032244     
        3798 -0.81546911012229506     
        3799 -0.81479319532337091     
        3800 -0.81365609564885288     
        3801 -0.81302117477280100     
        3802 -0.81408344170905000     
        3803 -0.81725106500896716     
        3804 -0.82022820773166660     
        3805 -0.82091953863645817     
        3806 -0.81857252266182678     
        3807 -0.81235277407852879     
        3808 -0.80396091016172844     
        3809 -0.79952267974672453     
        3810 -0.80285517583780885     
        3811 -0.81045263171101345     
        3812 -0.81856968186434464     
        3813 -0.82583356325997215     
        3814 -0.83174654918295898     
        3815 -0.83493451269526164     
        3816 -0.83386471162486864     
        3817 -0.82856174053130471     
        3818 -0.82074360079954356     
        3819 -0.81377544434701798     
        3820 -0.81095078117979791     
        3821 -0.81105909147629873     
        3822 -0.81141791921616568     
        3823 -0.81091836125091232     
        3824 -0.80878920255673281     
        3825 -0.80617297835697876     
        3826 -0.80504717844467066     
        3827 -0.80470992116748641     
        3828 -0.80341551694981372     
        3829 -0.79987874516578328     
        3830 -0.79387182718953686     
        3831 -0.78770316211404567     
        3832 -0.78466320028871839     
        3833 -0.78653823638569453     
        3834 -0.79388888942361457     
        3835 -0.80354027338946277     
        3836 -0.80936261633787165     
        3837 -0.80794023689811734     
        3838 -0.80071508097601585     
        3839 -0.79398958452352442     
        3840 -0.79384267723535329     
        3841 -0.79902891174551272     
        3842 -0.80284430386184591     
        3843 -0.80151554404009751     
        3844 -0.79696815804360777     
        3845 -0.79330937574239047     
        3846 -0.79152152265205666     
        3847 -0.79062012243494550     
        3848 -0.79065599740319870     
        3849 -0.79368408800062928     
        3850 -0.79935060202914932     
        3851 -0.80432560950503862     
        3852 -0.80696765852103891     
        3853 -0.80607334137743269     
        3854 -0.80188780968715978     
        3855 -0.79973735481630859     
        3856 -0.80077150129047336     
        3857 -0.80214208013609223     
        3858 -0.80266622866064141     
        3859 -0.80086069684779260     
        3860 -0.79711972191593627     
        3861 -0.79480696097884995     
        3862 -0.79702146792273032     
        3863 -0.80382625757285919     
        3864 -0.81224528002132468     
        3865 -0.81859095514715119     
        3866 -0.82102260654448089     
        3867 -0.81924857825445507     
        3868 -0.81521144227410480     
        3869 -0.81151627894249445     
        3870 -0.80948236577044663     
        3871 -0.80854815075192576     
        3872 -0.80655501251309181     
        3873 -0.80298688194603807     
        3874 -0.80028672110134702     
        3875 -0.79994905341492972     
        3876 -0.79946570332629663     
        3877 -0.79711406751857627     
        3878 -0.79527644464468084     
        3879 -0.79686211061584478     
        3880 -0.80046104778769456     
        3881 -0.80297769808815278     
        3882 -0.80324530753507728     
        3883 -0.80117137925449500     
        3884 -0.79701470369052418     
        3885 -0.79281629423350064     
        3886 -0.79442033186306094     
        3887 -0.80262152043852675     
        3888 -0.80955990896058638     
        3889 -0.81138058931879709     
        3890 -0.80780571516516086     
        3891 -0.80023660488164872     
        3892 -0.79154505070674186     
        3893 -0.78550202279445291     
        3894 -0.78404009546086106     
        3895 -0.78534180111799701     
        3896 -0.78863282636981091     
        3897 -0.79420277728142619     
        3898 -0.80095205814750448     
        3899 -0.80599504476668393     
        3900 -0.80757057485574668     
        3901 -0.80551592923006698     
        3902 -0.80252384636858598     
        3903 -0.80307320605732013     
        3904 -0.80657209330452517     
        3905 -0.80795522177075807     
        3906 -0.80413856853894050     
        3907 -0.79696617012938209     
        3908 -0.79405803730701308     
        3909 -0.79845085529788573     
        3910 -0.80371017409832157     
        3911 -0.80734258555514449     
        3912 -0.80930125540294839     
        3913 -0.80853061069037291     
        3914 -0.80467514050796929     
        3915 -0.79816488796588980     
        3916 -0.79047476623030144     
        3917 -0.78450383955237246     
        3918 -0.78255384615291801     
        3919 -0.78310597830108941     
        3920 -0.78144705857472607     
        3921 -0.77594580141719305     
        3922 -0.77077952603567168     
        3923 -0.76816025963205770     
        3924 -0.76788589946465768     
        3925 -0.77074734111249366     
        3926 -0.77372218486329825     
        3927 -0.77381064886265105     
        3928 -0.77199623575201481     
        3929 -0.76913466093560634     
        3930 -0.76649345810547997     
        3931 -0.76859210207479023     
        3932 -0.77689011533403707     
        3933 -0.78547989629033976     
        3934 -0.78928524385829490     
        3935 -0.78640905055927146     
        3936 -0.77872424315081767     
        3937 -0.77016036366913032     
        3938 -0.76205172074747418     
        3939 -0.75625650769496988     
        3940 -0.75597420634455414     
        3941 -0.75928189050084716     
        3942 -0.76382292551189079     
        3943 -0.76863621798996640     
        3944 -0.77275593111888108     
        3945 -0.77453548076016410     
        3946 -0.77395746385484732     
        3947 -0.77433299339631323     
        3948 -0.77755696800788077     
        3949 -0.78124055470414100     
        3950 -0.78411683334827953     
        3951 -0.78549645027221204     
        3952 -0.78415280596016179     
        3953 -0.78146587692262393     
        3954 -0.77849664037398547     
        3955 -0.77419107548420485     
        3956 -0.76962531871365925     
        3957 -0.76571889149622674     
        3958 -0.76360546702921317     
        3959 -0.76524418172141240     
        3960 -0.77100133328201825     
        3961 -0.77888929061783541     
        3962 -0.78534262673425637     
        3963 -0.78781745126314262     
        3964 -0.78630691139607312     
        3965 -0.78270853047500388     
        3966 -0.77993440392252733     
        3967 -0.77955357504592659     
        3968 -0.78066453784498469     
        3969 -0.78234665137096249     
        3970 -0.78408398668764434     
        3971 -0.78471896601800983     
        3972 -0.78414856289779156     
        3973 -0.78372017646934777     
        3974 -0.78339366361620244     
        3975 -0.78217775973719295     
        3976 -0.77997981938314564     
        3977 -0.77838227186181952     
        3978 -0.77991738666795707     
        3979 -0.78486018375432620     
        3980 -0.78926872855452557     
        3981 -0.79013170966597113     
        3982 -0.78867572719828871     
        3983 -0.78889627606295964     
        3984 -0.79365816139918177     
        3985 -0.80112825837413582     
        3986 -0.80687408531956917     
        3987 -0.80836018631970863     
        3988 -0.80610531758583992     
        3989 -0.80286016245721381     
        3990 -0.80194424604083503     
        3991 -0.80388656905875266     
        3992 -0.80532863340722205     
        3993 -0.80298750839805710     
        3994 -0.79737123276993771     
        3995 -0.79465356164047274     
        3996 -0.79822818930138362     
        3997 -0.80122477735066133     
        3998 -0.79903828154881518     
        3999 -0.79566393336610974     
        4000 -0.79695995339565018     
