        2001 -0.79554030983004020     
        2002 -0.79336684610146768     
        2003 -0.79084356846142745     
        2004 -0.78789370320822461     
        2005 -0.78457474682848183     
        2006 -0.78121004783573589     
        2007 -0.77843255231444153     
        2008 -0.77700275539720121     
        2009 -0.77744205190078253     
        2010 -0.77975419833471127     
        2011 -0.78346305039702713     
        2012 -0.78789400818580901     
        2013 -0.79243965475041511     
        2014 -0.79666265728353602     
        2015 -0.80028120323109708     
        2016 -0.80312784963732331     
        2017 -0.80511649304452015     
        2018 -0.80622315115882526     
        2019 -0.80650050657561823     
        2020 -0.80613615736047783     
        2021 -0.80548993067716335     
        2022 -0.80499450445265108     
        2023 -0.80492790758588817     
        2024 -0.80526186049545934     
        2025 -0.80571901905009391     
        2026 -0.80593036459625145     
        2027 -0.80556727544942364     
        2028 -0.80444154578526228     
        2029 -0.80256494405183432     
        2030 -0.80010981149144011     
        2031 -0.79727748293159428     
        2032 -0.79420849578259856     
        2033 -0.79102530803499638     
        2034 -0.78790955789883454     
        2035 -0.78508727969562420     
        2036 -0.78276383878905964     
        2037 -0.78112338919181112     
        2038 -0.78036291763120058     
        2039 -0.78063182023841737     
        2040 -0.78188448978496050     
        2041 -0.78379297665039804     
        2042 -0.78580596666896918     
        2043 -0.78731906700943843     
        2044 -0.78787225705906361     
        2045 -0.78729171343673776     
        2046 -0.78573912914828714     
        2047 -0.78371640180491486     
        2048 -0.78209420008588992     
        2049 -0.78203011440204917     
        2050 -0.78441833965922292     
        2051 -0.78908037374455475     
        2052 -0.79478643742893651     
        2053 -0.80021335999235865     
        2054 -0.80463854817046354     
        2055 -0.80793201034444628     
        2056 -0.81027569156847890     
        2057 -0.81192207155734919     
        2058 -0.81305060559304210     
        2059 -0.81372566754086662     
        2060 -0.81394629535368801     
        2061 -0.81373428023450767     
        2062 -0.81319087225513542     
        2063 -0.81249972489078170     
        2064 -0.81190415922003911     
        2065 -0.81167758407426915     
        2066 -0.81205546865810307     
        2067 -0.81310743622100667     
        2068 -0.81463129213605157     
        2069 -0.81618469663940663     
        2070 -0.81725602950517084     
        2071 -0.81746920180648197     
        2072 -0.81673047264728471     
        2073 -0.81527496719060522     
        2074 -0.81358780757364746     
        2075 -0.81218837767777241     
        2076 -0.81135476412499863     
        2077 -0.81098436673488472     
        2078 -0.81071667772776590     
        2079 -0.81019997176720659     
        2080 -0.80929846232835612     
        2081 -0.80816002566032097     
        2082 -0.80716442576006475     
        2083 -0.80676474323109237     
        2084 -0.80722196159531223     
        2085 -0.80840540761000090     
        2086 -0.80995415332109877     
        2087 -0.81163213475041540     
        2088 -0.81337967892396912     
        2089 -0.81506313798745800     
        2090 -0.81634386589520991     
        2091 -0.81682892532349882     
        2092 -0.81627129779421748     
        2093 -0.81459913171298914     
        2094 -0.81182012697493700     
        2095 -0.80797489067812733     
        2096 -0.80323175679458325     
        2097 -0.79810127120677965     
        2098 -0.79360407505823050     
        2099 -0.79104345614778204     
        2100 -0.79124540219389583     
        2101 -0.79391800642011867     
        2102 -0.79791202780126869     
        2103 -0.80206243152850565     
        2104 -0.80575344368638546     
        2105 -0.80894681304886695     
        2106 -0.81190184548139077     
        2107 -0.81484952363564045     
        2108 -0.81779425148526208     
        2109 -0.82049665272592687     
        2110 -0.82257592333186413     
        2111 -0.82364610569404251     
        2112 -0.82343793902663864     
        2113 -0.82188311698428052     
        2114 -0.81914423803874925     
        2115 -0.81558770909010969     
        2116 -0.81171480937865215     
        2117 -0.80806937002831492     
        2118 -0.80513203156279733     
        2119 -0.80322478295063393     
        2120 -0.80248354273679900     
        2121 -0.80291422470470208     
        2122 -0.80445760580846015     
        2123 -0.80700392596557080     
        2124 -0.81037434526948116     
        2125 -0.81430471354786182     
        2126 -0.81846560694249137     
        2127 -0.82252892958418578     
        2128 -0.82624500865901040     
        2129 -0.82948134776144355     
        2130 -0.83220484928967209     
        2131 -0.83442559430250896     
        2132 -0.83613897971621531     
        2133 -0.83729725012731171     
        2134 -0.83782221498041176     
        2135 -0.83765189421128206     
        2136 -0.83680756280876067     
        2137 -0.83545590523548652     
        2138 -0.83391665752773259     
        2139 -0.83257478248830841     
        2140 -0.83173074336752184     
        2141 -0.83148925892044412     
        2142 -0.83176202115377185     
        2143 -0.83236394094656940     
        2144 -0.83312409159835166     
        2145 -0.83394610804640068     
        2146 -0.83479347426737505     
        2147 -0.83562048083659102     
        2148 -0.83631228143388470     
        2149 -0.83669490732697260     
        2150 -0.83661154436682428     
        2151 -0.83599316173849259     
        2152 -0.83485102394958488     
        2153 -0.83319725363824804     
        2154 -0.83097650056943695     
        2155 -0.82808999859458066     
        2156 -0.82451906050404056     
        2157 -0.82048378338757655     
        2158 -0.81652852244998197     
        2159 -0.81341487647099875     
        2160 -0.81181701848008714     
        2161 -0.81203342693057912     
        2162 -0.81391635046133726     
        2163 -0.81697261755210449     
        2164 -0.82053111958558489     
        2165 -0.82393434374749064     
        2166 -0.82670917458677062     
        2167 -0.82867843649706407     
        2168 -0.82995059584478181     
        2169 -0.83075457073316628     
        2170 -0.83124715233847879     
        2171 -0.83146032258084257     
        2172 -0.83134276218351377     
        2173 -0.83077116112743443     
        2174 -0.82959235407229326     
        2175 -0.82777467732238097     
        2176 -0.82556591199293961     
        2177 -0.82351183417765728     
        2178 -0.82227984332766590     
        2179 -0.82233307079802642     
        2180 -0.82364447338112345     
        2181 -0.82570375165290533     
        2182 -0.82782765872938147     
        2183 -0.82948600627948277     
        2184 -0.83042172482280419     
        2185 -0.83060190711135273     
        2186 -0.83014885947489525     
        2187 -0.82932895071783852     
        2188 -0.82853818140489577     
        2189 -0.82816621427826087     
        2190 -0.82837269406278080     
        2191 -0.82900914773452561     
        2192 -0.82977683845227834     
        2193 -0.83042246095083072     
        2194 -0.83081316829828489     
        2195 -0.83092074575618968     
        2196 -0.83078315498536515     
        2197 -0.83046646485129660     
        2198 -0.83002267773503202     
        2199 -0.82943671675436825     
        2200 -0.82858898874566578     
        2201 -0.82731576209811586     
        2202 -0.82560575820332360     
        2203 -0.82374756095709034     
        2204 -0.82215179880306422     
        2205 -0.82102156264659376     
        2206 -0.82034132553593642     
        2207 -0.82004151642642176     
        2208 -0.81994080707775219     
        2209 -0.81963766797893389     
        2210 -0.81864854659315833     
        2211 -0.81671851024425379     
        2212 -0.81404601081071382     
        2213 -0.81125444558566095     
        2214 -0.80913096586484590     
        2215 -0.80830338855859241     
        2216 -0.80901068484531147     
        2217 -0.81103962391197582     
        2218 -0.81387568739896055     
        2219 -0.81698146876709477     
        2220 -0.81999880084666632     
        2221 -0.82282296450254899     
        2222 -0.82561111732424819     
        2223 -0.82868169891297871     
        2224 -0.83225359513503272     
        2225 -0.83616944894048595     
        2226 -0.83984637129685724     
        2227 -0.84251379575779028     
        2228 -0.84354775765995993     
        2229 -0.84268065387082103     
        2230 -0.84002032586471420     
        2231 -0.83594668030489883     
        2232 -0.83098704402974610     
        2233 -0.82573141691345264     
        2234 -0.82076907737198512     
        2235 -0.81659152407278757     
        2236 -0.81347693569522017     
        2237 -0.81145218971184263     
        2238 -0.81038674061693483     
        2239 -0.81014189324157992     
        2240 -0.81065133078590346     
        2241 -0.81189231604093792     
        2242 -0.81381320191966766     
        2243 -0.81629141856972187     
        2244 -0.81912774442429293     
        2245 -0.82206262170383948     
        2246 -0.82482056715454988     
        2247 -0.82716808231795658     
        2248 -0.82894656035282999     
        2249 -0.83007553190204508     
        2250 -0.83055617429298745     
        2251 -0.83048060888320641     
        2252 -0.83001589172965240     
        2253 -0.82934804770248827     
        2254 -0.82861855025967435     
        2255 -0.82789621629247356     
        2256 -0.82718293544394916     
        2257 -0.82641900810695890     
        2258 -0.82549250344303482     
        2259 -0.82430046452404748     
        2260 -0.82286090104232334     
        2261 -0.82135962476641555     
        2262 -0.82002065740293884     
        2263 -0.81893048749580910     
        2264 -0.81806204772491675     
        2265 -0.81741490020354268     
        2266 -0.81702701965597835     
        2267 -0.81693597222163183     
        2268 -0.81725500659660066     
        2269 -0.81823888524897748     
        2270 -0.82014030931504589     
        2271 -0.82292542795633494     
        2272 -0.82613490927765065     
        2273 -0.82903505823084733     
        2274 -0.83091018901891067     
        2275 -0.83129899602581858     
        2276 -0.83012610654556152     
        2277 -0.82773824356515624     
        2278 -0.82479312436072694     
        2279 -0.82197135003059740     
        2280 -0.81968182150398183     
        2281 -0.81799535866732098     
        2282 -0.81679244682554775     
        2283 -0.81595979053433310     
        2284 -0.81553850975385156     
        2285 -0.81574800879721243     
        2286 -0.81682690078460507     
        2287 -0.81879024425243874     
        2288 -0.82132599507604509     
        2289 -0.82390049756746897     
        2290 -0.82593911615135096     
        2291 -0.82697215599738871     
        2292 -0.82670630854174620     
        2293 -0.82501314542080872     
        2294 -0.82188474222261954     
        2295 -0.81742851399446093     
        2296 -0.81191787890884060     
        2297 -0.80584707837528957     
        2298 -0.79991959378612243     
        2299 -0.79493680509604714     
        2300 -0.79160267542298623     
        2301 -0.79029968548834573     
        2302 -0.79094886210003845     
        2303 -0.79307247065970310     
        2304 -0.79603217006152627     
        2305 -0.79925848113002251     
        2306 -0.80233189427363194     
        2307 -0.80494671401286511     
        2308 -0.80687388801936266     
        2309 -0.80797697447602745     
        2310 -0.80824605838022334     
        2311 -0.80780495315187928     
        2312 -0.80688313475809437     
        2313 -0.80575730688064207     
        2314 -0.80466912297345128     
        2315 -0.80374819686924392     
        2316 -0.80301024064430693     
        2317 -0.80249660430186021     
        2318 -0.80248239768284924     
        2319 -0.80347271708353574     
        2320 -0.80578711767189926     
        2321 -0.80910335479447659     
        2322 -0.81256208285729636     
        2323 -0.81531219506337482     
        2324 -0.81691166496416867     
        2325 -0.81737626551040887     
        2326 -0.81702816458973937     
        2327 -0.81630261484480882     
        2328 -0.81558191148449644     
        2329 -0.81508750500145799     
        2330 -0.81485366227188782     
        2331 -0.81477709568811885     
        2332 -0.81470362578586575     
        2333 -0.81450640463993806     
        2334 -0.81413826333235739     
        2335 -0.81367642070747159     
        2336 -0.81339342248656610     
        2337 -0.81381359611996473     
        2338 -0.81555933075591069     
        2339 -0.81887485532173454     
        2340 -0.82325312887489022     
        2341 -0.82768616467580447     
        2342 -0.83123784454902039     
        2343 -0.83334585632634084     
        2344 -0.83378868143112039     
        2345 -0.83254504349273351     
        2346 -0.82969363551309683     
        2347 -0.82538754920407831     
        2348 -0.81987915698744351     
        2349 -0.81355601167988234     
        2350 -0.80696234388631349     
        2351 -0.80079184862933206     
        2352 -0.79582564693836588     
        2353 -0.79277754832881153     
        2354 -0.79205060117386727     
        2355 -0.79352631655284256     
        2356 -0.79656070152267977     
        2357 -0.80021837940548346     
        2358 -0.80359179824981408     
        2359 -0.80604650414851842     
        2360 -0.80734040899288217     
        2361 -0.80761291863283513     
        2362 -0.80724245382968796     
        2363 -0.80663587731051445     
        2364 -0.80608981973057592     
        2365 -0.80578579504617309     
        2366 -0.80584310175477991     
        2367 -0.80636528775512761     
        2368 -0.80746290330502912     
        2369 -0.80920834522365515     
        2370 -0.81153172927749639     
        2371 -0.81417799450894512     
        2372 -0.81679283060622865     
        2373 -0.81904813666073717     
        2374 -0.82070372403313629     
        2375 -0.82160963715679602     
        2376 -0.82170145560182395     
        2377 -0.82099052221079971     
        2378 -0.81952030033505685     
        2379 -0.81731529252516955     
        2380 -0.81440015429128199     
        2381 -0.81090743675670574     
        2382 -0.80717174362544308     
        2383 -0.80367422299748514     
        2384 -0.80086050844833534     
        2385 -0.79900783645967666     
        2386 -0.79818532853974589     
        2387 -0.79820761475853863     
        2388 -0.79863723025737055     
        2389 -0.79895587868248663     
        2390 -0.79880675169482118     
        2391 -0.79811018822738500     
        2392 -0.79700763739765013     
        2393 -0.79574831709740046     
        2394 -0.79463710818578004     
        2395 -0.79400672727767807     
        2396 -0.79405470260047717     
        2397 -0.79459602090831438     
        2398 -0.79506903311173094     
        2399 -0.79488133914276626     
        2400 -0.79375960769509279     
        2401 -0.79185489815360044     
        2402 -0.78963455687056394     
        2403 -0.78767346516781245     
        2404 -0.78644142395603212     
        2405 -0.78616319668395329     
        2406 -0.78678582569481692     
        2407 -0.78803187837313393     
        2408 -0.78948084950524799     
        2409 -0.79064729144472234     
        2410 -0.79107801446193549     
        2411 -0.79048547062549768     
        2412 -0.78887116481795128     
        2413 -0.78656600203486604     
        2414 -0.78415280332103487     
        2415 -0.78229385577526145     
        2416 -0.78153904486656856     
        2417 -0.78220352737783538     
        2418 -0.78433140715795335     
        2419 -0.78768083150864787     
        2420 -0.79172607336584089     
        2421 -0.79577157343450799     
        2422 -0.79920944764900836     
        2423 -0.80177119347327530     
        2424 -0.80357604424348128     
        2425 -0.80494915901858699     
        2426 -0.80617672967759291     
        2427 -0.80737265179162454     
        2428 -0.80847835376086752     
        2429 -0.80931464027340383     
        2430 -0.80963946815578580     
        2431 -0.80922070328821105     
        2432 -0.80792660765839708     
        2433 -0.80580343684193301     
        2434 -0.80309901581228627     
        2435 -0.80020111494589452     
        2436 -0.79749094499332607     
        2437 -0.79518023341767208     
        2438 -0.79325287557470603     
        2439 -0.79156832902832230     
        2440 -0.79003816055945575     
        2441 -0.78872700028995524     
        2442 -0.78780184509236928     
        2443 -0.78738934469959676     
        2444 -0.78749311589862991     
        2445 -0.78804832858745788     
        2446 -0.78900808257168320     
        2447 -0.79032364124427823     
        2448 -0.79183140756099213     
        2449 -0.79317488627089938     
        2450 -0.79385180214435613     
        2451 -0.79337148967139459     
        2452 -0.79145229256466687     
        2453 -0.78818552325402469     
        2454 -0.78408580994301968     
        2455 -0.77995234505996147     
        2456 -0.77656049384203851     
        2457 -0.77435634817508292     
        2458 -0.77335606485582942     
        2459 -0.77327090663015052     
        2460 -0.77371075486401042     
        2461 -0.77434418753287404     
        2462 -0.77498760301907077     
        2463 -0.77562508421924148     
        2464 -0.77635560350985244     
        2465 -0.77728401822250603     
        2466 -0.77840586699619363     
        2467 -0.77955301754017270     
        2468 -0.78044101662135024     
        2469 -0.78079878750429177     
        2470 -0.78051238830381853     
        2471 -0.77970592402969330     
        2472 -0.77870177435949606     
        2473 -0.77785729128478520     
        2474 -0.77737171398763882     
        2475 -0.77720512662561037     
        2476 -0.77717039052543790     
        2477 -0.77712114848733893     
        2478 -0.77709630733498802     
        2479 -0.77731492323925933     
        2480 -0.77801354728704419     
        2481 -0.77924758081739232     
        2482 -0.78083468528920674     
        2483 -0.78250060540032762     
        2484 -0.78410342669232203     
        2485 -0.78573951980805101     
        2486 -0.78759496253489969     
        2487 -0.78962140203255893     
        2488 -0.79137020439912309     
        2489 -0.79218755727535883     
        2490 -0.79156869629525606     
        2491 -0.78941252459365951     
        2492 -0.78609326362437992     
        2493 -0.78229226268375118     
        2494 -0.77861475953415926     
        2495 -0.77532708385636839     
        2496 -0.77252975960140369     
        2497 -0.77052226941863011     
        2498 -0.76984783700501047     
        2499 -0.77087626238183460     
        2500 -0.77336091777481286     
        2501 -0.77650382883155056     
        2502 -0.77942552153093503     
        2503 -0.78152202145540095     
        2504 -0.78252620988399291     
        2505 -0.78244975649548443     
        2506 -0.78154587208630943     
        2507 -0.78024598361869701     
        2508 -0.77899873763233696     
        2509 -0.77811673692171246     
        2510 -0.77778511512296655     
        2511 -0.77815330876820787     
        2512 -0.77931047275198451     
        2513 -0.78114016099099592     
        2514 -0.78324028180276917     
        2515 -0.78502337552062273     
        2516 -0.78592922728340964     
        2517 -0.78560223061880485     
        2518 -0.78394204245669274     
        2519 -0.78105028321469505     
        2520 -0.77715562051761145     
        2521 -0.77257520196535279     
        2522 -0.76771130339214433     
        2523 -0.76304350565669277     
        2524 -0.75907795886141394     
        2525 -0.75625532811660556     
        2526 -0.75485915697470563     
        2527 -0.75496174871506938     
        2528 -0.75641081537170263     
        2529 -0.75885919517096856     
        2530 -0.76184461436060580     
        2531 -0.76489248841699553     
        2532 -0.76759991842291997     
        2533 -0.76969249620170166     
        2534 -0.77106488607692625     
        2535 -0.77179197831822532     
        2536 -0.77207279907422521     
        2537 -0.77210770458825506     
        2538 -0.77200891198386068     
        2539 -0.77183410020443755     
        2540 -0.77167956247467695     
        2541 -0.77170852445544014     
        2542 -0.77209323024253607     
        2543 -0.77292185857163798     
        2544 -0.77411678941483331     
        2545 -0.77541550119702762     
        2546 -0.77645320461542311     
        2547 -0.77692130995116260     
        2548 -0.77672878596298334     
        2549 -0.77609681001153719     
        2550 -0.77552298690221444     
        2551 -0.77557208563952329     
        2552 -0.77657883299739727     
        2553 -0.77848880215987692     
        2554 -0.78095521697173842     
        2555 -0.78354898567255382     
        2556 -0.78589832922114544     
        2557 -0.78772536809660965     
        2558 -0.78883495064139864     
        2559 -0.78910017641296759     
        2560 -0.78846073969069197     
        2561 -0.78693461633182282     
        2562 -0.78463320109634460     
        2563 -0.78176510825345336     
        2564 -0.77861550769303123     
        2565 -0.77549701705871366     
        2566 -0.77268911613183799     
        2567 -0.77039732804255656     
        2568 -0.76874940956373272     
        2569 -0.76781361579667573     
        2570 -0.76760795281914962     
        2571 -0.76808933438237947     
        2572 -0.76914309977020268     
        2573 -0.77060190688974506     
        2574 -0.77229244441947476     
        2575 -0.77406528856870782     
        2576 -0.77576802722654770     
        2577 -0.77719759647296915     
        2578 -0.77811964101615305     
        2579 -0.77837113546531245     
        2580 -0.77796179296796109     
        2581 -0.77709335420119985     
        2582 -0.77609408859818285     
        2583 -0.77530843046921860     
        2584 -0.77498313246413131     
        2585 -0.77518993848611839     
        2586 -0.77582942908259045     
        2587 -0.77672020146630361     
        2588 -0.77770265389779825     
        2589 -0.77868157660091464     
        2590 -0.77960549170933746     
        2591 -0.78043235642462405     
        2592 -0.78111189709926254     
        2593 -0.78158358667299033     
        2594 -0.78178346906118845     
        2595 -0.78166002172881877     
        2596 -0.78119497058989296     
        2597 -0.78041119180221474     
        2598 -0.77934461331070604     
        2599 -0.77798569828790676     
        2600 -0.77623839387352567     
        2601 -0.77394673365135458     
        2602 -0.77098360782211428     
        2603 -0.76735609082834511     
        2604 -0.76329072317737057     
        2605 -0.75925622461598963     
        2606 -0.75584721281227985     
        2607 -0.75352306320343543     
        2608 -0.75239639754549670     
        2609 -0.75227536882998747     
        2610 -0.75287602393948549     
        2611 -0.75399227486699416     
        2612 -0.75556335768214822     
        2613 -0.75766794441272522     
        2614 -0.76044205460732117     
        2615 -0.76393730082209155     
        2616 -0.76800780397547197     
        2617 -0.77232007881690445     
        2618 -0.77651784441589222     
        2619 -0.78047912785807205     
        2620 -0.78440847407990233     
        2621 -0.78848916035404437     
        2622 -0.79244718450327123     
        2623 -0.79569998952112697     
        2624 -0.79783990210818012     
        2625 -0.79878191849638125     
        2626 -0.79859558655968987     
        2627 -0.79736259944751686     
        2628 -0.79516661553094747     
        2629 -0.79215290187323373     
        2630 -0.78861333180962290     
        2631 -0.78504725482292670     
        2632 -0.78207394461643343     
        2633 -0.78014635390405240     
        2634 -0.77928381665756674     
        2635 -0.77910741595989752     
        2636 -0.77913919161240563     
        2637 -0.77908415431219258     
        2638 -0.77892179320121002     
        2639 -0.77881928285416957     
        2640 -0.77895706814253129     
        2641 -0.77936988648863315     
        2642 -0.77988485593633672     
        2643 -0.78017436926148698     
        2644 -0.77988467711473619     
        2645 -0.77879291257429994     
        2646 -0.77692920931638876     
        2647 -0.77454222210779877     
        2648 -0.77186481306590693     
        2649 -0.76893470676125919     
        2650 -0.76575772430421318     
        2651 -0.76263736738041399     
        2652 -0.76025266692861071     
        2653 -0.75932657924589853     
        2654 -0.76014328402316989     
        2655 -0.76240670179877568     
        2656 -0.76558384268589730     
        2657 -0.76931411917956416     
        2658 -0.77347483690758267     
        2659 -0.77793204954394002     
        2660 -0.78233333647185532     
        2661 -0.78620217040278262     
        2662 -0.78919607925760316     
        2663 -0.79124788020655590     
        2664 -0.79252039539491959     
        2665 -0.79326907340493835     
        2666 -0.79370678365468139     
        2667 -0.79394026501742820     
        2668 -0.79400226612826164     
        2669 -0.79391797002900832     
        2670 -0.79373567937199141     
        2671 -0.79352551950490935     
        2672 -0.79337625343090745     
        2673 -0.79337377693503108     
        2674 -0.79353180871225870     
        2675 -0.79372065148189130     
        2676 -0.79370943014792028     
        2677 -0.79334678015572280     
        2678 -0.79271919585524020     
        2679 -0.79211714686877055     
        2680 -0.79184138351832090     
        2681 -0.79203688854520049     
        2682 -0.79267273286345830     
        2683 -0.79361496403457021     
        2684 -0.79468754436362365     
        2685 -0.79568781580761672     
        2686 -0.79639070844205306     
        2687 -0.79658943218592071     
        2688 -0.79618443897669944     
        2689 -0.79527742101090992     
        2690 -0.79419798221665905     
        2691 -0.79341486211425194     
        2692 -0.79334375300112281     
        2693 -0.79413479815297028     
        2694 -0.79557548670303946     
        2695 -0.79719451011288789     
        2696 -0.79850133313310367     
        2697 -0.79920432006732134     
        2698 -0.79929657267859633     
        2699 -0.79898948952720361     
        2700 -0.79854673943330323     
        2701 -0.79813367600789542     
        2702 -0.79778289939617220     
        2703 -0.79746232550663909     
        2704 -0.79715759736478231     
        2705 -0.79691184980853880     
        2706 -0.79681235420398222     
        2707 -0.79693676247077638     
        2708 -0.79729214054010644     
        2709 -0.79778448586274509     
        2710 -0.79823713489954196     
        2711 -0.79845030440580300     
        2712 -0.79828015782221573     
        2713 -0.79771881869370098     
        2714 -0.79695210811658745     
        2715 -0.79633630306081449     
        2716 -0.79623960179329878     
        2717 -0.79682111460564542     
        2718 -0.79793325757897027     
        2719 -0.79922454856493252     
        2720 -0.80032576475744599     
        2721 -0.80098088759712260     
        2722 -0.80108791876126528     
        2723 -0.80068518338078165     
        2724 -0.79992388354016641     
        2725 -0.79904244440342798     
        2726 -0.79833304095365598     
        2727 -0.79808166293839333     
        2728 -0.79848151591899552     
        2729 -0.79955343412933733     
        2730 -0.80112837725280661     
        2731 -0.80291591304787635     
        2732 -0.80461366662275846     
        2733 -0.80598878932608120     
        2734 -0.80690864827460129     
        2735 -0.80734694942673324     
        2736 -0.80738382433721312     
        2737 -0.80719149204587726     
        2738 -0.80699269108584171     
        2739 -0.80699368679438443     
        2740 -0.80730954811954969     
        2741 -0.80791338254350242     
        2742 -0.80863328753331443     
        2743 -0.80918836993554299     
        2744 -0.80923529160349061     
        2745 -0.80841823379697508     
        2746 -0.80644663158573104     
        2747 -0.80325086455554218     
        2748 -0.79926320066280676     
        2749 -0.79564079971676471     
        2750 -0.79375007889139715     
        2751 -0.79385384646043800     
        2752 -0.79484756774641818     
        2753 -0.79557856668938243     
        2754 -0.79572046161745213     
        2755 -0.79554243286600301     
        2756 -0.79538325068146887     
        2757 -0.79534137868717536     
        2758 -0.79525420556635940     
        2759 -0.79486452918714001     
        2760 -0.79401372149243166     
        2761 -0.79273504538543516     
        2762 -0.79121274806368724     
        2763 -0.78965730693864622     
        2764 -0.78819617892589178     
        2765 -0.78686493048151218     
        2766 -0.78568353185150508     
        2767 -0.78470965020733507     
        2768 -0.78400531773020310     
        2769 -0.78357867500929723     
        2770 -0.78339625104884203     
        2771 -0.78346903728272832     
        2772 -0.78390765724524891     
        2773 -0.78484069897338271     
        2774 -0.78623665735436032     
        2775 -0.78781681972479911     
        2776 -0.78916935903480412     
        2777 -0.78995285939786641     
        2778 -0.79002203017258510     
        2779 -0.78944531911383187     
        2780 -0.78848321205584782     
        2781 -0.78755391168037758     
        2782 -0.78711668072776375     
        2783 -0.78743622357356469     
        2784 -0.78839747894157597     
        2785 -0.78959403573435771     
        2786 -0.79061677564209920     
        2787 -0.79126599094272820     
        2788 -0.79157334661684231     
        2789 -0.79171865591007906     
        2790 -0.79193312830191487     
        2791 -0.79242326302637645     
        2792 -0.79333055113665385     
        2793 -0.79470006589196829     
        2794 -0.79641227459507835     
        2795 -0.79815488109088928     
        2796 -0.79957900393552994     
        2797 -0.80059161242702293     
        2798 -0.80147911277750972     
        2799 -0.80258509957718738     
        2800 -0.80383063802989629     
        2801 -0.80475598973171025     
        2802 -0.80499251752243883     
        2803 -0.80446504299284138     
        2804 -0.80323482725939876     
        2805 -0.80139416541552921     
        2806 -0.79914396181317260     
        2807 -0.79684808140024865     
        2808 -0.79493775582665138     
        2809 -0.79374883051006184     
        2810 -0.79341988437543287     
        2811 -0.79390631473439377     
        2812 -0.79508999626763932     
        2813 -0.79688750534339658     
        2814 -0.79920168073669906     
        2815 -0.80170492457794440     
        2816 -0.80374862595661778     
        2817 -0.80461965430947047     
        2818 -0.80390140380085462     
        2819 -0.80161535227651415     
        2820 -0.79812741041674773     
        2821 -0.79397504714701261     
        2822 -0.78974669412696596     
        2823 -0.78604297927307021     
        2824 -0.78344192415097247     
        2825 -0.78238988982243773     
        2826 -0.78305099432919023     
        2827 -0.78521713698317863     
        2828 -0.78835193324882902     
        2829 -0.79177813334087199     
        2830 -0.79494300298695753     
        2831 -0.79762369097594621     
        2832 -0.79993301272088047     
        2833 -0.80211699708608553     
        2834 -0.80431985634614378     
        2835 -0.80651877790871540     
        2836 -0.80863176674740034     
        2837 -0.81062769766121046     
        2838 -0.81251697242400955     
        2839 -0.81424469708954672     
        2840 -0.81559097467157382     
        2841 -0.81619643670707342     
        2842 -0.81575011206538472     
        2843 -0.81422757110814648     
        2844 -0.81199829595556250     
        2845 -0.80969635052067357     
        2846 -0.80791416663745541     
        2847 -0.80693240880467254     
        2848 -0.80667830641367522     
        2849 -0.80688873273815842     
        2850 -0.80730507121812201     
        2851 -0.80777505657908855     
        2852 -0.80825283730987996     
        2853 -0.80874896482015757     
        2854 -0.80928163704267053     
        2855 -0.80985201884448410     
        2856 -0.81042914237314667     
        2857 -0.81092689232159088     
        2858 -0.81119771922130757     
        2859 -0.81108167431940081     
        2860 -0.81047886383542822     
        2861 -0.80937344522227050     
        2862 -0.80780949066703855     
        2863 -0.80588451728146870     
        2864 -0.80378715371387510     
        2865 -0.80182932630097759     
        2866 -0.80040442128865730     
        2867 -0.79986027281626082     
        2868 -0.80035341871081045     
        2869 -0.80177321938728563     
        2870 -0.80376735083440398     
        2871 -0.80582766074467116     
        2872 -0.80738314498143193     
        2873 -0.80788530654218793     
        2874 -0.80690836795164955     
        2875 -0.80429798846262790     
        2876 -0.80035970613423879     
        2877 -0.79594284406204896     
        2878 -0.79220706899790150     
        2879 -0.79016730748683384     
        2880 -0.79040514198340361     
        2881 -0.79298531161226515     
        2882 -0.79742184071224653     
        2883 -0.80281343924946924     
        2884 -0.80817721561705647     
        2885 -0.81274951140683560     
        2886 -0.81609327907078910     
        2887 -0.81804803862240338     
        2888 -0.81862930305793535     
        2889 -0.81795697651762367     
        2890 -0.81625412515258489     
        2891 -0.81392190416690435     
        2892 -0.81158694682368260     
        2893 -0.80986896667135189     
        2894 -0.80888394137452646     
        2895 -0.80811375190633539     
        2896 -0.80690195010437515     
        2897 -0.80491528198355955     
        2898 -0.80217776313263500     
        2899 -0.79892270634642149     
        2900 -0.79550248455336225     
        2901 -0.79237225683790535     
        2902 -0.79007512004571057     
        2903 -0.78915946637460588     
        2904 -0.79000288488575665     
        2905 -0.79261266852186385     
        2906 -0.79654625942516222     
        2907 -0.80102789878140346     
        2908 -0.80518422607316487     
        2909 -0.80827631854506699     
        2910 -0.80986149998829238     
        2911 -0.80985449279827559     
        2912 -0.80847894011068144     
        2913 -0.80614795174194498     
        2914 -0.80334094235641074     
        2915 -0.80049834596607305     
        2916 -0.79792419466084674     
        2917 -0.79573646806009024     
        2918 -0.79386956892546678     
        2919 -0.79206799963958563     
        2920 -0.78994469933739586     
        2921 -0.78721605422475027     
        2922 -0.78398488017016821     
        2923 -0.78081321319056463     
        2924 -0.77849155266815773     
        2925 -0.77766205283880829     
        2926 -0.77853339879795502     
        2927 -0.78082764959774198     
        2928 -0.78393211272981900     
        2929 -0.78705675990954527     
        2930 -0.78941841655965639     
        2931 -0.79055356719484804     
        2932 -0.79047195161285777     
        2933 -0.78949812348454085     
        2934 -0.78802778914397398     
        2935 -0.78642030603236490     
        2936 -0.78504795583473552     
        2937 -0.78435189831649621     
        2938 -0.78471867694729724     
        2939 -0.78620485947331697     
        2940 -0.78843427034781699     
        2941 -0.79085933010073795     
        2942 -0.79308920804368754     
        2943 -0.79493170306583916     
        2944 -0.79623816893243626     
        2945 -0.79685412810239797     
        2946 -0.79673290166653854     
        2947 -0.79603104398683366     
        2948 -0.79507090431640615     
        2949 -0.79422319852089196     
        2950 -0.79380354173078671     
        2951 -0.79400781681399557     
        2952 -0.79486706328749290     
        2953 -0.79622341075711001     
        2954 -0.79775392734225781     
        2955 -0.79905259480505297     
        2956 -0.79974605589973724     
        2957 -0.79961143792708012     
        2958 -0.79867984271255177     
        2959 -0.79729168483765855     
        2960 -0.79601260514419703     
        2961 -0.79534064552766726     
        2962 -0.79538083859012187     
        2963 -0.79583295252738639     
        2964 -0.79630730597825050     
        2965 -0.79659872792909803     
        2966 -0.79669428685024990     
        2967 -0.79663470175405937     
        2968 -0.79643677032454496     
        2969 -0.79611725261498989     
        2970 -0.79571374362989267     
        2971 -0.79524546647122185     
        2972 -0.79464402127873857     
        2973 -0.79369140306429997     
        2974 -0.79201993783625790     
        2975 -0.78926110572440245     
        2976 -0.78534593314402124     
        2977 -0.78075697845387115     
        2978 -0.77641846290630490     
        2979 -0.77318338405653497     
        2980 -0.77138097815655438     
        2981 -0.77081314572044490     
        2982 -0.77102806473508034     
        2983 -0.77158878713093737     
        2984 -0.77225483063930656     
        2985 -0.77304627227368039     
        2986 -0.77414641143184115     
        2987 -0.77569585141374475     
        2988 -0.77767092760669310     
        2989 -0.77995509293151333     
        2990 -0.78246327129800541     
        2991 -0.78515422489723208     
        2992 -0.78796129089165601     
        2993 -0.79075753525083425     
        2994 -0.79338447315480598     
        2995 -0.79567547389209081     
        2996 -0.79742207814934352     
        2997 -0.79833281374522236     
        2998 -0.79808722657645936     
        2999 -0.79649858948879515     
        3000 -0.79366787806648931     
        3001 -0.78999564639202224     
        3002 -0.78602317975752312     
        3003 -0.78220924494990207     
        3004 -0.77882243960690278     
        3005 -0.77604184678540944     
        3006 -0.77414698565338513     
        3007 -0.77353685065911126     
        3008 -0.77444029367553002     
        3009 -0.77656593295556942     
        3010 -0.77911427687227974     
        3011 -0.78116743468191197     
        3012 -0.78208628514438450     
        3013 -0.78167670670354406     
        3014 -0.78013807577037120     
        3015 -0.77789344872266342     
        3016 -0.77541531994177193     
        3017 -0.77312958256212672     
        3018 -0.77139108432399273     
        3019 -0.77047102318801652     
        3020 -0.77053460342098790     
        3021 -0.77162596429318675     
        3022 -0.77366109409894690     
        3023 -0.77642591725666499     
        3024 -0.77960492655426838     
        3025 -0.78285296324425913     
        3026 -0.78587443973154081     
        3027 -0.78847336046571781     
        3028 -0.79058182896485862     
        3029 -0.79227348464104186     
        3030 -0.79371666593096291     
        3031 -0.79504514089028133     
        3032 -0.79624954732220099     
        3033 -0.79720340908893195     
        3034 -0.79777410051273179     
        3035 -0.79789189099601265     
        3036 -0.79754774543653439     
        3037 -0.79677475301230671     
        3038 -0.79565842299861811     
        3039 -0.79436944505588458     
        3040 -0.79317228474025958     
        3041 -0.79236054969339398     
        3042 -0.79211996996697076     
        3043 -0.79239272602745414     
        3044 -0.79284149090528966     
        3045 -0.79294930879475622     
        3046 -0.79220017020859579     
        3047 -0.79026083935612634     
        3048 -0.78712618105353716     
        3049 -0.78321864840514366     
        3050 -0.77938770509215161     
        3051 -0.77669071830989633     
        3052 -0.77596711042046418     
        3053 -0.77750976462993782     
        3054 -0.78105817170142045     
        3055 -0.78595448903268794     
        3056 -0.79129297332535020     
        3057 -0.79609012935352952     
        3058 -0.79948379778655576     
        3059 -0.80089027158551651     
        3060 -0.80008035194673632     
        3061 -0.79720225930972499     
        3062 -0.79277336769395035     
        3063 -0.78759968676797376     
        3064 -0.78257669658970397     
        3065 -0.77843716044386879     
        3066 -0.77559583417932199     
        3067 -0.77416451419605581     
        3068 -0.77407068702426607     
        3069 -0.77516112437075335     
        3070 -0.77723825919208755     
        3071 -0.78006861520269277     
        3072 -0.78340925988106469     
        3073 -0.78703860854379371     
        3074 -0.79075378064954294     
        3075 -0.79433806015735120     
        3076 -0.79754269876323924     
        3077 -0.80011545224299208     
        3078 -0.80186674144907166     
        3079 -0.80274465067573109     
        3080 -0.80288585481886898     
        3081 -0.80260221266420062     
        3082 -0.80228014179950402     
        3083 -0.80223754028378202     
        3084 -0.80263291462629593     
        3085 -0.80345937549027502     
        3086 -0.80457432019791353     
        3087 -0.80574724516208795     
        3088 -0.80675290423348844     
        3089 -0.80747973340698553     
        3090 -0.80796332819454741     
        3091 -0.80830533437733187     
        3092 -0.80854491020732933     
        3093 -0.80859381944116271     
        3094 -0.80827302009871782     
        3095 -0.80739805712218782     
        3096 -0.80585245731003230     
        3097 -0.80363723428658151     
        3098 -0.80090343525543806     
        3099 -0.79794696167078982     
        3100 -0.79512043599384807     
        3101 -0.79266198576745206     
        3102 -0.79054675311020783     
        3103 -0.78851040025968222     
        3104 -0.78627002023775383     
        3105 -0.78378961573158579     
        3106 -0.78138371754087410     
        3107 -0.77957872671167483     
        3108 -0.77888626596005617     
        3109 -0.77971787610394894     
        3110 -0.78239685528747560     
        3111 -0.78701934651190830     
        3112 -0.79321065647040467     
        3113 -0.80013721375555114     
        3114 -0.80686337044101675     
        3115 -0.81270287395739294     
        3116 -0.81730225268955969     
        3117 -0.82054169887344930     
        3118 -0.82242810722117643     
        3119 -0.82304689402303022     
        3120 -0.82255575811267267     
        3121 -0.82118891916166303     
        3122 -0.81925165572127900     
        3123 -0.81709336540342647     
        3124 -0.81505154661575274     
        3125 -0.81337437414164704     
        3126 -0.81215236447251626     
        3127 -0.81130172804587886     
        3128 -0.81062326117236905     
        3129 -0.80991318517974265     
        3130 -0.80906723120043367     
        3131 -0.80811931433527462     
        3132 -0.80718496613995316     
        3133 -0.80634317313621984     
        3134 -0.80555800493966923     
        3135 -0.80470377329678167     
        3136 -0.80363789290842336     
        3137 -0.80224638564927464     
        3138 -0.80047235497249247     
        3139 -0.79837924896944046     
        3140 -0.79623863609778389     
        3141 -0.79454660624954854     
        3142 -0.79386224161504171     
        3143 -0.79450596003587681     
        3144 -0.79636270993519009     
        3145 -0.79898965512246956     
        3146 -0.80190284418188917     
        3147 -0.80476987337295303     
        3148 -0.80742300851529469     
        3149 -0.80979022171957893     
        3150 -0.81184596851652346     
        3151 -0.81361810215062635     
        3152 -0.81521733928068729     
        3153 -0.81681722129750933     
        3154 -0.81856020900963078     
        3155 -0.82045769366964383     
        3156 -0.82237225549760085     
        3157 -0.82409158919570658     
        3158 -0.82542143856022854     
        3159 -0.82622507566158054     
        3160 -0.82640367201017573     
        3161 -0.82586877110734969     
        3162 -0.82455350408897976     
        3163 -0.82245901519721321     
        3164 -0.81969917377393664     
        3165 -0.81651183544198536     
        3166 -0.81322150183432740     
        3167 -0.81016518157901396     
        3168 -0.80763289560507612     
        3169 -0.80587823294591587     
        3170 -0.80517104885126156     
        3171 -0.80576048188891514     
        3172 -0.80767009810271484     
        3173 -0.81049444951096206     
        3174 -0.81346901756017898     
        3175 -0.81579343388225778     
        3176 -0.81692005380274491     
        3177 -0.81664436487573278     
        3178 -0.81505908837593599     
        3179 -0.81247790175965351     
        3180 -0.80936860220344031     
        3181 -0.80627402203903309     
        3182 -0.80370008696212802     
        3183 -0.80199779895931012     
        3184 -0.80128932735944491     
        3185 -0.80145784163704648     
        3186 -0.80220560343406833     
        3187 -0.80317735133871881     
        3188 -0.80409275423530646     
        3189 -0.80480208445426282     
        3190 -0.80524556918083434     
        3191 -0.80539087628595352     
        3192 -0.80523608534177638     
        3193 -0.80488164223298642     
        3194 -0.80457937978405425     
        3195 -0.80466038890098524     
        3196 -0.80535996853366310     
        3197 -0.80669112971984913     
        3198 -0.80848281709313041     
        3199 -0.81051804071699329     
        3200 -0.81262725026627280     
        3201 -0.81468789247739937     
        3202 -0.81658186873810401     
        3203 -0.81817540038091507     
        3204 -0.81934819395861191     
        3205 -0.82004963768852790     
        3206 -0.82033446352694273     
        3207 -0.82034995409017197     
        3208 -0.82027755440251271     
        3209 -0.82024831569354206     
        3210 -0.82026662424521590     
        3211 -0.82019528122171226     
        3212 -0.81983418443217360     
        3213 -0.81904353552421094     
        3214 -0.81781240749305617     
        3215 -0.81623272043743000     
        3216 -0.81443915853040794     
        3217 -0.81258988210612637     
        3218 -0.81089102649414768     
        3219 -0.80961351164492068     
        3220 -0.80903924725665144     
        3221 -0.80930304299736333     
        3222 -0.81023239532289337     
        3223 -0.81139159733932498     
        3224 -0.81233826605850190     
        3225 -0.81284504222898712     
        3226 -0.81292770884689058     
        3227 -0.81275073296148981     
        3228 -0.81253505315027064     
        3229 -0.81249163218448606     
        3230 -0.81272574217081273     
        3231 -0.81313005226776847     
        3232 -0.81339918207303075     
        3233 -0.81322223531533444     
        3234 -0.81252685890480825     
        3235 -0.81160685489110318     
        3236 -0.81100977587005352     
        3237 -0.81113805457114341     
        3238 -0.81184940156872587     
        3239 -0.81255082412899637     
        3240 -0.81269055560555858     
        3241 -0.81207063287017778     
        3242 -0.81080735891632116     
        3243 -0.80916076068443055     
        3244 -0.80740424321061355     
        3245 -0.80576937669483406     
        3246 -0.80444848633063615     
        3247 -0.80362494014523378     
        3248 -0.80349821507420505     
        3249 -0.80427871513226101     
        3250 -0.80614042156081700     
        3251 -0.80914415036149467     
        3252 -0.81316086259934772     
        3253 -0.81782841968315778     
        3254 -0.82257792673887253     
        3255 -0.82675098048127105     
        3256 -0.82978835140059726     
        3257 -0.83142893416008523     
        3258 -0.83182186807724678     
        3259 -0.83143799484999836     
        3260 -0.83076646868743509     
        3261 -0.83000479733324595     
        3262 -0.82899974943020183     
        3263 -0.82745743160132945     
        3264 -0.82524524177625702     
        3265 -0.82260343153714477     
        3266 -0.82013868449474148     
        3267 -0.81854874195781036     
        3268 -0.81819394515941679     
        3269 -0.81884782920832411     
        3270 -0.81987150889962568     
        3271 -0.82061030750803465     
        3272 -0.82063795561497399     
        3273 -0.81975229176953135     
        3274 -0.81787675077937660     
        3275 -0.81502992865399648     
        3276 -0.81140329173880221     
        3277 -0.80746089769226104     
        3278 -0.80392540620281916     
        3279 -0.80157467221310919     
        3280 -0.80091709069163430     
        3281 -0.80194934248358374     
        3282 -0.80417340845039265     
        3283 -0.80682782423296684     
        3284 -0.80913325426642779     
        3285 -0.81045767032443838     
        3286 -0.81043911440764371     
        3287 -0.80907899252247761     
        3288 -0.80674920881708800     
        3289 -0.80407590494242953     
        3290 -0.80175897945478070     
        3291 -0.80041704446598283     
        3292 -0.80044838189457301     
        3293 -0.80187127862601693     
        3294 -0.80426077969668164     
        3295 -0.80690575716190160     
        3296 -0.80908934098223229     
        3297 -0.81031474573755535     
        3298 -0.81042782840371097     
        3299 -0.80966283501520686     
        3300 -0.80858363558296731     
        3301 -0.80786717360187843     
        3302 -0.80800188371249426     
        3303 -0.80909401902712297     
        3304 -0.81087152331188705     
        3305 -0.81281001358204907     
        3306 -0.81430617522469828     
        3307 -0.81487870837299992     
        3308 -0.81436841695163287     
        3309 -0.81306926208757024     
        3310 -0.81167542766086942     
        3311 -0.81095845366654895     
        3312 -0.81132504773770475     
        3313 -0.81261893976609600     
        3314 -0.81430541818195845     
        3315 -0.81580841334445109     
        3316 -0.81676243340170274     
        3317 -0.81711116731560918     
        3318 -0.81705917168613595     
        3319 -0.81691483721674141     
        3320 -0.81692299889104691     
        3321 -0.81719576521543158     
        3322 -0.81775620345358013     
        3323 -0.81861362244009872     
        3324 -0.81978743502226192     
        3325 -0.82125198106220965     
        3326 -0.82284373793739907     
        3327 -0.82421555712272254     
        3328 -0.82490271813557792     
        3329 -0.82448696628162010     
        3330 -0.82277252202810325     
        3331 -0.81987742211660142     
        3332 -0.81619764046263610     
        3333 -0.81227049363151060     
        3334 -0.80860863905799785     
        3335 -0.80557572236533470     
        3336 -0.80334222577283465     
        3337 -0.80192046189828325     
        3338 -0.80124624160159275     
        3339 -0.80125318175612459     
        3340 -0.80188677693144628     
        3341 -0.80304851777487052     
        3342 -0.80451798875120883     
        3343 -0.80592908498510807     
        3344 -0.80685039461957264     
        3345 -0.80696200481407088     
        3346 -0.80625765517868897     
        3347 -0.80512688406550514     
        3348 -0.80415319192317125     
        3349 -0.80371752341210856     
        3350 -0.80381782370422805     
        3351 -0.80423954411837373     
        3352 -0.80474635248767057     
        3353 -0.80511707723389747     
        3354 -0.80517169443639303     
        3355 -0.80486112134171017     
        3356 -0.80430290482381495     
        3357 -0.80367830983885014     
        3358 -0.80307704989410200     
        3359 -0.80243276099842065     
        3360 -0.80159890909922404     
        3361 -0.80049337853819447     
        3362 -0.79919106658124073     
        3363 -0.79788770108445217     
        3364 -0.79677011971263867     
        3365 -0.79592171431220782     
        3366 -0.79535072792563244     
        3367 -0.79507918987878445     
        3368 -0.79516806212878266     
        3369 -0.79565898812433911     
        3370 -0.79651828996215046     
        3371 -0.79763820440455913     
        3372 -0.79887798316345693     
        3373 -0.80011603880576554     
        3374 -0.80129200110319332     
        3375 -0.80239617906940564     
        3376 -0.80337884784525881     
        3377 -0.80405769768256774     
        3378 -0.80416181106866347     
        3379 -0.80350181574628110     
        3380 -0.80210333645932941     
        3381 -0.80021233139084336     
        3382 -0.79822011227218537     
        3383 -0.79656580274785815     
        3384 -0.79562144961368131     
        3385 -0.79557341889333599     
        3386 -0.79636706568678495     
        3387 -0.79777291915920723     
        3388 -0.79953061152597948     
        3389 -0.80144244248453889     
        3390 -0.80334498925198694     
        3391 -0.80502496683121771     
        3392 -0.80620226176219412     
        3393 -0.80663352779394060     
        3394 -0.80627580303243296     
        3395 -0.80539924632939675     
        3396 -0.80459255625167525     
        3397 -0.80460623185116453     
        3398 -0.80588855555769123     
        3399 -0.80805721305445677     
        3400 -0.81005965682621295     
        3401 -0.81098192459031926     
        3402 -0.81061868752446165     
        3403 -0.80941854003719860     
        3404 -0.80803787686831741     
        3405 -0.80691363126197679     
        3406 -0.80616325449428483     
        3407 -0.80573108889118406     
        3408 -0.80550172989605751     
        3409 -0.80531135687775679     
        3410 -0.80495254088815338     
        3411 -0.80422171988064017     
        3412 -0.80298680311335047     
        3413 -0.80124020573389843     
        3414 -0.79911236792847617     
        3415 -0.79683682230775721     
        3416 -0.79468017534133051     
        3417 -0.79287457338998513     
        3418 -0.79159616413854261     
        3419 -0.79098197695750416     
        3420 -0.79110046765886455     
        3421 -0.79185728895219343     
        3422 -0.79297241377317607     
        3423 -0.79407390663976574     
        3424 -0.79476985662081934     
        3425 -0.79466758312112606     
        3426 -0.79343969669356351     
        3427 -0.79095883408859402     
        3428 -0.78744597878344869     
        3429 -0.78355700037032627     
        3430 -0.78026377946645198     
        3431 -0.77843574144884053     
        3432 -0.77835491653052813     
        3433 -0.77960940332156148     
        3434 -0.78144865657715257     
        3435 -0.78322185942306310     
        3436 -0.78457744732433476     
        3437 -0.78542622689256059     
        3438 -0.78581544020615468     
        3439 -0.78582769149395870     
        3440 -0.78556701806305362     
        3441 -0.78522898009509090     
        3442 -0.78514604419947664     
        3443 -0.78568702571500670     
        3444 -0.78705952988168404     
        3445 -0.78920417137418519     
        3446 -0.79185332922728746     
        3447 -0.79464709930888577     
        3448 -0.79722282765047425     
        3449 -0.79929289720949859     
        3450 -0.80071268566301423     
        3451 -0.80150741263729919     
        3452 -0.80184709118184605     
        3453 -0.80197407743148585     
        3454 -0.80208461428877009     
        3455 -0.80221674825409794     
        3456 -0.80225865975465660     
        3457 -0.80210558219270078     
        3458 -0.80181592296812476     
        3459 -0.80160201887507587     
        3460 -0.80166567374891318     
        3461 -0.80203965378238407     
        3462 -0.80256017869465102     
        3463 -0.80295494139907897     
        3464 -0.80296594476365701     
        3465 -0.80245351694474154     
        3466 -0.80145523244038619     
        3467 -0.80018424430113810     
        3468 -0.79896267147782085     
        3469 -0.79810468268414536     
        3470 -0.79779895757627040     
        3471 -0.79806549888232514     
        3472 -0.79882049546081257     
        3473 -0.79998487048569544     
        3474 -0.80153264489411125     
        3475 -0.80345300309262813     
        3476 -0.80569584873998701     
        3477 -0.80815983838309180     
        3478 -0.81070179360315286     
        3479 -0.81313936278159005     
        3480 -0.81527245795563164     
        3481 -0.81694099250214036     
        3482 -0.81808313908189456     
        3483 -0.81873975435517909     
        3484 -0.81898716800551974     
        3485 -0.81884012247386950     
        3486 -0.81820600275457778     
        3487 -0.81695180792901789     
        3488 -0.81506778966576787     
        3489 -0.81282494408518247     
        3490 -0.81078471952592435     
        3491 -0.80956677472339511     
        3492 -0.80948453588041835     
        3493 -0.81037208309537034     
        3494 -0.81175091810586053     
        3495 -0.81310531216841797     
        3496 -0.81404204294352245     
        3497 -0.81433826157346312     
        3498 -0.81393697229709505     
        3499 -0.81290182817535728     
        3500 -0.81133423790511594     
        3501 -0.80928172128342180     
        3502 -0.80669239813102001     
        3503 -0.80347717662363827     
        3504 -0.79969130506211161     
        3505 -0.79572822422353540     
        3506 -0.79228513262159950     
        3507 -0.78995124241402592     
        3508 -0.78874536914096538     
        3509 -0.78815929271427865     
        3510 -0.78764825958894069     
        3511 -0.78702862909249793     
        3512 -0.78654495585516671     
        3513 -0.78669165074130876     
        3514 -0.78790236546696013     
        3515 -0.79026720324168531     
        3516 -0.79347404856889003     
        3517 -0.79700071950936258     
        3518 -0.80038260776778269     
        3519 -0.80337464932434688     
        3520 -0.80594180603548682     
        3521 -0.80813611655970519     
        3522 -0.80999731495434502     
        3523 -0.81154552286516690     
        3524 -0.81279635992196486     
        3525 -0.81374259601647991     
        3526 -0.81435430776386020     
        3527 -0.81465443832827211     
        3528 -0.81483785384488638     
        3529 -0.81529836376476006     
        3530 -0.81641167260674574     
        3531 -0.81818062265222846     
        3532 -0.82014125084534661     
        3533 -0.82165615624782384     
        3534 -0.82224561396798967     
        3535 -0.82169565825659840     
        3536 -0.82002077433695086     
        3537 -0.81743396613548758     
        3538 -0.81437655065677661     
        3539 -0.81156084390108052     
        3540 -0.80986663214424448     
        3541 -0.80993647532344881     
        3542 -0.81169349116340550     
        3543 -0.81435866152727143     
        3544 -0.81702977974856716     
        3545 -0.81916891866777897     
        3546 -0.82062019284298082     
        3547 -0.82138547423862474     
        3548 -0.82146627026360597     
        3549 -0.82085041498687328     
        3550 -0.81956771041273702     
        3551 -0.81773045044770420     
        3552 -0.81552796255100268     
        3553 -0.81319155872642479     
        3554 -0.81096401438826671     
        3555 -0.80907212356386571     
        3556 -0.80765094095089207     
        3557 -0.80663212661756467     
        3558 -0.80576023396769647     
        3559 -0.80481681779388969     
        3560 -0.80384981852745963     
        3561 -0.80316932303133426     
        3562 -0.80311925804695605     
        3563 -0.80384149605757560     
        3564 -0.80522471675702978     
        3565 -0.80702569663066770     
        3566 -0.80901017525839147     
        3567 -0.81101303153509330     
        3568 -0.81292779776210222     
        3569 -0.81467404781076569     
        3570 -0.81618258848791636     
        3571 -0.81741336857399816     
        3572 -0.81838818180989947     
        3573 -0.81919992778199435     
        3574 -0.81997674567757650     
        3575 -0.82081779715578351     
        3576 -0.82174172551575986     
        3577 -0.82267240536231423     
        3578 -0.82346042721623880     
        3579 -0.82393301254215867     
        3580 -0.82397318920522855     
        3581 -0.82362095798634938     
        3582 -0.82313208432793938     
        3583 -0.82286245680290127     
        3584 -0.82295685658636919     
        3585 -0.82313935814562622     
        3586 -0.82289447871283716     
        3587 -0.82185442780692342     
        3588 -0.82003738326869446     
        3589 -0.81783988458296486     
        3590 -0.81584814853707632     
        3591 -0.81455990929084887     
        3592 -0.81417116147205293     
        3593 -0.81458003399578871     
        3594 -0.81555005600154828     
        3595 -0.81681831919005687     
        3596 -0.81807963380470106     
        3597 -0.81899401763332580     
        3598 -0.81935345643917168     
        3599 -0.81932049559589404     
        3600 -0.81944671817021075     
        3601 -0.82030420723840736     
        3602 -0.82201355484568073     
        3603 -0.82414239122303767     
        3604 -0.82603380333430954     
        3605 -0.82722153817072386     
        3606 -0.82766105718948746     
        3607 -0.82771787309170231     
        3608 -0.82795458330906602     
        3609 -0.82880947407305094     
        3610 -0.83033113325516705     
        3611 -0.83216086514306753     
        3612 -0.83378449633934115     
        3613 -0.83482347517501732     
        3614 -0.83515009598616330     
        3615 -0.83483325710022127     
        3616 -0.83402630861946425     
        3617 -0.83286904693871278     
        3618 -0.83143476615644085     
        3619 -0.82973752621231567     
        3620 -0.82777820221702725     
        3621 -0.82557531101182347     
        3622 -0.82315312458469758     
        3623 -0.82052585877479212     
        3624 -0.81776197200217271     
        3625 -0.81514075147776233     
        3626 -0.81314980759420441     
        3627 -0.81202673154073035     
        3628 -0.81130222793775164     
        3629 -0.81012607733261566     
        3630 -0.80798972392542956     
        3631 -0.80502001279281210     
        3632 -0.80180363939021793     
        3633 -0.79903442423952908     
        3634 -0.79717057806744307     
        3635 -0.79625555414010174     
        3636 -0.79599623538211994     
        3637 -0.79602909427979018     
        3638 -0.79618677066025112     
        3639 -0.79659760609345043     
        3640 -0.79756335129789069     
        3641 -0.79932051777077473     
        3642 -0.80189772428976125     
        3643 -0.80516689837503452     
        3644 -0.80896359159230768     
        3645 -0.81313433454268869     
        3646 -0.81752638986729187     
        3647 -0.82201636086323149     
        3648 -0.82659439569133231     
        3649 -0.83138810776457994     
        3650 -0.83650699792259042     
        3651 -0.84181645169878394     
        3652 -0.84692322151351529     
        3653 -0.85141159377062792     
        3654 -0.85506627636519639     
        3655 -0.85789837854162154     
        3656 -0.86001518846941227     
        3657 -0.86146190843338577     
        3658 -0.86214411085804799     
        3659 -0.86186466540805995     
        3660 -0.86043198953042443     
        3661 -0.85777861975839209     
        3662 -0.85405953723253347     
        3663 -0.84969912195954833     
        3664 -0.84533031299720562     
        3665 -0.84159683016118592     
        3666 -0.83891071586668542     
        3667 -0.83733716677486736     
        3668 -0.83666781065418283     
        3669 -0.83659221553240670     
        3670 -0.83685218691737784     
        3671 -0.83730668407150655     
        3672 -0.83789428141192868     
        3673 -0.83854631084994002     
        3674 -0.83912220253990999     
        3675 -0.83940273296984602     
        3676 -0.83914471141859592     
        3677 -0.83817345712240809     
        3678 -0.83645650269455429     
        3679 -0.83410571053710036     
        3680 -0.83132541430647144     
        3681 -0.82839947897459132     
        3682 -0.82574412103184003     
        3683 -0.82387629363441017     
        3684 -0.82317245255037008     
        3685 -0.82361303540561026     
        3686 -0.82484148989940143     
        3687 -0.82648004537185560     
        3688 -0.82834170243463967     
        3689 -0.83039129051795779     
        3690 -0.83259799757531983     
        3691 -0.83483963707145614     
        3692 -0.83689938285102117     
        3693 -0.83852595132516305     
        3694 -0.83951942902925325     
        3695 -0.83980717457434162     
        3696 -0.83948637118165403     
        3697 -0.83883466783837080     
        3698 -0.83828945939996458     
        3699 -0.83836389495007946     
        3700 -0.83947616406589010     
        3701 -0.84174713724197125     
        3702 -0.84489861368026276     
        3703 -0.84836099074569937     
        3704 -0.85155536702952528     
        3705 -0.85416909341241931     
        3706 -0.85624663529907996     
        3707 -0.85806254131614990     
        3708 -0.85988705781861108     
        3709 -0.86180660241262841     
        3710 -0.86370704243481555     
        3711 -0.86540406608777176     
        3712 -0.86678529197765597     
        3713 -0.86781676473599700     
        3714 -0.86843896223406825     
        3715 -0.86857500979466196     
        3716 -0.86829803649725346     
        3717 -0.86783390358260803     
        3718 -0.86728589646994669     
        3719 -0.86650086238145230     
        3720 -0.86529019204973590     
        3721 -0.86366555247392185     
        3722 -0.86184126924281734     
        3723 -0.86010323867152827     
        3724 -0.85869468807386451     
        3725 -0.85776475928671292     
        3726 -0.85735902307424816     
        3727 -0.85741741328952326     
        3728 -0.85777196648744691     
        3729 -0.85817592920181884     
        3730 -0.85838490519135213     
        3731 -0.85824812976476850     
        3732 -0.85774283523776984     
        3733 -0.85693866203626667     
        3734 -0.85594155928803839     
        3735 -0.85486468090923462     
        3736 -0.85382613102182237     
        3737 -0.85294201360643496     
        3738 -0.85230364651565138     
        3739 -0.85195772618144794     
        3740 -0.85190231858054721     
        3741 -0.85209217474277821     
        3742 -0.85244822490849292     
        3743 -0.85287973332152589     
        3744 -0.85331574335171545     
        3745 -0.85371673233973167     
        3746 -0.85404331369788378     
        3747 -0.85420310410745870     
        3748 -0.85403322103908330     
        3749 -0.85335601923264770     
        3750 -0.85208753684309868     
        3751 -0.85032951123517486     
        3752 -0.84836120795522385     
        3753 -0.84649771768088133     
        3754 -0.84491857095160838     
        3755 -0.84364240159547965     
        3756 -0.84264997326726798     
        3757 -0.84196928356574041     
        3758 -0.84163030767847480     
        3759 -0.84159530904562729     
        3760 -0.84178054389199308     
        3761 -0.84214173819825289     
        3762 -0.84271436333945815     
        3763 -0.84356310216695773     
        3764 -0.84471165718983210     
        3765 -0.84613930597619291     
        3766 -0.84783468670377360     
        3767 -0.84982763668313965     
        3768 -0.85215062087964122     
        3769 -0.85475392609028933     
        3770 -0.85744955509484844     
        3771 -0.85994903162380165     
        3772 -0.86197554410635424     
        3773 -0.86335150953865891     
        3774 -0.86398971382226064     
        3775 -0.86382195030074227     
        3776 -0.86276532842314035     
        3777 -0.86077705780324054     
        3778 -0.85794920425674903     
        3779 -0.85455677531797281     
        3780 -0.85102312496055843     
        3781 -0.84782595472120648     
        3782 -0.84537857047377873     
        3783 -0.84391506339423250     
        3784 -0.84342189648968369     
        3785 -0.84365299620058287     
        3786 -0.84421872389058294     
        3787 -0.84470018411774661     
        3788 -0.84475138055739707     
        3789 -0.84417976013349783     
        3790 -0.84299823186460709     
        3791 -0.84141185135633545     
        3792 -0.83970325160218429     
        3793 -0.83806187186461734     
        3794 -0.83649782596001965     
        3795 -0.83492723482301989     
        3796 -0.83332049759069260     
        3797 -0.83172656553555679     
        3798 -0.83015375247571033     
        3799 -0.82850089067438215     
        3800 -0.82668683450584279     
        3801 -0.82486108010279191     
        3802 -0.82342860206186408     
        3803 -0.82279020124691771     
        3804 -0.82303278125548307     
        3805 -0.82391079333329964     
        3806 -0.82512988433450396     
        3807 -0.82660474525718963     
        3808 -0.82845895492317168     
        3809 -0.83083898637041831     
        3810 -0.83374622485646044     
        3811 -0.83700302980489649     
        3812 -0.84032831101339955     
        3813 -0.84344106313849176     
        3814 -0.84613757097015674     
        3815 -0.84832762706027098     
        3816 -0.85003426677341576     
        3817 -0.85136686545973772     
        3818 -0.85247075847319931     
        3819 -0.85345841556556634     
        3820 -0.85434556597969158     
        3821 -0.85502510460425585     
        3822 -0.85528784046573625     
        3823 -0.85487570056055862     
        3824 -0.85356705574187552     
        3825 -0.85129129830719596     
        3826 -0.84821250468394793     
        3827 -0.84468599168841119     
        3828 -0.84107800111621567     
        3829 -0.83759469275629705     
        3830 -0.83429380169666123     
        3831 -0.83126923488358606     
        3832 -0.82878633318340134     
        3833 -0.82715775921215973     
        3834 -0.82646793786941530     
        3835 -0.82649833898480551     
        3836 -0.82694169532401451     
        3837 -0.82762147806364816     
        3838 -0.82852010736705750     
        3839 -0.82968416523116695     
        3840 -0.83112986626446839     
        3841 -0.83281093731796640     
        3842 -0.83465386454672341     
        3843 -0.83659569169925907     
        3844 -0.83855077514968124     
        3845 -0.84035073163778762     
        3846 -0.84176036298933199     
        3847 -0.84256395017998265     
        3848 -0.84263418695914105     
        3849 -0.84195041884812649     
        3850 -0.84059530213872069     
        3851 -0.83875125337530843     
        3852 -0.83669911951766662     
        3853 -0.83481871207836145     
        3854 -0.83356917477023273     
        3855 -0.83338979788275791     
        3856 -0.83449928432212350     
        3857 -0.83672175497634693     
        3858 -0.83951860512850118     
        3859 -0.84220287737063826     
        3860 -0.84414575649177537     
        3861 -0.84487931292450036     
        3862 -0.84413783678113097     
        3863 -0.84188170758921832     
        3864 -0.83829243786959062     
        3865 -0.83371157321452383     
        3866 -0.82854221994786414     
        3867 -0.82319814853596918     
        3868 -0.81817833929808692     
        3869 -0.81414749350978588     
        3870 -0.81171735250417476     
        3871 -0.81100217959347765     
        3872 -0.81157419870208136     
        3873 -0.81287658557545917     
        3874 -0.81447142057897948     
        3875 -0.81600110539912496     
        3876 -0.81716657037424179     
        3877 -0.81776107272141818     
        3878 -0.81764160533333063     
        3879 -0.81676443735816828     
        3880 -0.81536314601785387     
        3881 -0.81395151683223566     
        3882 -0.81301189564773313     
        3883 -0.81272342847532186     
        3884 -0.81299077836021771     
        3885 -0.81362481320453772     
        3886 -0.81448334468886263     
        3887 -0.81555492230617010     
        3888 -0.81696214839485759     
        3889 -0.81881972173452688     
        3890 -0.82105853467375622     
        3891 -0.82344154262705582     
        3892 -0.82576588400965611     
        3893 -0.82802581482879811     
        3894 -0.83039875508892880     
        3895 -0.83309811494203545     
        3896 -0.83621959713228711     
        3897 -0.83968837821012010     
        3898 -0.84331644497157265     
        3899 -0.84688366390545489     
        3900 -0.85016764096686781     
        3901 -0.85293411131245223     
        3902 -0.85494850181394499     
        3903 -0.85603273601891339     
        3904 -0.85613869846772594     
        3905 -0.85539322246571359     
        3906 -0.85408617383673002     
        3907 -0.85259293651114154     
        3908 -0.85124524585225769     
        3909 -0.85020381916841459     
        3910 -0.84942267481519429     
        3911 -0.84874379535883748     
        3912 -0.84803432191557537     
        3913 -0.84724245840901657     
        3914 -0.84635183547046655     
        3915 -0.84531671264720798     
        3916 -0.84405743887849238     
        3917 -0.84252042486998568     
        3918 -0.84074526341709110     
        3919 -0.83888848811713868     
        3920 -0.83720343715236445     
        3921 -0.83599815312202408     
        3922 -0.83556123205622046     
        3923 -0.83604373849413371     
        3924 -0.83735398378973702     
        3925 -0.83914149298078833     
        3926 -0.84086678109211188     
        3927 -0.84192044650655451     
        3928 -0.84180191597534715     
        3929 -0.84033200082144299     
        3930 -0.83777077910825060     
        3931 -0.83472231364691962     
        3932 -0.83185873939510868     
        3933 -0.82965037734028191     
        3934 -0.82828380620724196     
        3935 -0.82776691790173285     
        3936 -0.82806776231130153     
        3937 -0.82916169185198541     
        3938 -0.83098069445440315     
        3939 -0.83333911982962239     
        3940 -0.83590909485331855     
        3941 -0.83826892434524225     
        3942 -0.84000337780009871     
        3943 -0.84081348599013461     
        3944 -0.84058012598845000     
        3945 -0.83933194954144374     
        3946 -0.83713654829221040     
        3947 -0.83402747438902602     
        3948 -0.83004725774467725     
        3949 -0.82533014641111579     
        3950 -0.82011402946403511     
        3951 -0.81472802828455249     
        3952 -0.80966604944774168     
        3953 -0.80568456527040366     
        3954 -0.80369671580387470     
        3955 -0.80433034386592284     
        3956 -0.80743119474675396     
        3957 -0.81206459540595655     
        3958 -0.81705368783621957     
        3959 -0.82146732583441884     
        3960 -0.82472699699413887     
        3961 -0.82652091167017805     
        3962 -0.82675605641496075     
        3963 -0.82557890142986812     
        3964 -0.82339580429368808     
        3965 -0.82082903369208660     
        3966 -0.81855574409744203     
        3967 -0.81704330460206220     
        3968 -0.81634483255042978     
        3969 -0.81615189029523449     
        3970 -0.81608252930519920     
        3971 -0.81599748691571061     
        3972 -0.81618131646065506     
        3973 -0.81729136847328343     
        3974 -0.81999633722456067     
        3975 -0.82445010429496712     
        3976 -0.83005632200401913     
        3977 -0.83578064784719941     
        3978 -0.84068509927547297     
        3979 -0.84424146274380496     
        3980 -0.84635333139981295     
        3981 -0.84723872001524414     
        3982 -0.84727372482947316     
        3983 -0.84683031019881416     
        3984 -0.84615860674598098     
        3985 -0.84537144478624693     
        3986 -0.84451282944929640     
        3987 -0.84362382195767638     
        3988 -0.84275280963181043     
        3989 -0.84192550986350601     
        3990 -0.84111901843207282     
        3991 -0.84026989731980184     
        3992 -0.83932040924891771     
        3993 -0.83828328832804400     
        3994 -0.83728607737142524     
        3995 -0.83655216524257103     
        3996 -0.83630068051874396     
        3997 -0.83660723532597081     
        3998 -0.83731941712822888     
        3999 -0.83808848411047043     
        4000 -0.83848853578546212     
